-5.938976139777180085e-01
-8.673701306757084506e-01
-6.474185747041757977e-02
-6.585790450384378936e-01
1.945985851650818277e-01
4.260557877095749180e-01
7.472285527396821392e-02
7.940225601832241742e-02
7.185448585625769935e-01
6.043435966392008973e-01
3.855128438515380562e-01
6.473926573656988738e-03
-1.920047331065959373e-01
1.642430566832689676e-01
4.574211536166394865e-01
8.338472648121930675e-01
2.837235116154002146e-01
-6.658058288938777380e-01
-1.062085063805437608e-02
6.816458331666821469e-01
-5.070890264821709126e-01
5.644977121881054050e-01
-7.462183934070702740e-02
6.275277678288825323e-01
-2.838095357120910545e-01
-6.221957970877785016e-01
9.467831492237105406e-01
-1.499507257583373721e-01
3.053097219910020366e-01
-6.889983073567123029e-01
-6.168067378249568744e-01
-6.050088678549161436e-01
6.364541409405281014e-01
4.328508140676027849e-01
1.064367466617778674e-01
1.830176129551531194e-01
-4.510840578769100828e-01
8.157898292455052491e-01
3.016416613332771890e-01
4.051969729362726036e-01
-7.872617432358806067e-01
-2.862272301792523899e-01
2.650749113306844623e-02
1.661349618042422815e-01
6.716060164736661342e-01
-1.075557592894941794e-01
3.660588819106155856e-01
2.193506747747451247e-01
4.130488333172446236e-01
-8.581194902292200999e-02
6.581383859497302868e-01
-7.886069012074793383e-01
-9.132107208069150106e-01
5.833779341342484326e-01
-1.691419443636243691e-01
8.084217234628825466e-01
5.479582578131157039e-02
6.085683692678831580e-01
-3.772919880908500723e-01
1.756628810163849141e-01
8.104523558357785706e-01
2.805196868651502196e-01
5.665536529861810999e-01
5.193002105659513257e-01
-1.021704371972271125e-01
-9.442282411693379007e-01
5.737628424231555613e-01
-5.140285677406156717e-01
-2.601540290023940383e-01
-8.831642984156907739e-01
-3.473909658748349782e-01
-3.797981158470519203e-01
6.928244235489001701e-01
7.750990445537649931e-01
-8.881908747693944006e-01
-7.486626025184405231e-01
4.823235349055061683e-01
-4.381569422192754804e-01
-4.388027483352195390e-01
7.453724251911432175e-01
3.723419068573275981e-01
-4.371623026722201710e-01
-2.968457624035037434e-01
-8.150168223766035558e-01
6.310425263640699611e-02
-3.351139161762665131e-01
4.303776799361959116e-01
4.664726881801722902e-01
7.117365055273300323e-01
8.823249449045783566e-01
-7.321971664884665554e-01
-1.265389614312248112e-01
4.936650885152519819e-01
-3.237966843141124595e-01
-8.557554866652372638e-01
5.838553282597874761e-02
2.741959997182466524e-01
-3.909394394386526694e-01
6.276552213707432548e-01
2.734180427826354842e-01
4.973595517594927573e-01
7.831274297931346828e-02
-1.726458612381156221e-01
1.073719439251142604e-01
1.265228596538888195e-01
-2.814023981093736748e-01
-2.978175411755555890e-01
2.958568734107524523e-01
-3.696782922108975411e-01
1.201412820738705367e-01
6.197461011477537612e-02
1.460790922585895601e-01
-3.271180394835483951e-01
-3.627165951538885436e-01
-9.569909518677180982e-01
4.683509079297885624e-01
-5.312131922585904276e-01
3.463383476971617497e-02
7.753329436624384341e-01
4.225900437146140054e-01
9.504876857662628575e-01
-6.366392977234476280e-01
9.501142234425606903e-01
-9.627984834508400702e-01
-3.970794673930028162e-01
1.719407743975184533e-01
2.575833976196816311e-01
-1.617594273187398790e-01
4.498867525853223470e-01
4.571925915787760641e-01
-3.239820428076649605e-01
7.213186992914970563e-01
8.774539363599568320e-01
5.349331445655501893e-01
-7.770858060689441738e-01
-2.560137963266004291e-01
-9.734361551715459138e-01
6.094641505063057574e-01
-1.246073051105770074e-01
1.435938268354474134e-01
9.044912980071738717e-01
-4.753086831878569618e-01
-9.222839990153869349e-01
-4.257311457519053627e-02
-4.971235979929515825e-01
1.327774594872858649e-01
5.822187125584606104e-02
-5.668977395221620474e-01
8.072783370158788385e-02
6.214250621865400337e-01
6.897923447299126876e-01
2.444763718812477948e-01
-5.611526090410921819e-02
-5.985852937528799433e-01
7.043334597798127650e-01
6.823462619082640845e-01
-6.378943442472059244e-01
7.381617830218571985e-01
7.325453758291143869e-01
2.976150023614816953e-01
-4.377673093316706843e-01
4.660584238577314409e-01
-6.877124636260517621e-01
8.974258711726623705e-01
-1.588566614807045418e-01
8.484653137395135047e-01
3.841714388890177245e-02
4.182584492658229514e-01
8.935803572124546568e-01
-2.157987650407533486e-01
-1.994870607496739556e-01
-3.574802592576678539e-01
-6.775378892729495561e-01
-9.245178349438977206e-01
-3.826254114857535749e-01
-7.591516286472443920e-01
2.814533452836437410e-01
-9.491728820729459226e-01
-3.675943457739723752e-01
4.314263460151994689e-01
4.523385650993731466e-01
6.750266568284736257e-01
-8.365286756700747173e-01
6.042046649152436055e-01
7.676350195521247644e-01
3.184945223259481595e-01
-7.469362752455258048e-02
3.154949907600519965e-01
3.626587978463475248e-01
-1.707474227764295416e-01
-3.368473866047898557e-01
-2.597935808791102530e-01
8.893993707098352131e-01
7.333517181334922030e-01
-1.363637405414388493e-01
-4.781391524369147383e-01
-2.551118136409747383e-01
-6.782327137654343696e-01
6.621317404435771159e-02
1.753334871058803424e-01
-6.480299199220155293e-01
3.564947914690517750e-01
-7.936043443344016346e-01
-2.045044242180650007e-01
-5.377315006201759395e-01
4.196459727578721322e-01
-6.733578670736331540e-02
-2.217652712770956935e-01
-3.423305959571154578e-01
7.129344849772561998e-02
-2.489164123684860785e-01
6.200632188450631022e-01
2.438010039451862093e-02
5.311510875142179122e-01
-7.344236467647243805e-01
1.119099600944804818e-01
-5.204560824505364280e-01
2.872239191070544706e-01
7.992591155056751884e-01
5.424584398257222828e-01
-2.938145380575619137e-01
-4.997887828288241630e-01
5.671096121638709020e-01
-4.058464868739414255e-01
5.629631863233166555e-01
7.264643012403770861e-01
5.914957778763411111e-01
-5.633833531088767721e-01
7.782694135122443235e-01
-1.917460470137423434e-01
-4.867317376245326455e-01
-1.126711020517030815e-01
4.933223802149780957e-01
-1.044057109402380806e-01
-1.054166903620192171e-02
-6.793364617834973807e-01
-6.870270138514216196e-01
7.077797070260652967e-01
2.654827266866233160e-01
9.454938180663046143e-01
1.106938156738349333e-01
9.286111699719258317e-01
7.213655561693878004e-01
8.288897853600537546e-01
8.722729464334882943e-01
7.001297116640545215e-02
-5.667498176874521398e-01
1.770167769300327043e-01
-2.629184361312302820e-01
-1.069747617944317025e-01
-5.006854369568712881e-01
-1.241442152809091592e-01
5.263629037916879305e-01
-9.581017413331653632e-02
2.345567942908810821e-01
-7.839228077821459584e-01
8.541519620369057708e-02
4.903737476085629488e-01
-6.429908668937731608e-01
6.461445197885488101e-01
3.170771028657881629e-01
-7.827488173511012448e-01
-1.005755638913233968e-01
2.100327085222065612e-02
-7.453129657753138071e-01
