5.792248474210796028e-01
1.907215049251833050e-01
-1.123199398587090142e-01
-3.408520695485518504e-01
4.234323205209200580e-01
4.200233866174546971e-01
-2.403275344676356895e-01
4.833226283058656425e-01
4.804887769429744826e-01
1.111591017368407375e-01
-4.054980927642548028e-01
-1.812308967227477807e-01
2.780503984490738101e-01
7.102734613315356826e-01
8.512163679254729498e-01
6.631977974589431390e-01
8.316803814880195933e-01
-6.509762225001318736e-01
-3.102731806806688364e-02
-3.666527409353002587e-01
3.726610417616076920e-01
-6.687761645956741274e-02
-3.621983970122399921e-01
-2.012100410154019636e-01
-2.897322986113549659e-01
5.037600891851485851e-01
5.541652362685652866e-01
-6.513059544620126706e-01
-4.011436541703022884e-02
5.640523533811165890e-01
3.722010817525074344e-01
3.172846472759466852e-01
2.245851436242705113e-01
-1.379697819412222803e-01
4.603174251720578702e-01
1.950019070675416410e-01
-4.995703896846302450e-01
-2.490296853986208592e-01
5.408043640590668444e-01
-6.179735576639778794e-01
-4.452011353926061954e-01
3.941280709501364665e-01
4.060075219167811333e-01
1.232946113199841348e-01
-2.101100093206280384e-01
-6.065074555574594406e-01
-4.251003416231179943e-01
3.755743378573433433e-01
-1.484792049441908957e-01
-2.300045691866261233e-01
1.725760067653650531e-01
-1.104201834442438690e-01
2.190657032362887113e-01
1.584604919727529426e-01
-4.900997229217330386e-01
3.813449359625508128e-01
4.968323407596970664e-01
-4.910961689380902162e-01
-2.655236419868314823e-01
3.951988761563521857e-01
4.090580759014089685e-01
-6.783255940310120025e-01
-2.183419681181175687e-01
6.788149297402236160e-01
-3.462434056677714533e-01
1.793441903780037816e-01
-4.597023557480783840e-01
-4.458990807156931191e-01
5.827117376580904784e-01
-1.827993883506796036e-01
5.336801680896259281e-01
-1.378584082826458390e-01
-2.954975885565075955e-01
-9.836073010869070266e-02
5.022293199506094874e-01
3.390964246056757947e-01
7.045660867459017096e-01
1.363575660591350158e-01
6.418369300027114699e-01
6.473972349408737559e-01
6.445876211491595731e-01
-7.725668743268224170e-02
2.998019033989794413e-01
-3.525326864749204203e-01
3.672434977190499050e-01
3.300592000107926971e-01
-2.951794053259094164e-01
-2.745217435733581235e-01
4.465593445089158231e-02
-2.056588099232593003e-01
5.554149282182536673e-01
6.786881615183160132e-01
-5.179493666724944712e-01
-1.156227412069895100e-01
-5.146382676390079958e-01
4.214987984098594875e-01
1.961990625519900999e-01
6.315551660112569410e-01
2.781927436683722110e-01
5.095275789409197120e-01
3.725134064118857946e-01
2.458919712179154504e-01
4.850057421062370366e-02
-6.200414520999505408e-01
-4.318133486565282619e-01
-2.836539516039382480e-01
3.243345038987487938e-01
4.592576441819415933e-01
5.226434484240858325e-01
-5.796464741639266727e-01
1.972877835872601793e-01
2.021674569406653466e-01
3.914358814186745805e-01
7.740736711118975100e-01
1.887827404749178317e-01
-6.371428949261429553e-01
2.087627799383867389e-01
3.543251595992744085e-01
-6.247366778294158873e-01
-1.894830940452229551e-01
-1.365693869857018961e-01
-2.554576300443273107e-01
-8.834462450396568522e-02
2.530175523123765480e-01
-1.342351783733386483e-01
-3.336198606323583782e-01
2.506455335232152803e-01
-4.807295500191619553e-01
2.842126871903878915e-01
-5.440647608500887022e-01
1.588904969184168070e-01
4.860699605503557841e-01
4.480493034344362746e-01
6.116166101824693779e-04
1.153121186835152495e-01
-4.824625395187095642e-03
1.360281816607331606e-01
-8.240944520223458802e-01
-1.172572511670214590e-01
2.300447140013876790e-01
7.601767632852296508e-02
2.729710337912184537e-01
-3.522030226349254223e-01
9.018585654938438001e-02
-3.105147335879769876e-01
3.943154486811557002e-01
2.226206363847738900e-01
4.152870962076304351e-01
-2.657826198953254782e-01
6.289468311458817906e-01
2.856754597883572888e-01
3.553137510221623385e-01
2.966391819014235209e-01
9.268299829477161245e-02
4.174695833971309722e-01
5.917571173018553177e-01
-4.739720060321657713e-01
4.030816526281607581e-01
6.212654207407483087e-01
-3.444379831635255296e-01
7.196030198840088765e-01
4.787366470843847921e-01
6.328391356497459208e-01
4.856975348476751941e-01
3.180342715409181786e-01
7.409793829723482217e-03
3.330455860130609458e-01
1.931168187454826435e-01
1.444445018686461302e-01
-6.700543617021215148e-01
-2.174920641937907462e-01
2.293420792427887656e-01
-8.556379989758373661e-01
-3.541923866986789182e-01
5.674500385279601655e-01
-7.996897785327193864e-01
-6.008651180325825791e-01
5.441752571242740311e-02
-4.752849366942266118e-01
2.570689829805048454e-01
-4.418921128484563643e-01
3.050341354353910267e-02
-1.545818153341558393e-02
2.112423351408193040e-01
2.304777647357878767e-01
1.146709350624345869e-01
1.501937668560828221e-01
2.917950675240658098e-01
8.494864326529000254e-01
4.660789025774533800e-01
7.348733696900362489e-01
6.845377859224738293e-02
5.225101023393634581e-01
-1.836031995111803844e-02
4.582312509793087241e-01
7.184722264823814042e-01
8.463675656375985179e-03
1.762843561924283819e-01
-6.624807822748635111e-02
8.048878863394269556e-02
-5.409297818452786233e-01
-1.725296304059312225e-01
-7.311050237259669737e-01
-5.143944713744298403e-01
-6.218958005733163930e-01
-4.811712049429431870e-01
6.504164501023633749e-01
4.278660756348340866e-01
-1.799983204271127513e-01
-4.314659038506264421e-01
-7.017904343964713465e-02
6.275090754316591246e-01
3.503280126855540244e-01
4.933718382540844272e-01
3.372143085481048297e-02
3.653280369018150342e-01
-5.138903649595593093e-01
-3.545332727349903013e-01
3.001185284762371008e-01
1.356085783421609181e-01
7.410534402407252530e-02
-5.453264245346987060e-01
3.707768374098067699e-01
2.204425189670686791e-01
-1.979825724062279080e-01
-2.405486582813164964e-01
5.122192014095836576e-01
-3.835547263676410967e-01
5.805823245159962287e-01
1.566783908222974808e-01
-7.378741352696451816e-01
-5.363970536181736914e-01
5.276877924724788782e-01
-2.628554429483744292e-01
-2.960393273404114400e-01
-5.473939653158541585e-01
-2.559517881293374986e-01
4.595251206395110921e-02
-3.847623571409407583e-01
9.218072483955923324e-02
2.801386905344429960e-03
6.287598748716912711e-01
6.557778422206379521e-01
-4.809237168657415906e-01
3.137537691878098389e-01
-5.981657194354023099e-01
2.781606447240443925e-01
-1.000000000000000000e+00
2.526936166572854026e-01
1.595325231967380797e-01
-4.843237027864772393e-01
-3.439089627936391946e-01
3.238245553870001125e-01
5.495460938713423449e-01
-3.428076322872209425e-01
-2.669389802207957629e-01
-3.747812046000673636e-01
-1.210690532413571663e-01
-1.256014877518902284e-01
-1.113524564422720409e-01
-5.950749970993170213e-02
5.540747861313355394e-01
-4.489087481963716653e-01
-1.668282256198080349e-01
-1.342910900492186865e-01
