1.327247140650871654e-02
-1.035062366735555080e-02
-2.181843108845958057e-01
9.561293923821187479e-02
-7.772890901835027844e-02
7.202649255902775216e-02
-5.384475122704124317e-02
5.146639496436625216e-02
-2.218411456189080810e-01
1.575744348254210225e-01
-2.546301185710374559e-01
1.113641625398615470e-01
-2.589569781897008705e-01
-1.824556263215076357e-01
-4.361432911089991871e-01
4.551665117130368476e-02
2.248153203578391948e-02
-2.896706173132575918e-02
-5.311525569156681087e-02
5.006735554967219753e-02
-1.020641703599191041e-01
-2.253668840695944031e-01
3.526693227774483491e-02
1.357578413843807050e-02
-4.174346075544154572e-02
2.428605389034241002e-01
-5.562047222119225615e-02
-9.496255286114438365e-02
2.392925291588300640e-01
-3.481778918898943420e-01
6.563440593005159807e-02
7.220752111552659613e-01
-1.810792102610225551e-01
9.191394501364127945e-02
5.112996416125970001e-02
-4.690247917226175178e-01
4.218956107400620437e-02
2.322436335120259543e-01
3.958101105579318185e-02
-5.232361552837225954e-02
9.847218060897817982e-02
-5.581488700026739080e-02
-2.048542909182228533e-01
-6.844888181660527260e-02
-5.049047232718336872e-03
-6.264802981972997231e-02
3.668891989995853864e-01
2.033171293692551396e-01
-2.625882878983868407e-01
-1.741102343041739942e-01
-2.666428220458591514e-01
3.569397607859594590e-01
9.685865762192605311e-02
-1.100241615175275578e-01
1.044735599043649377e-01
-6.245924049348281458e-03
-2.449176633245732718e-02
-1.149919524598620874e-01
3.579551888160338868e-01
1.289478516210788572e-01
3.229181738626970555e-01
-2.144706372941531936e-01
1.734675384464037518e-01
2.712155020937289662e-01
-5.216514764265839377e-01
1.746448031794320677e-01
-3.825873238873724880e-01
-1.020456889540829193e-01
-1.631430565132749033e-01
6.773998473144278443e-02
8.132559522321428092e-02
-2.918127350002623355e-01
-2.048902631771942207e-01
1.192659641727370351e-01
-5.492043521451575594e-02
5.244324602330508595e-02
-1.198961055330215048e-01
1.073685400205088847e-01
-8.574924985156134882e-02
2.366090610097340563e-01
4.099510202505243089e-02
-2.149009967904022544e-01
6.572418053434814222e-02
2.077687008012986392e-02
2.927743765068308024e-02
-3.561238527632919482e-01
2.827634416935124739e-01
2.611132185268920103e-01
-4.574439045271358473e-02
3.639057481938284128e-02
2.970290413911144678e-01
-3.830562917657781823e-03
-1.920809133362899324e-01
-1.197960560569315824e-01
1.760225541346597394e-02
-1.685161137912451548e-02
-7.230218139942928834e-02
3.954949266331627689e-01
2.375850365619120164e-01
2.092844927303941921e-02
8.492819683556371638e-03
-1.141826619718930985e-04
-1.587363115047761009e-01
-2.801855815535999050e-01
-1.504349695114800267e-01
7.479560950857234991e-02
3.257777996902578299e-01
4.564372511076553174e-02
3.864337812166375175e-01
-5.909266955982706016e-01
2.578621588630603534e-01
-1.218367051787340033e-01
4.513881839765790938e-01
4.942658592119041350e-01
3.820664344378642552e-01
-5.794789286023090957e-01
1.142080156523256618e-01
5.357768864395042741e-01
-6.972200563416529606e-01
-3.764123531295940350e-01
4.196678376632047014e-01
-5.141118360504759455e-01
1.049459470353488189e-01
1.866761433380567103e-01
-2.757147696950154603e-01
-6.224300203225811012e-01
1.950167594673474780e-01
-3.935036552717394165e-01
2.998214152356115658e-01
-8.466518552723231172e-01
2.435935991871715778e-01
4.142713934997002689e-01
6.681923244442834475e-01
-1.177548303591632178e-01
3.047809668028642061e-01
-3.161222789299780733e-02
5.942262106283128231e-01
-8.749138637455678991e-01
3.536031211629105803e-02
5.212572946805964502e-01
2.081736151601367435e-01
7.874015185758682644e-01
-2.926302905284050015e-01
-8.188465980484924828e-04
-3.414436563244376277e-01
6.726377618550495319e-01
4.633337292736273288e-02
4.419517134133345571e-01
-5.348640882518963802e-02
6.582242217210935165e-01
5.488249736402302931e-02
4.106612517755895975e-01
4.078868140348826943e-01
2.082137628256425510e-01
5.615489691040964626e-02
7.963373625516244614e-01
-4.127430126808795396e-01
3.914987167202030882e-01
6.834808975150516996e-01
-2.315541976608112840e-01
6.430219920615070084e-01
3.471322591650288780e-01
5.509413356041076293e-01
6.925094000155601615e-02
3.609267181056276530e-01
1.049738557356315674e-02
3.685566080181512105e-01
2.473458134322973900e-01
-2.807189041645765104e-01
-7.723579323029814425e-01
-1.789640804646253081e-01
3.388484211900779641e-01
-7.132767962009467499e-01
-7.908971571766556519e-01
7.830355336058031357e-01
-6.475188433971709179e-01
-6.853667693042722053e-01
1.108952020408726924e-01
-4.650642936980501352e-01
1.778058635289407607e-01
-5.625002859968624147e-01
1.074733748725315852e-01
2.001078574996977000e-02
1.414097360548738636e-01
3.181637921365070287e-01
2.624163955365872436e-01
6.013561285363580033e-01
9.716214703476742931e-02
4.765235568956922019e-01
4.306280133975813329e-01
7.487854425655862123e-01
-2.668912013906156733e-01
4.105231200220612608e-01
-2.960252505902896125e-01
3.812896801377770317e-01
6.449137697582368878e-01
3.022131779624701586e-01
2.170020902267136564e-01
3.167324669982564400e-02
6.937925592171767519e-01
-3.609566717723732276e-01
-3.794829562367083575e-01
-6.973436640319000679e-01
-6.931949958310538173e-01
-4.169071003049982238e-01
-2.336709054260251162e-01
5.799638661277521923e-01
4.004296312857132945e-01
-2.474953522244844328e-01
-4.507969608836598363e-01
-1.232301351858201555e-01
7.178227052754567739e-01
5.925570342721404593e-01
6.925528031769322412e-01
3.995566542552679568e-02
3.936613242611216035e-01
-4.407713583952882486e-01
1.453682286257802492e-01
-2.518490532488747852e-02
-5.592046220132590451e-02
2.721446731887154358e-01
-5.621220434089267970e-01
3.933676195278505427e-01
3.773909694209618415e-01
-2.112608324640401491e-01
-2.461193359996944885e-01
4.486347303808625453e-01
-3.385481773947984219e-01
5.330544626828270793e-01
1.056738059674761608e-02
-6.030556086603721111e-01
-6.267691958497186855e-01
5.070585508839983158e-01
4.049085921698237223e-01
-2.896672002084782482e-01
-2.838997684387465914e-01
-2.759356456939954794e-01
-3.029153964553195355e-02
-3.967620584764384173e-01
8.774899011943769478e-02
1.044170571929957519e-01
4.948638026756553843e-01
5.900611484700822862e-01
-6.145017766355655997e-01
-3.624204404449793415e-02
-5.330680124858925284e-01
-1.290292384588128671e-01
-7.518329123115162771e-01
4.442905274100263924e-01
-4.096170274826368973e-01
-1.317113048629686423e-01
2.492124165310913575e-01
-1.109502310727396301e-01
7.832286281305818054e-01
7.653147674366391762e-01
3.116429363232062558e-02
-2.484467321216340674e-01
-3.360217718312810686e-01
1.523132638551030205e-01
-7.554851416554667076e-02
-7.024236257725190447e-01
-1.199633633772740210e-01
5.628788674177028772e-01
-1.468856446333560162e-01
-1.910406715694010493e-01
