-8.128274886578548131e-01
3.665917654228575961e-01
2.651787136277589108e-02
-4.347917393843192535e-01
-1.401959769354586272e-01
-2.798231503433663003e-01
8.547251587172688403e-01
-2.040856707325957031e-01
4.965867672396933052e-01
1.596114074405118322e-01
4.601629753035672843e-02
2.523274845226313248e-02
-3.729377652166320223e-01
-6.811000209743137690e-01
1.220314101632023057e-02
-1.916011505496921230e-01
-8.961113858106281027e-01
2.516124000985650588e-01
4.388896452444641244e-02
8.337410415603514757e-02
-1.586122811627359297e-01
9.093720166596176435e-01
7.031333227994412960e-01
-6.296348860137331860e-01
-4.857819073536091548e-01
1.928636452901258957e-01
-3.406737205317732498e-01
1.073439069068911067e-01
2.420571310133583232e-02
-2.541746896995021321e-01
5.911916184978201205e-02
-2.075135699325368899e-01
2.337298155748934181e-01
-4.504562435595874104e-01
7.776046442783819401e-01
-2.837434798728161733e-01
-7.834721119974191739e-02
2.020161314160748567e-01
-1.936869940212220809e-01
8.037840556616957510e-01
-2.658330530420298654e-01
-1.555645734335268093e-01
5.991894678424390941e-01
1.778773736171036235e-01
-1.075020362813052244e-01
-2.872411910267641533e-01
6.969718966472991939e-01
-7.401573311071052430e-02
-1.858637288683288591e-01
-6.019174178131483366e-01
-1.877004091212063353e-01
-3.153955250120743514e-01
6.450244859684733933e-02
4.408330502819219898e-01
-1.158309919218600548e-01
3.379047593115019898e-01
1.467824705346080782e-01
1.866204818354284464e-02
4.801673996628994662e-02
2.714570039572538063e-01
6.947524872579100563e-01
-3.235258043734373645e-01
7.883082533914477219e-01
5.012574222603057850e-01
6.944171497084090927e-02
-4.723371290023078983e-02
8.859122307300978591e-03
1.530550386226997572e-01
-3.629285240245968547e-01
-1.080160376305050324e-01
4.823837921443885901e-01
-2.087050024252654623e-01
-2.736202566150030546e-01
2.875804412917087882e-01
-3.028456432318755165e-01
-5.193618733806777410e-01
6.121312038428751157e-01
5.714691141182937084e-01
5.208896446191461083e-01
3.238667170374393001e-01
6.888846687399515778e-01
-2.175978715556209087e-01
-4.966819078577207613e-01
7.974529962794545401e-01
7.100895417811590171e-01
-2.145402466738086655e-01
5.275168158333025659e-01
-2.116994635191132290e-01
7.029226676867753598e-01
3.669201808629565797e-02
-3.819052896337828962e-01
-3.229800801139623978e-01
-9.856430285176287498e-02
-2.237921578559740055e-01
-5.488351071528949632e-01
3.886491599604440794e-01
-1.276754938618863688e-01
-2.355774548638102650e-01
-4.448513507128792899e-02
6.722973874033852382e-02
5.846018425461452228e-01
-3.534403789740137025e-01
5.426093723615796893e-01
3.579368306643624376e-01
-3.072428415703192806e-01
-4.323331316964286741e-01
-1.510872661626943281e-01
-2.458026143591011126e-01
4.106295431664728213e-01
-2.748870396146154138e-01
5.640550752953409352e-01
-4.661944097179530067e-01
8.044102810042755847e-01
-3.526879126543889797e-01
-3.660356403646830570e-01
5.981843166919432742e-01
6.154404245622969727e-01
3.431984868120601107e-01
8.523625342163265728e-02
2.421649925965968786e-01
-6.348169963382075398e-01
3.296843473887129949e-01
-1.035528803485891158e-01
2.535199756167548224e-01
-3.214221579522387739e-01
2.075615500749017350e-01
-4.636915065166784533e-01
1.528062638501169745e-01
-6.702994044089879422e-01
-7.289436328117916697e-02
-3.920872206607952659e-01
5.772258860971463124e-01
5.605330992628111408e-01
-7.638065791760726420e-01
3.587527039796731959e-03
-2.643914132594382682e-01
1.792913393960948176e-01
1.654704870042393583e-02
5.376959029879639917e-01
7.674175189483247728e-01
-2.119746387311676195e-01
-3.805793829024342045e-01
-8.426605127389726890e-01
6.925150162725112191e-01
-1.714015086425681178e-01
5.675006687931673233e-02
-4.085808563165022056e-01
2.075707801989661594e-01
-5.817820659385306570e-01
-7.688459598239938408e-01
-5.963812214647943311e-01
6.773263834834979402e-01
-3.691464558650806582e-01
5.358729248825593316e-01
1.958822965504199987e-01
-1.462908087780954991e-01
-7.619372472925741713e-01
3.093190933582019575e-01
5.682734843158089300e-01
-6.477895602364939220e-01
3.173552681062764003e-01
1.000000000000000000e+00
-6.047895654798144394e-01
3.994568811104868833e-01
5.609064145258615408e-01
4.151460091141133679e-01
5.869689389194154838e-01
4.068494530067330861e-01
5.335781467744640238e-01
1.138018578195358621e-01
6.234218655618941618e-01
-8.224546618049677349e-01
5.093038881066782597e-01
-2.075808394985993455e-01
-7.322872828108981658e-01
-2.002668941052059837e-01
4.056152583283114677e-01
-3.083788151871687533e-01
5.520115202425436296e-01
4.233519432939109040e-02
1.852682698937527794e-01
5.548691984436122659e-01
-2.816221022595098433e-01
-6.633061947137858239e-01
3.666250879929778272e-01
-4.562528466063132254e-03
1.978140567132276872e-01
2.314616118800051359e-01
-2.170975961512477403e-01
-2.396347290558481780e-01
4.900608795232642978e-02
-7.348123184413789533e-01
2.262586795387258598e-01
-6.398346665255600675e-03
-6.415446713794196176e-01
-9.848282192900888188e-02
-3.206006800870543905e-01
-5.650027688178013152e-01
5.497181275190080041e-02
-1.714412123341202687e-01
-4.605379715634889126e-01
3.403277068219448531e-01
-5.583809983997320980e-01
5.574597383390057503e-01
-1.670372515178419337e-01
3.614688792769855108e-01
3.177488349003190216e-01
2.524829838412803173e-01
6.044066160846409130e-02
5.622280489471270792e-02
-5.714953418031916144e-01
-8.613150303809744002e-02
-1.180953981285504523e-01
6.049292780972740369e-01
3.888527973368587354e-01
-1.530072857551535714e-01
-7.019293792957490563e-01
1.339318137123740593e-02
-7.422406604946616415e-01
-4.689425193865686681e-01
-3.459611998842625491e-01
1.080461953958874732e-01
1.000000000000000000e+00
3.427092068283736914e-01
9.815892138306148151e-01
3.515098229000149233e-01
5.624240779238637300e-01
6.544850060891556076e-01
-3.187527099735626424e-01
3.472066584106934806e-01
-1.755771635903570216e-01
2.375686013583530598e-01
2.547155852732648218e-01
9.230924236843506270e-01
8.419412397536482073e-01
7.251601124460704817e-01
-2.564969927363899838e-01
8.264083238280580668e-01
7.934374664197026972e-01
-2.133557860545861329e-01
8.149635370578901528e-01
6.661488887022172511e-02
1.796330324652418153e-01
-8.725279886395428397e-01
6.718938693276769181e-01
1.328742522479420089e-02
1.581307731329029964e-01
-2.202630323184067151e-01
-3.441470581623460312e-01
-2.744265756859601835e-01
-2.473076839881668265e-01
6.916559360527627653e-01
3.420543486984475856e-02
5.348788569867805043e-01
6.283695644513984657e-01
-5.319089280980138223e-01
-4.207716406698595035e-01
-5.525234941327237248e-01
5.331872117270483047e-01
-2.327680872230196707e-01
1.321485199291125567e-01
-8.771330032161472889e-01
-2.015117261738075816e-01
-3.562050012421092982e-01
-6.493102489676384481e-01
