-8.094736525750910461e-02
-3.432293299453215707e-01
4.527064310864066243e-01
6.265597750412995603e-01
-5.094236551953594816e-01
-5.205619924102680152e-01
2.410443513578802155e-01
-2.328055257228381913e-01
3.156343420903526820e-01
-2.060867639917064453e-01
-6.012475134913724401e-02
8.823316884968326890e-02
3.707975028187414090e-01
-2.880034978067103624e-01
2.674306742240614709e-01
-1.891900340253221402e-01
-4.797412425536600744e-01
-4.765351018114045711e-01
-2.294650247414440347e-01
1.562730428755425560e-01
-3.627618728195494135e-01
-1.314170165206268448e-01
7.002630500641673916e-02
-2.337437296428830080e-01
-4.493503287068073559e-01
1.073667504905383985e-01
-5.804307614392212322e-01
-4.126664161471901848e-01
-2.436319547393412666e-01
-1.615718384208905956e-01
-3.352071508990678295e-01
3.201545730430301051e-02
3.718156552860460429e-02
-1.450726364994265605e-01
-2.501144585190121505e-01
-1.681738562737105924e-01
3.485949916677521521e-01
-4.646442370054587045e-01
-4.383187911575737727e-01
4.499019901788060549e-01
7.740192227805270386e-01
-7.588035352165487524e-01
-9.003318763462461738e-02
-1.523732471518425557e-01
2.036811426243505529e-01
-4.008657621516060199e-01
3.675389041398022805e-01
-3.567523226272679981e-02
-2.549680632496752475e-01
-3.462612150046104897e-01
4.517721713183103782e-02
2.443304639197570738e-01
-8.518315488294898874e-02
4.392513367483856235e-01
-3.639210569673800300e-01
8.693399180902628975e-01
6.187342347180374569e-01
3.799854294352010831e-01
-3.736721928345819732e-01
-4.929616281285873480e-01
2.158267553243087000e-01
-6.664676283670013801e-02
9.861650109958272625e-02
6.777425022112297526e-02
-1.763172288076394756e-01
2.719288024601129727e-01
2.178774132060898039e-01
4.899101319261803811e-01
3.749119860851536368e-01
-4.431260224858136754e-01
-4.859997779304281451e-02
-2.042392086051959266e-01
1.394127685941616568e-01
1.512632638619855474e-01
2.465978461894558771e-01
-9.813371458077697895e-02
-8.195328433668923329e-02
-1.492288292169777209e-01
-1.962532090924059835e-01
2.527721356579724216e-02
2.688836694681847606e-01
2.172381043474565510e-01
-2.337863589515341567e-01
4.835386363750451277e-01
-5.665705333510445696e-01
2.252137449902216204e-01
-2.279648497057806533e-01
-1.617444371925597091e-02
-3.514990462232939206e-01
-1.661289661264660211e-01
-4.582882614877523131e-01
-7.204437216138713518e-02
-3.021066372722299165e-01
-2.234851266066578690e-01
7.028751445736906855e-02
-2.147908927654396949e-01
-1.014800890178938625e-01
-3.101070173585392942e-01
2.405969283050110041e-01
4.433859756753187886e-01
-1.394044564836063038e-01
5.023669081244211965e-01
-4.760993371779178446e-02
-3.766936555872601455e-01
-2.060783343458566230e-01
-2.750775297582109258e-01
-1.456314856911556377e-01
2.241772117853821703e-03
2.367527231431142964e-01
-3.469206747753119102e-01
-3.017320375955525047e-01
-4.876196011185451318e-01
-3.999888943176200806e-01
-2.014816949047569528e-01
-1.138136432758614508e-01
-1.787173897938936773e-01
-2.198778295027254137e-01
-3.070404938033076681e-01
-3.925592823718863089e-01
5.152253181303896312e-01
3.243435905319655421e-01
2.724174173141802324e-01
-6.021302659379600131e-02
-3.051615291755689907e-01
2.359864337101225396e-01
4.735576459591888665e-01
3.399633582112793762e-01
3.181016484823867008e-01
-4.906061605552340943e-01
-2.335263447304622708e-01
4.070745387458960529e-01
2.955660195013682934e-01
-3.049077644773218188e-01
-1.274485648837447582e-01
4.027120392162689133e-02
3.521232993988949733e-01
1.947994126091745215e-01
9.527481988159976212e-02
2.771752310292140975e-01
-1.013320767609940387e-01
8.064749452570701971e-02
3.141997377579633377e-01
-4.148814133545409288e-01
2.529718050059859974e-02
2.292795772193086390e-01
5.076137768130780659e-01
-4.821962495927665238e-01
1.268818984904665492e-01
3.769369660574201086e-01
1.464111619642098072e-01
-5.534849392331716578e-01
-3.353628356567522339e-01
5.865216728880947444e-02
1.920829540048345219e-01
-4.505181169554550724e-01
-1.187849209083740865e-01
-2.750916655280588596e-01
-3.315500578155606282e-01
-4.368646378594500668e-01
2.949209201289549331e-01
1.801748021570372393e-01
6.324311746056434647e-01
-1.972796563973330253e-01
-2.531490500141740929e-01
9.449752061616075588e-04
-8.175836573820173536e-02
-1.139798690408764664e-01
1.478791887711609632e-01
3.506595701103684126e-01
-2.087836501150315827e-01
-1.297804282589692590e-02
4.157267426508212682e-02
-4.734612090252970917e-01
-1.528777869717058702e-01
-1.747537188440015377e-01
4.094281887547147614e-01
3.900760524602198132e-01
2.596873573180343286e-01
4.163398396390735057e-01
-4.938797156132007093e-01
-5.787627856133455984e-01
1.271991506135452255e-01
5.239817109154353281e-01
-7.432629826838359210e-02
-3.232063221400331421e-01
-2.530963358698252730e-01
-1.431944246440850985e-02
6.365852164526928370e-01
-5.402796300581561018e-02
1.956447898644854133e-01
-3.818118642099393445e-01
2.320303341402305264e-01
5.655098927446728929e-01
-2.678045007667565272e-02
-5.428734398744471390e-01
-1.432233468197198212e-01
-2.494542588233353841e-01
5.702760095160972487e-01
5.830450304490139013e-01
5.050868671589367476e-02
-2.849747360271180918e-01
7.974499265713909102e-01
3.005962230621530007e-01
3.002118715197651388e-01
1.567911651176115972e-01
-1.773667219014352925e-01
-2.101351268793172078e-01
1.088639186602488595e-01
5.885102793733711785e-02
-3.527664135428131842e-01
-2.256921444429567658e-01
4.189401054578342221e-01
-1.203772713830384145e-01
-5.385083605342378954e-01
8.071078719429273240e-01
5.027092916827031743e-01
-5.488085779997551317e-01
2.192755169144866290e-01
6.209467087577437150e-01
-5.216314039166874972e-01
2.540143871450452062e-01
-6.794943441109371207e-01
-1.954307143289288062e-01
7.464585952120798007e-01
6.035823342885737741e-02
-8.795609009438550840e-01
-2.826067276620886637e-01
1.585059032065738449e-01
5.421891150222503120e-01
-5.622077940686932562e-01
-8.436268644393319915e-01
7.608839482851985359e-02
-2.007873396836244995e-01
-3.508947882891862158e-02
1.764941158026116508e-01
-1.002611928244927786e-01
1.654457135762430753e-01
-1.595329852459172193e-02
6.506298732678693353e-02
5.493501525731626228e-02
-2.393614461019026307e-01
6.042560159905637773e-01
3.710638051873198506e-01
2.698972061913523790e-01
2.252665442476265711e-01
-3.905288009536447280e-01
1.997102107635743973e-01
1.401445748820668302e-01
5.542607188676061947e-01
-1.235827157855760861e-01
9.073759670603336047e-02
1.434916218997846493e-01
-5.697833837124168799e-01
9.662220598893725421e-02
5.111979053257124095e-01
1.233131132939036256e-01
-1.266379397619445124e-01
8.193447671658181664e-01
-8.022500174036210074e-01
-1.732952869767145632e-01
-5.543597556407771354e-02
-3.713190711058261262e-01
-1.511786272264938613e-01
3.230197422469462953e-01
-1.170681148825010037e-01
