-3.128611531930273748e-01
-3.143683131931091501e-01
2.205463665657366179e-01
4.222090482037653691e-01
-6.658330896306206004e-01
-4.256387533429648595e-01
-3.093115293222828410e-03
-3.518945421592611922e-02
3.468779315956106446e-01
1.497927031070080683e-01
-2.035556233497622380e-01
3.857414237002409485e-01
1.174493355379904735e-02
-4.502412914201850969e-01
4.742468945290569948e-01
1.044376482486444879e-02
-2.007717416005264932e-01
-2.433979361039669276e-01
-6.901473028501485807e-01
6.454598125783436169e-01
-2.424753690143932050e-01
4.431358764177046883e-01
1.799662773462045173e-01
8.277519769178572073e-03
-3.272641222327865584e-01
4.784165110999170079e-01
-6.988420075119605723e-01
-2.298133132878956153e-01
-3.611173996185686880e-02
2.726057384690427909e-01
-1.962506335279906589e-01
-3.391718753233841643e-01
1.148468260127871177e-01
5.599520263817621135e-01
-2.011921291864642858e-01
-2.147824325094953579e-01
-1.704532154961890256e-01
-2.519687474908587910e-01
-1.000000000000000000e+00
7.412200606575576334e-01
7.425613076797163981e-01
-8.905085702270145731e-01
6.576440601370678318e-02
-1.866321881657663218e-01
7.166268374393203189e-01
-8.645453859531704310e-01
6.126756315481374227e-01
-5.262866944910755684e-01
-4.874205532238354288e-01
-1.735896964598988568e-01
-1.465957018416721436e-01
5.736941384721627735e-01
6.818118052861520395e-01
1.826492212457739850e-01
-4.739263162931515727e-01
9.100790432820298204e-01
4.760448688695289032e-01
3.886086203733080113e-02
-1.320764961173575835e-01
-4.897449697002962954e-01
-2.960954045488892183e-02
1.618212067454227743e-01
-1.105460270756542240e-01
1.109209739016297769e-01
-5.481411308288485218e-01
-1.128142067703327978e-01
-3.912748310056805567e-01
2.742923296761895502e-01
3.601765097435917218e-01
-3.716957398789259570e-01
-1.982360844443170622e-01
-2.611030038147394983e-01
1.239269217242724708e-01
2.154810261245875269e-01
1.620127307307413916e-02
2.936433285737486409e-01
-1.186949547479234646e-01
-2.390206623287537413e-01
-3.967338070810033090e-01
2.382285624597872409e-01
-4.428758852522669820e-02
-3.525181888530573016e-01
3.034235936960775204e-01
3.909252503597987483e-02
-3.928183303391894476e-01
3.195699516454437727e-01
-3.073551238113166328e-01
-1.053248687836459696e-01
-2.419060223691008038e-02
-1.160385270646334815e-01
-3.461887765808079331e-01
-2.560375257988929398e-01
-3.359688687509446714e-01
-1.019770088824314691e-01
-3.311909109002617591e-01
-1.050771341287511651e-01
1.188575262288902035e-01
-1.520128449173317464e-01
2.354675307559553621e-01
-3.074328288576433452e-03
-2.276788553568013795e-01
2.372562986096604376e-01
2.126922823824103082e-01
6.249609229183648862e-02
1.271334972358220683e-01
-3.855315224585085243e-01
1.977832003811120787e-01
-2.852865252503651305e-01
4.446574374178766664e-01
-3.743716875064658223e-01
-3.027815949652720162e-01
-2.031791422971179484e-01
-2.637129081643344586e-01
9.251696073461590508e-02
-1.999354047486418817e-01
3.358465667943505983e-01
-3.935982198035321566e-01
-3.167389445692316285e-01
-5.698163433352466667e-01
4.421201754344609158e-01
1.378981667232726527e-01
3.270011114413345910e-01
2.998599192618020548e-01
-7.201633724620165600e-02
3.348687646034317900e-01
4.803427592487332642e-01
1.082108869790195382e-01
-1.392748600536002912e-01
-3.894303756302108233e-01
3.452618028042866438e-01
-7.510362692550963219e-03
1.359412701454964512e-01
-1.899265846830739402e-01
4.190684974649735994e-02
-5.313836356441625774e-02
6.940657082886542151e-02
3.965264562275227500e-01
3.773399447152956387e-01
-4.366410569237205719e-02
-1.288780334831344243e-01
3.093993038896244996e-02
3.805451705888962532e-02
-9.927479664968735795e-02
4.318116144594699168e-01
3.266732198125463782e-01
4.943752717833305166e-01
-3.907292122763964537e-01
-3.131052604803543082e-01
5.651380787081343726e-01
3.855932166734311051e-01
-4.485639448634526349e-01
-1.886392873875896437e-01
-3.279799506091520822e-01
3.077243347581213317e-01
-3.408434617857032389e-01
-4.065437884819864123e-02
-1.002709526292568931e-01
-4.892547411337022645e-01
-2.929804463844641327e-01
-1.094365521229951899e-01
3.165340185008642115e-01
3.749945871532865405e-01
1.232335101016920204e-02
9.802871862466144837e-03
3.364996043990157171e-01
-4.199269403104734927e-02
-9.001184025785768927e-02
-2.739667337284530380e-01
3.710107454307534636e-02
2.994332165880574381e-01
-1.395224349926326990e-01
-1.028800369731004416e-01
-3.760618484769722158e-01
2.634462031120921033e-01
-5.941321302157667184e-01
6.131099974958515997e-01
4.594924217247450260e-01
3.899699970290419759e-02
6.200117427703916162e-01
-5.405804004820939923e-01
-7.170609722247135442e-01
3.478201261481088657e-01
1.000000000000000000e+00
1.451699281497343397e-01
-3.562453478544716501e-01
3.201727080359079158e-01
6.087277045127847952e-01
9.722457111401038299e-01
2.795288593268456800e-01
2.730711576986636357e-01
-7.734109292182402839e-01
6.276829681353942592e-01
8.001029939782041689e-01
-2.497090259581553617e-01
-6.933351847603981266e-01
5.356577700923630392e-01
-7.757116174917426665e-01
8.501334826574910020e-01
9.025812275395643791e-01
-1.090506806779309446e-01
-8.599764592769816307e-01
1.000000000000000000e+00
3.687085669383889375e-01
9.258204974738855064e-01
-1.845771918064198491e-01
2.987614883749323824e-01
-9.652569629811664775e-01
-3.378871924974370389e-01
5.315787877706654729e-01
8.711940141257092096e-02
-8.252669027829797610e-01
1.907116934682175913e-01
3.695126578462644140e-01
-4.232052328359883209e-01
8.264812650599360211e-01
5.362975792483166693e-01
-5.536557343400601017e-01
7.209038186188241326e-01
8.026184386887682543e-01
-2.587740681220124239e-01
4.365057355308248344e-01
-4.805523588058273621e-01
-9.917453982881132557e-01
6.140502034759285355e-01
8.534281963301328933e-01
-9.068643390291035722e-01
5.849357884097575178e-02
5.834502955554019543e-01
1.000000000000000000e+00
-3.206878618011383408e-01
-8.045784750584978884e-01
-5.354121665199410574e-01
2.403897285464229316e-01
-2.822343586743388810e-01
3.719845570867930107e-01
-9.075686993169900241e-01
1.390899642183331952e-01
7.412277018594175537e-01
8.085338425428864051e-01
6.180656434056754911e-01
1.054602119481449218e-01
9.718780828481197176e-01
2.307675028373632475e-01
8.977631584159125877e-01
4.766936895934947849e-01
-2.106373673393089618e-01
-4.425705612605447814e-01
-3.808048069083037612e-01
5.222960878867359824e-01
-1.265464729245977804e-01
-2.850952655085059462e-03
-5.317172708130474268e-02
-9.522822826719212763e-01
7.657071086495721435e-01
6.120718203320751893e-01
1.000000000000000000e+00
-6.482613284321832314e-02
7.047248668888419498e-01
-8.827756495267377046e-01
-5.978988185869125171e-01
-4.814841272437520026e-01
-8.657055082833503556e-02
3.263034267651238607e-01
2.034968499703093681e-01
-1.146701199235562463e-01
