-4.014941543360314724e-01
9.760100535879141781e-02
5.055344436062080282e-01
5.019746259923372200e-01
8.802881426785241770e-02
1.760820839214729816e-01
-6.323695226678130443e-02
4.120463719097808286e-02
1.384201836875799396e-01
2.826678140898443783e-02
1.044392291139588508e-01
3.064560461057516116e-01
-3.049372254357050616e-01
4.456882508715486607e-02
-2.601852355270117823e-02
-3.237000475611280237e-01
2.594175027033167047e-01
2.295377018907444056e-01
-2.700909023709365808e-01
1.309661254636723948e-01
1.633937532420748628e-01
-4.304786312548739557e-01
4.708833808536607712e-01
-2.642949364644178734e-01
-3.708484430791201270e-01
3.811376164147901036e-01
-9.860171285889034187e-02
2.879835186676985570e-01
-8.719161097425393026e-02
8.212636569560008426e-02
9.062379454011114388e-02
-2.731112019443763805e-01
-1.173427437090382164e-01
4.800335950420951958e-01
2.960330306537392042e-01
6.513996075839033340e-02
2.790858929359953944e-01
3.863816057263024240e-01
-1.044784291711372132e-01
5.295309861969195175e-01
5.242530389180810602e-01
-5.295122095894576608e-01
-5.044767831573068045e-02
-4.388493114433067444e-04
-4.634946942712409035e-01
3.248403532171437735e-01
-8.875685441409207621e-02
-5.750118159524837402e-01
1.058669442624490288e-02
-1.605936395732099342e-02
7.151131327909975022e-02
-7.335011890475823249e-02
1.733683137778911920e-01
2.647519906363676179e-01
-2.623784176841750249e-01
-4.999911599392823924e-01
-1.519437263689209505e-01
-4.177584047378470750e-02
2.239343012403574584e-01
-2.689260681519084137e-02
-3.649388588999135652e-01
2.690305077587601956e-01
1.797483619353547057e-01
2.222560714851508634e-01
-1.165456811579659718e-01
-8.137511743414942156e-02
-4.850528173007119248e-01
1.091286927793788664e-01
-4.669496562001109186e-01
-4.538766017914215301e-01
-7.363039750800874639e-02
-3.432193032612441130e-01
1.402884954420559882e-01
7.607177325523239997e-02
-9.614121340839253127e-02
1.018823443821685465e-01
2.101496584838758452e-01
2.659176814162096947e-01
-1.758706469323410293e-01
-3.083975893989076011e-01
-2.671262103102792218e-02
6.550578582226608271e-01
-5.636748627326214345e-02
4.183604416784869606e-01
-3.147565345998479258e-01
2.685483639347654439e-01
-3.361283445096097666e-01
1.581014377415583972e-04
-2.406131989464335708e-01
4.429996900017864059e-01
5.026253123005232082e-01
-4.942299054562741822e-02
3.853082435088939217e-01
3.264636668797238350e-01
-1.541409061490903176e-01
-1.205420590538679310e-01
-1.763571396551076309e-01
1.949857495668837482e-01
-1.976708165494312219e-01
-2.150539460553443638e-01
-1.408915794903947971e-01
-2.354669582561051411e-01
-3.492576254172496952e-02
2.420592628897678122e-01
-1.067463390262654993e-01
2.922227605562324193e-01
-6.861941488309995785e-02
-1.195146397737294197e-01
4.632360260044696143e-01
8.543064436803737838e-02
-8.965590687588698149e-02
-4.290255161987406307e-01
5.593663393497766423e-01
8.668068230662390183e-02
4.139976604486649836e-01
5.081175009946177212e-01
-1.126543207955311987e-01
1.427002164738628287e-01
3.130148973727179817e-01
-6.687547586760613783e-01
-1.025699730239296517e-02
1.139811186165470280e-01
2.712676604118716139e-01
4.778360427995506088e-01
1.493687675969773143e-01
-1.376207904311554098e-01
3.615415285320180971e-01
-5.656756045271274513e-02
-3.994593602069580474e-01
1.418052634277779112e-02
3.624566285976080215e-01
-5.206846278870096434e-01
-7.022682886926870371e-02
-5.042481054572902632e-01
1.059385117119613223e-01
6.164700871469364074e-05
-3.481314011201366160e-02
-2.809475192264280774e-01
4.016998626150420915e-01
2.709830792448730818e-01
3.119877705217677932e-01
-2.915187838641247198e-01
-6.305313723757460798e-01
-6.058820735965474158e-02
-1.637044279895960019e-01
-1.797425833390596805e-01
2.775032764612068714e-01
4.018856850744627618e-01
-5.238511717676084256e-01
-3.149546148768626042e-01
1.747179311854935024e-01
3.850927609574857913e-01
6.422010349031970211e-02
6.626759953641156442e-02
-6.418197648187433380e-02
1.714807364160284286e-01
-4.882149292068224677e-01
-6.997246781172350438e-01
-1.124641523831576735e-02
-2.908167324143596799e-01
-2.749117197608245133e-01
1.469451136283912440e-01
-2.722184640133139544e-01
-7.203062483395657190e-02
2.243094259105636867e-01
-3.776183371649197706e-01
5.849624785817244543e-01
2.401307992476687525e-01
-6.742989393692053190e-02
5.458412689717961896e-02
7.031479517943500790e-02
-3.857009918602115617e-01
8.613649831327849227e-02
3.250371622234819458e-01
-2.433589922924336568e-01
4.757943331985215601e-02
-1.000000000000000000e+00
3.717877080090962738e-01
-1.296103816308842860e-01
-6.617568007936201757e-02
1.537578865310729737e-01
5.144449326043654125e-02
-1.656931636946459008e-01
1.839308375497559697e-03
-1.695801276710501848e-01
-3.930566305552528061e-01
1.905259157661425284e-01
9.802299314833563815e-02
2.253167942370528920e-01
1.957811502139861770e-01
4.173095632977071867e-01
-1.896667313355710621e-02
-2.677900180120615023e-02
-2.454681084114581913e-01
-3.759981359830438102e-02
-8.008953855726315407e-02
1.966845898649363378e-01
1.070600059612091259e-01
-2.195886242901158233e-02
-3.102078432550412490e-01
-3.549252551838127934e-02
-1.201698885774347622e-02
-8.036129165966629517e-02
-8.737527386696107567e-03
-2.565986807469224779e-02
-4.050358005862181310e-02
4.161495151280644178e-01
1.492339064287789008e-01
-5.906866558837829684e-02
-2.653003896472119205e-01
-1.890781512652299212e-01
4.196545634021764948e-01
-4.229815569863218938e-01
5.613489893258059027e-01
-8.137417827238732637e-02
3.578822898168844691e-01
-4.066306145713701747e-01
1.749717491170958428e-01
7.516155764535251138e-02
3.097068922342531283e-01
1.773370802211251540e-01
1.097654637155905111e-01
7.517138949975882278e-03
-9.458871619661647634e-02
-5.015635368304784819e-02
-2.393988355333049878e-01
3.340183930979148119e-01
-4.098376545988870467e-01
5.009285275927416459e-01
5.997890729436892165e-01
-3.139196243277627141e-01
-2.321691709080935251e-01
3.921824642929669924e-01
1.551665028286670356e-01
-3.059849764515688852e-02
-2.660589921360729804e-01
-3.879420825814604012e-01
-3.466266865483124127e-01
-1.094395510261821775e-02
4.313828981290800391e-01
-4.238160529100847840e-01
2.734551626890442955e-01
2.523347196613646148e-01
6.759186418723800438e-01
-1.981982420215975538e-01
-1.388850018009956389e-01
-3.384256413246424233e-01
3.834444526073726989e-01
-1.930970126091405836e-01
2.124125252903479311e-01
-5.909393649048562402e-02
-2.127487863977794436e-01
3.355001411341098638e-01
-2.258122927470555541e-01
-1.847636266252853654e-01
-4.193066544325350642e-01
-3.030867574161220102e-01
-3.205860409973231295e-01
-1.340644654012711212e-01
3.055547657908608272e-01
-4.371162121374794762e-01
2.614550663632768668e-01
-3.700385052419668530e-01
5.587106475390251070e-01
4.759489081384294384e-01
