-3.185129606362011589e-01
1.401049439506886485e-01
6.959575440266996260e-01
9.228796660781048988e-01
4.762133984594749680e-01
7.912969899712778421e-01
-3.830760947706683961e-01
6.828687247556558537e-02
1.356852264453209389e-01
-5.453137797918181651e-01
5.029998763568110931e-02
-1.594529138791462852e-01
-6.303955421222624533e-01
3.623397728905830562e-01
-4.012528063814896351e-01
-6.354450345954409940e-01
6.652348331843971341e-01
2.548793689008335139e-01
-5.963772659649532182e-01
1.146178681454259607e-01
5.633939604673705581e-01
-8.483900859131670025e-01
7.140152625044091650e-01
-9.006498469824557596e-01
-6.983448369008726786e-02
4.465573929624857552e-01
-3.591586608390766600e-01
8.940078900489953906e-01
3.980997095149629850e-02
4.950081791079474769e-01
-2.754073602761322181e-01
-2.079672945895567615e-01
-4.914290861818209066e-01
9.914250285353798375e-01
1.343655170535493770e-01
7.161360294488638978e-02
5.214604575746758508e-01
7.438805282640790217e-01
-7.019531187614957979e-02
8.207503584339699287e-01
8.074463570672720802e-01
-5.294129002878782408e-01
1.073818627242260071e-01
-3.045107380583852996e-01
-7.235141832244864624e-01
7.510982347628432088e-01
1.522893925612445187e-02
-6.865393991424331155e-01
2.865793591620963143e-01
1.335234048071751722e-01
5.643242572137123769e-01
-1.966667677326906505e-01
2.613543013465724485e-03
4.180639992980217379e-01
-6.312210490315908196e-01
-8.161075074528640894e-01
6.105809880692441016e-01
3.449288223356266059e-01
9.004230506744541618e-01
-8.040905153871991118e-02
-6.164394616962520779e-01
4.735802712685353022e-01
-7.970536547069901889e-01
5.943540735880117332e-01
-9.024988751301266099e-01
-4.551881283421690405e-01
-7.936316382442454298e-01
-5.702650696042301792e-01
-6.902157276177751655e-01
-9.613248516915982034e-01
4.041874373514991459e-01
-8.572744631780007118e-01
9.586037830482387889e-01
-1.788175368471407456e-01
-3.582591078331851531e-01
7.235721535957366779e-01
4.963160195560452070e-01
5.689678728124696327e-01
4.917254467153486797e-01
-8.063557804618937119e-01
-1.410897755282045640e-01
6.492027877514015000e-01
-7.347071584937123756e-01
8.468610001998138070e-01
-7.495517469159174162e-01
4.497878911515438283e-01
-3.153159294436171933e-01
-9.139256745775173330e-02
-8.730060322915675908e-01
6.952040836993533812e-01
7.293229098366063035e-01
1.863735199992591074e-01
8.130583725647704263e-01
7.737324377782013318e-01
-6.546451708740192998e-01
-1.896145410705125656e-01
-8.837182300555952441e-01
-2.224233385161664689e-01
-8.527222531163869412e-02
5.332348522444831929e-01
-6.453126586734160286e-01
-4.003826944406170263e-01
-6.351498347733721683e-01
-9.979695439636404597e-01
1.746592111707756523e-01
6.625799692185820877e-01
-2.977777851048122315e-01
-5.299688108199565040e-01
-1.857535046019727076e-01
-4.704628257109142453e-01
-2.046388198009627679e-01
-9.370776311403781200e-01
8.483221664158040465e-01
5.531106070461744295e-02
1.360095808203751755e-01
7.809990477937147624e-01
-7.682740402327503659e-02
4.099371285718491631e-01
6.003917347679703642e-01
-9.899496155862679281e-01
2.232866742936883142e-01
6.095214756027189651e-01
6.757583128286999141e-01
4.544458449057711125e-01
4.255493632422975292e-01
5.348013389658312633e-02
2.604547706866588985e-01
-1.691709990811529618e-01
-6.783048517169660840e-01
-2.659371981029077237e-01
3.569854843966682179e-01
-7.219972581631712849e-01
2.589575419987670823e-01
-8.932684098377297044e-01
8.827895773856253570e-02
-2.710983253252019498e-01
1.373614792083996949e-01
-1.875037812853401764e-01
7.633617856320318307e-01
2.433899843596867285e-01
8.052796470527585626e-01
-5.084123162218976422e-01
-1.000000000000000000e+00
-8.548312799766977221e-02
-5.864720115849399174e-02
7.963224554199144212e-02
7.102944940870337120e-01
6.974417249923359208e-01
-6.624348422564849681e-01
-7.323048196216201955e-01
4.022942625173955289e-01
6.963527509217084521e-01
2.747722504256855380e-02
5.741966579240576074e-02
1.144348644271815374e-01
3.726656275561432974e-01
-7.791287784368861047e-01
-9.993915106384063662e-01
5.634975929201285760e-02
-4.664109665966220675e-01
-1.795923759657272467e-01
2.891926768150312466e-01
-8.417262323330617635e-01
-7.499777316419864448e-02
5.109620604249600628e-01
-9.362866448854034740e-01
9.950083952260486697e-01
6.433320290398114594e-03
-1.117232774099214954e-01
-7.078175551765237827e-01
-4.137407314698959837e-01
-6.512741288289293218e-01
7.415795394619533187e-01
9.141878468172366379e-01
-3.616001548017462319e-01
-3.336077272155477669e-01
-5.693070216658853155e-01
5.423697861313649948e-01
-1.867313811797172429e-01
3.314047666288428839e-01
-4.015838260301161089e-01
-1.253145997042512949e-01
-7.911605182593115515e-01
3.282747210886327593e-02
-5.040281429400350621e-01
-9.989399406919621249e-01
7.888546010414625442e-01
3.567629228216915860e-01
-6.255974018003198633e-01
5.282781306117126374e-02
6.150156273499228776e-01
4.775631330170941879e-01
8.968652816401807559e-01
-5.578608819958064124e-01
-2.333968076117765023e-02
1.956455985273488629e-01
4.885633575155132746e-01
4.882182179106149267e-01
6.408953862915236499e-01
-6.867012089334918468e-01
-1.466489751664903363e-01
4.326046821778786744e-01
8.346152324563389513e-01
-1.852052314145045120e-01
7.737551955054926545e-01
1.249407768122607898e-01
4.218534782478446932e-01
8.115685930675780035e-01
7.456712273887362574e-01
-7.724395630060425511e-01
4.089595128202427876e-01
6.355451323494605287e-01
7.862038270133773210e-01
5.197077895719586227e-01
-8.073079405513032825e-01
1.434664057523782343e-01
-8.119488804409413785e-01
6.582801129146493846e-01
-9.494668579116161133e-01
-9.623255801044885427e-01
4.638590539785241162e-01
3.729555509915472022e-02
-9.571492159062833238e-01
8.666517020910686764e-01
-5.407108218542766576e-01
-5.235730639514839524e-01
9.781832904929916861e-01
-5.910989259566592491e-01
4.298172908135540204e-01
8.101574734546388434e-01
-5.870862008040500513e-01
-6.576193919074595495e-01
8.300886481740654688e-02
1.414397087470626868e-01
-3.779239561951033277e-01
9.015398790299620213e-01
-5.625744994501429286e-01
-8.892353019537768688e-01
-1.112779158088474385e-01
4.844899015620500737e-01
-5.271551311551865293e-01
-1.825895040714688999e-01
-2.889732811829990311e-01
9.502177100660040843e-01
1.860940135125941919e-01
3.157725932423818271e-01
6.488576475051559544e-01
-2.936441253088495351e-01
9.163114057510692856e-01
1.282220399817874945e-01
2.187052800008485245e-02
2.627703764582041135e-01
-1.512216109191166780e-01
6.019712671865493636e-01
-5.049501950438235465e-01
5.485101016666524831e-01
2.819947614640017086e-01
-6.088063350871117940e-01
-9.285295855805193455e-01
9.339878162467682987e-01
-9.969162618820275323e-01
5.254221041146339699e-01
4.163729191267755425e-01
3.459353024206972549e-01
8.174115430127062432e-01
