-3.108315521964551409e-01
-3.117038416345808138e-01
2.214407916965671075e-01
4.165477438353099582e-01
-6.642552052300657595e-01
-4.259258290909828104e-01
-4.756451809015187389e-03
-3.301769834610687737e-02
3.449743750749304505e-01
1.474623043362378316e-01
-2.004907488264019433e-01
3.849859068217396652e-01
1.055754431621548466e-02
-4.470745627221464624e-01
4.733029324906780633e-01
8.227450944027664068e-03
-1.981600515327931467e-01
-2.429820953050840227e-01
-6.856113554680476341e-01
6.418373715774616795e-01
-2.401093932123563868e-01
4.375630612185989476e-01
1.791602885256632915e-01
8.830147529757454913e-03
-3.254007344140097957e-01
4.759693674550512510e-01
-6.951170925641821929e-01
-2.287421993990653157e-01
-3.577269232018465833e-02
2.725066000021586499e-01
-1.963398394363503052e-01
-3.396833158007360742e-01
1.154491383379423475e-01
5.558438940805375816e-01
-2.010345407311907029e-01
-2.143035580637651649e-01
-1.735413181383328729e-01
-2.521658682035522459e-01
-9.943865519931304187e-01
7.383211070836064316e-01
7.399207158904378412e-01
-8.849125862662297060e-01
5.754630991388964140e-02
-1.847939085894780564e-01
7.128980731397750459e-01
-8.600312744181136670e-01
6.084777958892851890e-01
-5.224326608333925703e-01
-4.876852026588253119e-01
-1.722849560130428614e-01
-1.483797304623000468e-01
5.731470826441525945e-01
6.770933738380136013e-01
1.826993063273814888e-01
-4.732993671056412444e-01
9.018955669972944511e-01
4.739878567229252049e-01
4.019914357065824950e-02
-1.305085504786026307e-01
-4.905589530616060734e-01
-2.834402458037013975e-02
1.585383118037834160e-01
-1.076344541679352951e-01
1.087758067499566272e-01
-5.480426295408264981e-01
-1.053720436324433046e-01
-3.912650763706019275e-01
2.742102260515445478e-01
3.600569256942675045e-01
-3.716622616524668521e-01
-1.981485323067295745e-01
-2.610466214186012990e-01
1.239386819490549685e-01
2.155363807281154565e-01
1.949591603175875737e-02
2.935801857023296879e-01
-1.190036330664383385e-01
-2.388301714423707589e-01
-3.968196204249880288e-01
2.380870799679809802e-01
-4.444695008029103667e-02
-3.546972283041031071e-01
3.033230669762335130e-01
4.655347286168194654e-02
-3.928547134525293139e-01
3.195797393296125888e-01
-3.073818642372814769e-01
-1.050037014071462937e-01
-2.415260201767968629e-02
-1.159935785454611623e-01
-3.460984372026241762e-01
-2.559510581053751066e-01
-3.359947500570372725e-01
-1.020557590390580027e-01
-3.309961620915654601e-01
-1.050442083974143653e-01
1.189568289665420414e-01
-1.520965752238849222e-01
2.353640103667749839e-01
-3.090043872999690550e-03
-2.281565429043684312e-01
2.233926416209955079e-01
2.045656776361515217e-01
5.446970060752239634e-02
1.391245028476707779e-01
-3.766646079059822738e-01
1.872084499903003407e-01
-2.833175093215115625e-01
4.316104104057699176e-01
-3.711754887681298354e-01
-3.135750254412805194e-01
-2.007982320293220935e-01
-2.569738409353952702e-01
8.999518062062722423e-02
-1.973406059297959092e-01
3.269819510454261002e-01
-3.695309355944579877e-01
-3.090180861536850898e-01
-5.709777093574104345e-01
4.325351088076881401e-01
1.361257659577369827e-01
3.139335762865353430e-01
2.959867100389778072e-01
-7.381875796947655333e-02
3.287008655646940225e-01
4.735470168401400559e-01
1.211146767302052202e-01
-1.390515538556342245e-01
-3.904565071907652452e-01
3.352424349114905833e-01
-1.923809637455875098e-04
1.271888507530907486e-01
-1.885744050651507742e-01
3.402010907940330314e-02
-5.530733418214351521e-02
7.307872772559501073e-02
3.884017847999563511e-01
3.733420545848464833e-01
-3.779063099346773036e-02
-1.068046661408398462e-01
4.845553803870226994e-02
3.726894391926771632e-02
-1.067882031131968806e-01
4.240349560281038710e-01
3.200695158807647100e-01
4.884895053841362134e-01
-3.838097447537960893e-01
-3.131678643631166659e-01
5.488424838035294018e-01
3.536852150766555680e-01
-4.398849364016822472e-01
-1.827580110975054462e-01
-3.290773561500218158e-01
3.075674517818018927e-01
-3.403796400424177748e-01
-4.059191211975693436e-02
-1.003372729681841352e-01
-4.892475774262734500e-01
-2.935447471104474793e-01
-1.094400475413910556e-01
3.165390786478313179e-01
3.749917146043711402e-01
1.219316525908432230e-02
9.642320465503907354e-03
3.365297134272554058e-01
-4.199628864048771115e-02
-9.003203884199187379e-02
-2.739092210794233373e-01
3.716107409991148414e-02
3.015321487099727471e-01
-1.391850259834160053e-01
-1.028468594739992831e-01
-3.756766855723489007e-01
2.634077389992369178e-01
-5.941059302039174428e-01
6.130231708347982922e-01
4.594564715242404063e-01
3.902293791630587205e-02
6.198434894916436955e-01
-5.406056884195969969e-01
-7.174200431349332385e-01
3.476150612177394961e-01
1.000000000000000000e+00
1.452962727150046429e-01
-3.561277159760555255e-01
3.200012902770118517e-01
6.087392345070538058e-01
9.721361095324287938e-01
2.796592739715597076e-01
2.731120252984103325e-01
-7.733813833720639686e-01
6.272569820335719415e-01
8.000019713953722134e-01
-2.497090259581553617e-01
-6.933351847603982376e-01
5.356577700923631502e-01
-7.757116174917427776e-01
8.501334826574911130e-01
9.024771118598191588e-01
-1.090506806779309446e-01
-8.599764592769817417e-01
9.999442524341562999e-01
3.687085669383889375e-01
9.258204974738856174e-01
-1.845771918064198491e-01
2.987614883749324379e-01
-9.652569629811665886e-01
-3.377021582441868675e-01
5.315787877706654729e-01
8.711940141257092096e-02
-8.252669027829798720e-01
1.911274421193085160e-01
3.695126578462644140e-01
-4.232052328359883764e-01
8.264812650599361321e-01
5.361073427125431223e-01
-5.539026176571741900e-01
7.212580126678930226e-01
8.026184386887683653e-01
-2.587740681220124239e-01
4.365057355308248344e-01
-4.805523588058273621e-01
-9.917453982881133667e-01
6.140502034759285355e-01
8.530132086216293263e-01
-9.068643390291035722e-01
5.849357884097576565e-02
5.832844990526929729e-01
9.996746595510437317e-01
-3.208615234185113185e-01
-8.046580918559558260e-01
-5.354121665199411684e-01
2.403897285464229594e-01
-2.822343586743389365e-01
3.719845570867930662e-01
-9.075686993169901351e-01
1.390899642183331952e-01
7.412277018594175537e-01
8.085338425428865161e-01
6.180656434056756021e-01
1.055108755489136269e-01
9.718780828481198286e-01
2.307675028373632753e-01
8.977631584159126987e-01
4.766936895934948404e-01
-2.106373673393089896e-01
-4.425421818407392904e-01
-3.808048069083038167e-01
5.219351427925233988e-01
-1.265464729245977804e-01
-2.850952655085059895e-03
-5.317172708130474268e-02
-9.522822826719213873e-01
7.657071086495721435e-01
6.120718203320750783e-01
1.000000000000000000e+00
-6.482613284321832314e-02
7.047248668888419498e-01
-8.826119927706831403e-01
-5.978988185869126282e-01
-4.814841272437520026e-01
-8.657055082833503556e-02
3.263034267651238607e-01
2.034968499703093958e-01
-1.146701199235562602e-01
