-3.575566739870421062e-01
-4.562171580518046277e-01
-3.785996075595283311e-02
-1.337243113296754937e-01
2.998333018165990627e-01
3.806093591283716826e-01
5.367531268244347259e-02
1.910704660472398453e-01
6.342050074967368889e-02
1.299154292802918442e-01
2.269764239490574265e-01
-3.578924956468387264e-01
-1.297698610532221908e-02
4.678296013926130925e-02
-1.359268494645042291e-01
-1.387767922169429700e-02
7.182258257087728581e-02
1.458133107574444698e-01
4.192459582366957205e-02
-6.123894972904116857e-02
3.651839102982507024e-01
-2.531985135365601991e-01
-1.863927023108476189e-01
6.968152218964571154e-02
-1.262294884773924597e-01
-6.970738782171768955e-02
-4.958569268577024958e-01
3.157849749468711331e-01
-1.280671975654645023e-01
2.330790531419195677e-01
-2.074352787980740520e-01
-3.787359659161126935e-02
-3.446088807584706815e-01
-2.052000207810575905e-01
-4.123248115136309289e-01
-3.404647202783199211e-01
1.014325746137987733e-01
2.969498615952902987e-01
2.442217480228504878e-02
-2.842058693050132367e-01
-1.381036545402402650e-02
-1.775173105599853751e-01
-4.210096186211629427e-02
5.577805832311568540e-02
-2.820611614094208908e-01
7.196420510128441472e-02
1.152765528915067478e-01
2.285642275121994166e-02
9.296771711174217287e-03
1.475434775172509427e-01
-1.524042452786064927e-01
-1.420833388361100458e-01
-3.248106008323369820e-01
-9.711788782872972370e-02
4.012833925982514649e-01
3.286090714471203156e-01
-6.595153325615135675e-02
-5.560557655850287828e-01
-1.504200076078235915e-01
2.746208585508487787e-01
-2.441140469948117897e-01
6.953583872655090536e-02
7.252867199231496920e-02
2.354759678677054158e-01
4.109380395917461293e-01
8.715197816660724683e-02
-1.920331074920436087e-01
-3.456071666411624776e-01
4.727397253830226687e-01
-2.633932187266306846e-01
-9.595378029863611824e-02
9.190376021598406497e-02
3.614253814008914212e-01
1.790422409141797788e-01
-6.242712742588635635e-03
-2.007777179754275387e-01
1.934758649013626208e-01
-2.908005152526257908e-01
-3.627638432451993356e-01
3.368955001886081990e-01
3.036882815115365952e-01
2.978480756464506052e-01
2.226266158825093988e-01
1.793825862457212178e-02
3.508634645711331546e-01
-2.361670989879389448e-01
6.179732710878291929e-02
3.255424016173204954e-02
-3.236549562281983150e-03
3.958808831716393306e-01
-1.036908969278103332e-01
2.217341064704505260e-01
3.009766548285678356e-01
1.875382630717788157e-02
5.598594163149438196e-02
2.558639147072007680e-01
2.814916397783343016e-01
-2.420119659937209622e-01
-3.863978020097161292e-01
-7.133693737434919357e-02
-1.310123944663089957e-01
-2.863481184664037338e-01
3.379898444251396017e-02
1.567871943797011225e-01
-8.395281629423512193e-02
-3.733102169775460999e-02
2.759027451646064999e-01
3.040181445575417252e-01
-1.528267947748520872e-01
1.594121435935108300e-01
1.298411196713471771e-01
5.002823804962301946e-01
4.903944535690103468e-01
-2.761151696062530414e-01
-2.889580102467520506e-01
4.800884268956019663e-02
1.405808259184373743e-01
-2.701659444385578479e-01
-2.586206620284899893e-01
5.098661775005006724e-01
-4.208250732463138938e-02
-9.888606845044724605e-03
4.874046344431350875e-01
-3.069481722913353638e-01
3.207072478461362453e-01
4.788843877915218705e-01
-1.897368281845530358e-01
4.901573412720766076e-01
1.402028569874681496e-01
3.745422414639914543e-01
4.993923423598740086e-01
-8.766116094900922029e-02
2.721951343630522047e-01
-6.218912204800103316e-02
2.715070511006325016e-01
7.781403239177606124e-02
5.794719799732155341e-01
-2.367055166125167642e-02
2.937209510553782654e-01
1.152331851554268261e-01
4.968794008198241796e-01
-1.274315070085858259e-01
1.632547994400642410e-01
-5.945592796389902457e-01
-1.481784408318042867e-01
-3.628098517707687432e-01
-2.505441747438768574e-01
2.813905392020218943e-02
-1.901242396358171494e-01
-2.431492259286224811e-03
7.386568163309296248e-03
4.587147964682040668e-01
3.751020954503090366e-01
-3.469359319962986854e-01
-7.533757165067471451e-02
-2.534619773940999243e-01
1.683600780162578248e-01
-1.308914029988065830e-01
-2.388063348145432266e-02
-8.038745063814445313e-02
-3.529202298327645260e-02
-4.802781849030191008e-01
1.452269075349615357e-01
1.903647759965793329e-01
-1.004770790934054192e-01
-3.793100777260552392e-02
-1.313759007930235256e-01
4.389881667676845955e-01
-2.864811162065578620e-01
4.231361040029721354e-01
-2.500231441529050525e-01
-5.084423916999567528e-01
-1.033329922696974296e-01
5.567919618059207626e-02
2.549556810861907663e-01
-8.737185709077843754e-02
-9.727543538889086086e-03
-6.994756226743961691e-02
4.960701636818837940e-02
4.068692702785589033e-01
-5.855578339425313583e-01
-3.150717935344503617e-01
5.625374488382293287e-02
2.073079172289021277e-01
-1.363595398019606109e-01
2.894724736459443060e-01
1.686487424469246821e-01
4.674005902220580017e-02
6.308474062289680384e-02
-6.372217439614466516e-02
-3.001316618087988553e-01
2.832066650959004228e-01
-1.449808602149396941e-01
2.867995238980290962e-01
1.559074017003925505e-01
-1.024168820353802550e-02
1.235640967059787633e-02
1.222562470430774706e-01
-6.113506694479588222e-02
5.622712034278656290e-01
-7.865502304408795997e-02
2.483009486228440477e-01
4.286814209150074939e-01
2.381799905410494911e-01
2.187997647270604334e-02
5.578981150645426768e-01
5.256927610500622405e-01
-2.141117046272626723e-01
-1.324351696986455496e-01
-9.359222657126999023e-03
-4.093712378706491073e-01
-2.663678229207431247e-01
2.482230171758039727e-01
1.673905249805835438e-01
-2.840968691182681471e-01
1.022819069944680137e-01
-2.627796192363669459e-01
1.576774034376065003e-01
2.412910867364406742e-01
2.495278796244499164e-01
1.225796308783406868e-01
-1.657133507499278235e-01
-2.928592152513560531e-01
-6.958853457549861454e-02
-3.205130362059748217e-01
-5.296162237746282475e-01
1.768096136161065313e-01
2.258038459463271586e-01
3.180882849904208554e-01
-4.831224254572668020e-01
-2.845346015497722814e-01
2.287450520567207712e-01
-6.210528795938056179e-01
-6.350377077809769844e-02
-4.497775994901610508e-01
-1.489007105952689092e-01
-2.321377556506402096e-01
-1.378939833210240107e-01
2.394182318390737640e-01
5.514516643274703506e-02
-2.671453676047083059e-01
8.322361946710202241e-02
1.171556393883560893e-01
-1.056377041560192520e-01
-1.461241026590501257e-01
1.876564270977218174e-01
9.649657193179023845e-03
-2.396551391075927850e-01
2.708499024349953488e-01
-1.604121726021246197e-01
-8.025782386703244481e-03
-2.427125149489283706e-01
1.921439697373789057e-01
1.822094796764992808e-01
1.142941903283170441e-01
-7.529903017981206918e-03
3.847871072298861828e-01
3.692448068870295141e-02
-1.868279441757179637e-01
3.470017133773540818e-01
2.460448284555672438e-01
-2.934341956643311544e-01
-9.155148261201905002e-02
7.347844928222285743e-02
-6.529485591269086342e-01
