4.383639774293239255e-01
2.805915827445855104e-01
4.130886979986646002e-01
-5.869334895036883992e-01
7.340615174053610748e-01
5.625005721063658370e-01
-2.003003064310548420e-01
-3.121066659546068434e-01
1.586731368233039452e-01
5.345926934267899444e-01
6.814147066367511885e-01
1.636137218109122160e-01
5.701680368059808962e-02
7.459171598393480318e-01
-6.428176047514764235e-01
2.102846506245682756e-01
7.056730027797581961e-01
-1.682605817040858653e-01
-9.719884003808608730e-01
1.968321727940200438e-01
1.688064200630508549e-01
1.619933516968378173e-01
1.000000000000000000e+00
9.923317987326818468e-01
-4.414418675174054396e-01
1.224644926269664313e-01
-3.271184279888799673e-01
-3.193818054986918842e-01
7.094697106892495775e-01
4.131157563765391338e-01
-5.668514248149090218e-01
5.005211156627462632e-01
-4.992194245874544412e-01
3.720579185159841318e-01
-3.737156216506248851e-01
5.586981642550099547e-01
2.701094694201167101e-01
-7.503135142616278452e-01
-2.365414431338780932e-01
5.336700632623321283e-01
-5.708796392935245878e-01
-3.288421666287641987e-01
2.653377240251956204e-01
7.168302242915007838e-01
2.517122047340438762e-01
-8.228401616450981004e-01
-6.669996770685161502e-01
-7.242102682418043447e-01
-2.326980876436419710e-01
5.136282799752747152e-01
-3.791446962550000799e-01
-6.404037993534286155e-01
-6.635337995768157970e-01
-1.114087529408039901e-01
-5.481461677992377490e-01
1.361853083462008229e-01
6.705919692031725443e-01
3.198752388863624480e-02
-5.208517884420525990e-01
-1.362664013068149715e-01
4.633558845784414570e-01
1.366427828394148336e-01
-7.391278814060856517e-01
-3.678574040296971881e-01
-3.604323577991560418e-02
3.041358744754392163e-01
1.067470620340897902e-01
1.920304432339371148e-01
6.856648481870026846e-01
9.027464062009726842e-01
-3.914346980581775437e-01
8.897505058249588483e-01
-3.830659665418669757e-01
2.660628127172837143e-01
-9.816912290244959038e-01
-3.866662079632010585e-01
8.746438203491815333e-01
7.019663954198429590e-01
2.522577994088692765e-01
-5.467115370626934867e-01
7.911400526419914980e-01
-1.002086190102787489e-01
-3.224825956024683360e-01
2.736652998721365027e-01
5.419037248238721682e-01
9.647014196253983487e-01
8.566953381564880177e-01
-7.311026901865594896e-01
-5.880948444170843725e-01
-9.753561088522532119e-01
8.951686017774601600e-01
-9.882736124157354141e-01
-4.753452055751347105e-01
-2.773814796463504040e-01
-9.305848055600833835e-01
-8.605023410707977050e-01
6.351303877280354282e-01
-4.071883481277658867e-01
-9.205144907307969415e-01
-3.428703697833506148e-01
-4.333495436235658138e-01
-7.841207930841095353e-01
4.836590865659791683e-01
-1.020849892483249449e-01
9.970676228953392339e-01
-6.594645142946014005e-01
8.324249936518028636e-02
5.187440695688657621e-01
-2.575161555806002034e-01
6.074970810210676975e-01
-6.396993706477773767e-01
-8.309209891805938164e-02
3.023634547900507785e-01
4.176930858209723652e-01
-3.155674396846739893e-01
-2.062877285790357396e-01
-4.244374896661036178e-01
6.140490947685053325e-01
-1.193593494540892280e-01
-6.836511255161459300e-01
-4.295253957577554460e-01
-3.878565810244470335e-01
1.009384363193378265e-01
-2.937716175138860297e-01
1.750314910493019627e-01
5.361206654634586011e-01
-1.975134151060027043e-01
-3.093053386979161545e-01
-5.895059082986869869e-01
-5.515852889557109062e-01
-4.059761740488916915e-01
-2.086901694089761672e-01
2.769042414787675765e-01
-7.590041853843437769e-01
4.395433814692876751e-01
-6.643786851426656259e-01
-5.843049634137675863e-02
7.810533069798557548e-01
6.472597358835546766e-02
7.668054425409155661e-02
5.788961948236496236e-01
-8.988474419957535044e-01
-8.309905151117419342e-01
6.087587589478750116e-01
3.374258223470096851e-01
2.326570437776273592e-01
5.962839281259200153e-01
-6.434508015647675272e-01
6.894061514143773328e-01
3.961786862215408433e-01
-5.899444942056435437e-01
8.521587893743598485e-01
4.891157854001849103e-01
7.600353428950241685e-01
-4.763753924925981202e-03
1.949848100053493127e-01
-5.349082477607097763e-01
5.924390121664604436e-01
-3.706812978745185339e-01
6.071557881869982243e-01
-1.000000000000000000e+00
-2.323061049872822137e-01
4.938699185107147671e-01
6.513002320412734081e-01
2.455912509438262226e-01
3.815887523518988328e-02
-4.092425388779418194e-01
-6.660509267473664341e-01
-8.850074824886555724e-01
-5.033316168767370397e-02
8.266216278041059740e-01
-3.413682986399975694e-01
-6.291970210115092055e-01
3.658310015962181749e-01
4.590219063121976917e-01
1.513328397272037940e-01
-3.845626825946762972e-01
-5.995342285769954538e-01
4.577584470215991241e-01
-3.291364435637196828e-01
-2.366332380553920200e-01
1.999435553940531046e-02
-3.142593685675979520e-01
4.231768882066945237e-01
-1.805299986963807557e-01
-2.448285955747545595e-01
3.125515293076789325e-01
-2.766042935345260356e-01
2.390927240145871574e-02
2.263719829818533480e-01
-1.409536247352678462e-01
3.731247532294129643e-01
8.609983238330538580e-01
-4.108042178949987688e-01
4.310091396285420928e-01
-7.169000326433864201e-01
-8.585525039551388238e-01
2.755224138866461669e-01
7.099778331838199064e-01
-6.992817242097791874e-01
-7.938778818399768733e-01
1.568602534885891742e-01
-6.562888513237451482e-01
-1.952647454199471500e-01
-6.458472289950956124e-01
7.048605699528731616e-02
5.717947351204641926e-01
6.412446863525191887e-01
-5.336215650955946632e-01
-5.095477233836110953e-01
-9.949979056266440303e-01
-2.366885768157837855e-01
-2.349570512417955837e-01
9.514069208511167774e-01
-8.518503244715662781e-01
-4.349309062394261516e-01
-6.567693905768391405e-01
-8.124991490083213197e-01
-9.954022098217328862e-01
3.714975161786953084e-01
-4.971076505300776049e-01
7.744150997159145178e-02
5.589251562805754858e-01
1.271865749798385958e-01
-3.086647136535453639e-01
1.594957236462569150e-01
6.153130498962383621e-01
1.776393857400414000e-01
6.788961672121173185e-01
8.509701220332013261e-01
1.210358149378980980e-01
-9.450055794163204903e-02
-5.234836614076285866e-01
-4.455812447096946793e-01
3.602670678068776167e-01
-2.082150338747763563e-01
-3.344403179511364343e-01
6.014914472093861875e-01
7.467271895705311913e-01
-3.971246092099232072e-01
-7.217585187646076150e-01
-7.752137075150611345e-02
3.807501889597069145e-01
-8.046310207752427335e-01
-4.224822350426259421e-01
-1.021296225247254330e-01
-9.202688686505625104e-02
-5.334800337599803211e-01
-3.686362016388604612e-01
1.679692968258175365e-02
-3.406452552004334278e-01
2.500700611032781739e-01
-1.988393107965527040e-01
1.605935988613492182e-01
-6.332981453179631348e-01
-9.566993354963164720e-01
-1.000000000000000000e+00
9.628608420188114470e-02
6.954056789280710360e-02
8.782287848801114682e-01
4.082061816865517612e-01
2.282325404422087534e-01
9.756243320779075523e-01
8.163800536183658529e-01
1.533959818519821661e-01
