-4.030833896310550557e-01
-4.483625164816604780e-01
-7.402362584011230873e-02
-9.176533387070272274e-02
5.568372915028667602e-01
2.803922068348833618e-01
-7.282921540197712096e-02
5.493491310377504599e-02
2.305079809202221774e-01
1.347142784374062707e-01
2.277842241611102159e-01
-3.534927495583937707e-01
-1.818358106183565748e-01
1.573510604482180331e-01
-1.047884809591348998e-01
2.345371516279231849e-01
6.028468341948016451e-02
3.179645593747492116e-01
7.828658342845254414e-03
-2.634550552291888004e-02
1.452560644123769840e-01
-1.956606499754943163e-01
-2.613460578355948360e-01
-6.883693089143767818e-02
-7.897290263354839190e-02
-1.017962448785602186e-01
-4.288460090395131430e-01
4.579214629624085431e-01
-1.131649882830151332e-01
4.623471429909114527e-01
-1.000694719784636505e-01
1.058489857057899886e-01
-4.433199045617298162e-01
-2.432875547435277563e-01
-2.063727731812625699e-01
-1.017243993439734262e-01
1.708869328015874545e-01
3.301712106307304051e-01
3.188068030778260509e-01
1.135186419979140049e-01
-6.209864882087241800e-02
-2.124629860898958056e-01
-1.959873862154244972e-01
6.378617789829424400e-02
-2.747376819917397017e-01
-2.439661481442323421e-01
5.457126590916798747e-01
1.580071219167426474e-02
1.752467083433242867e-01
1.218491064955971176e-01
-2.860559893501695705e-01
-1.603454191559181008e-01
-3.867906488233462392e-01
3.310773229286925190e-01
4.487281003745766106e-01
2.760068502419283920e-01
-3.083707889734530611e-02
-4.454986591823837383e-01
-1.096529733221104641e-01
2.741779932532218966e-01
-4.166122238203017747e-01
7.496454126486402914e-02
-1.959751061751172085e-02
3.093655842307289627e-01
6.428972969549257011e-02
1.649863170160812964e-01
-1.597384253537829368e-01
-4.051514092205329431e-01
6.724816858265993957e-01
-5.722145222660450781e-01
-3.752503245707394797e-01
6.897134543953950536e-02
6.412906386627701405e-01
5.493936752982683108e-02
6.863036570379463797e-01
5.106281594231457666e-01
5.132221286710756877e-03
-6.927795014951587671e-01
-3.645403520398642350e-01
5.651224835589290646e-02
3.216266509025302311e-01
2.557095905666205149e-01
2.944316626606140463e-01
3.763344066733319560e-01
5.790684825958647419e-01
-2.648148252093928123e-01
2.282415418813857344e-02
1.078304108360121499e-01
7.045267472363901662e-02
4.689782057221144052e-01
-9.904978603598439679e-02
4.108991424983676755e-02
1.153725473355598496e-01
1.469425641641826374e-01
1.938002224617126901e-01
4.411095193380156210e-01
2.429521768207907884e-01
-2.584695041238022073e-01
-5.746339065584873396e-01
-7.725975549756433636e-02
6.612441505344041071e-03
-3.229116184067092887e-01
1.605282808243882475e-01
2.092067095537921695e-01
-1.006566323551672248e-01
-1.537681195248467581e-01
2.997913036238362694e-01
2.395434893165278578e-01
-1.956338756045459537e-01
1.945341354390343058e-01
1.780744353696768756e-01
6.002492696594937671e-01
3.429054557152419469e-01
-3.719208737534093201e-01
-3.221327808166650208e-01
8.122115988542956411e-02
1.452444920041713605e-01
-3.155455861545130025e-01
-1.390402456837594725e-01
5.163133045268983867e-01
-2.209275893649437217e-01
-2.680935181499155551e-01
5.613873088251963850e-01
-2.622273965970267073e-01
3.823435083097366238e-01
5.200695844958573844e-01
-1.704967341536393899e-01
4.075106238473038545e-01
-1.710785413655935838e-01
4.052065533186285928e-01
3.443338231517426573e-01
-1.712895176294251254e-01
2.752723616304460497e-01
-4.957204959097127189e-02
4.225416492356912634e-01
6.923893702995936872e-02
7.834291065062195525e-01
-2.934784984688455431e-02
7.387508249072263222e-01
5.844933639434670702e-01
5.738489114757961973e-01
-1.795263327049418933e-01
1.132242041809027600e-01
-2.583195069150301393e-01
-2.187105174187580214e-01
-1.579424289004197901e-01
-3.429136384468698395e-01
1.048337423537625546e-01
-4.507823191701771925e-01
-1.288901211095216381e-01
3.574099365223781105e-02
2.955304348103510170e-01
4.575966931764640089e-01
-4.036884839462916430e-01
-7.696581347137051998e-02
-1.537139981828591628e-01
3.655928226640348111e-01
9.551963345789198090e-02
7.858225836645103823e-03
-1.250353878183702305e-01
-1.010738325044920338e-01
-2.625028866328052990e-01
1.567835962421746943e-01
2.386680607925000253e-01
8.942062305362218771e-03
-5.056180882199599186e-02
-7.188767974976931208e-02
5.057607068351921420e-01
-1.021971228234764273e-01
7.677983064747663233e-01
-4.117418764223483296e-01
-5.299094469213829761e-01
-7.217938734635651055e-02
5.329197678755373535e-02
2.949133450112924049e-01
-1.195192890992805013e-01
-9.024260056201464930e-02
3.077200813710762595e-01
1.371542503553216386e-03
4.636246674530428713e-01
-6.779951034089737316e-01
-2.513628641631405758e-01
9.569432154325624440e-03
2.229133718362166783e-01
-1.597741511785820967e-01
3.754083924320050780e-01
2.703919753962880090e-01
-6.524853169813525644e-02
9.288090868460158189e-02
-2.236270572126131950e-01
-3.727951918530759690e-01
1.446519808170166344e-01
-2.093941481039900410e-01
3.148374746395298240e-01
1.571354649806105397e-01
1.890504180371070098e-01
1.937093464288484057e-01
-1.251191404459210677e-01
-1.524283261173770276e-01
6.003878915421445583e-01
-8.586861921127840469e-02
3.058333270294974482e-01
4.046656538432794048e-01
8.891271660940214261e-02
8.358782927511027028e-02
5.890750063004940307e-01
5.313916143166850237e-01
-2.218818604733650002e-01
-1.911512588538848145e-01
1.053710865726680684e-01
-3.081626207128809192e-01
-2.654218446265432796e-01
2.893737208711700815e-01
1.530706613245923220e-01
-4.444612998815944405e-01
1.139116765122401981e-01
-1.975328495432035480e-01
1.618177634522357244e-01
3.556771530389712943e-01
5.937202290799209470e-01
-4.180155900980814243e-02
-1.703846463789598920e-01
1.102119184444228517e-01
-1.182354662341293799e-01
-2.475806392294586933e-01
-4.930658171008043267e-01
1.570803406226937426e-01
2.516435173430485728e-01
3.056891740668247759e-01
-2.488325570746750259e-01
-2.664676945585630063e-01
1.403182576888383215e-01
-5.886634498086994460e-01
9.471356474126849112e-02
-3.982795459077190237e-01
-1.655397819375437340e-01
-2.359140993059073710e-01
-1.592507990958174358e-01
2.034934628000021062e-01
5.344655431132901841e-02
-2.792683269651138889e-01
7.944373020963436949e-02
1.046732707882950392e-01
-2.681661577965422372e-01
-1.713418655638750399e-01
2.249856219247488576e-01
-1.598904711855208757e-02
-2.307314151759395915e-01
3.446541094001345784e-01
-2.141990883130151790e-01
9.434420734072032980e-03
-3.931474605797494748e-01
2.575488132591590151e-01
2.852759289355964456e-01
4.079722186988534727e-01
5.578148865460401049e-03
4.224361468468695313e-01
-4.962112468369369624e-03
-2.028858990628481518e-01
2.944174471621780476e-01
3.734780851746785646e-02
-3.221273441959100481e-01
-8.452187406523131719e-02
-4.142459011889908227e-02
-6.804545185716623923e-01
