-4.746046121808980001e-01
-4.645189611158824228e-01
-7.402362584011232260e-02
-1.057389247336129462e-01
5.568372915028667602e-01
4.340182989192288843e-01
-7.282921540197713484e-02
5.493491310377504599e-02
2.376803602316324426e-01
1.642007732814960708e-01
1.583167549235935390e-01
-3.953929239386442807e-01
-5.764838456834198155e-02
1.573510604482180608e-01
-1.047884809591349276e-01
-5.809569628643577316e-02
7.778830766681671394e-02
1.659536795058392800e-01
7.175493080692425807e-02
3.637107920420876855e-02
3.132595303117611807e-01
-2.047198016613269722e-01
-2.613460578355948360e-01
-6.883693089143769206e-02
-7.897290263354839190e-02
-6.084165509457519633e-02
-4.288460090395131985e-01
3.578509863646904821e-01
-1.131649882830151471e-01
4.352603032617149426e-01
-1.222308219166304000e-01
1.058489857057900024e-01
-4.433199045617298717e-01
-2.432875547435277841e-01
-1.787365688304728140e-01
-1.017243993439734540e-01
1.708869328015874545e-01
3.301712106307304606e-01
3.400012753695530465e-02
-3.452154057551388711e-01
-2.018743160888284566e-02
-2.124629860898958056e-01
-2.896221651294312860e-01
5.912053739649891088e-02
-2.914002022727845143e-01
-1.357845857831055103e-01
2.813624177672794380e-01
1.805512329539555455e-02
8.000243731880685161e-02
1.378991415129753040e-01
-1.413542371319762014e-01
-1.554060355137943938e-01
-4.091743163328476207e-01
-1.413433391649250581e-01
4.115834417189201400e-01
3.365231239497833426e-01
-2.380537027587787194e-02
-4.583520736801564022e-01
-1.170799333562914518e-01
2.455343764459058664e-01
-4.200219033099268362e-01
1.170509051071517842e-01
-1.294117790102483900e-01
3.412823220812379876e-01
1.765623480612824592e-01
1.140302513075451551e-01
-2.120542366593567984e-01
-4.082348166153939584e-01
6.422916774619058522e-01
-4.127770705239415250e-01
-2.048375751621099028e-01
6.214589664947496594e-02
6.743096251321187840e-01
1.222245956597900647e-02
7.139110717966815622e-01
6.223130076826588475e-01
-2.318983631225659051e-02
-5.555395364325618202e-01
-3.871034000101924999e-01
9.106748775276936325e-02
3.183619953419653537e-01
2.435417739363611445e-01
2.944316626606141019e-01
3.763344066733320670e-01
3.597265315641572925e-01
-2.602565133506477557e-01
7.632426299894157218e-02
6.925638144422262797e-03
3.613334482149064414e-02
4.381742631395375565e-01
-9.904978603598441067e-02
2.675649766950336517e-01
3.991103067258051085e-01
4.677980336845047327e-02
1.938002224617126901e-01
3.204714043717805105e-01
2.429521768207908161e-01
-2.584695041238022073e-01
-5.851263673825618516e-01
-7.590393188867132490e-02
6.612441505344041938e-03
-2.758754834899634356e-01
1.605282808243882475e-01
2.092067095537921972e-01
-1.006566323551672387e-01
-1.537681195248467858e-01
2.997913036238363249e-01
2.164433152588226550e-01
-1.956338756045459815e-01
1.945341354390343336e-01
1.780744353696769033e-01
5.122971761248095168e-01
3.429054557152420024e-01
-3.721330375312449923e-01
-3.221327808166650764e-01
8.122115988542957798e-02
1.452444920041713883e-01
-3.155455861545130025e-01
-3.192688691303681159e-01
5.163133045268984977e-01
-2.209275893649437494e-01
-2.680935181499155551e-01
6.067848195120260080e-01
-2.622273965970267628e-01
3.823435083097366238e-01
5.229642684506792261e-01
-1.704967341536394176e-01
4.075106238473039100e-01
-1.710785413655936116e-01
4.052065533186285928e-01
3.443338231517427128e-01
-1.712895176294251254e-01
3.049982392851917079e-01
-9.399553931592320721e-02
2.738596045163492199e-01
6.923893702995936872e-02
5.822416163694060787e-01
-2.618592536179980765e-02
4.922223026509228716e-01
1.717078880708941546e-01
5.531603267012186187e-01
-1.454586077489034568e-01
1.963546492598257642e-01
-5.830862910867843363e-01
-1.257385554015110207e-01
-3.369890657220758201e-01
-3.693544621068685641e-01
6.839224811596911202e-02
-3.505382085100093303e-01
-1.093052262819128005e-02
7.944129006313612254e-03
4.693702800371927775e-01
3.634760588863711894e-01
-4.195046112099328761e-01
-6.661533071301264930e-02
-1.643196554845212098e-01
3.455113516554501607e-01
5.555304137936927650e-02
-1.528199835902241746e-02
-1.365786672332359453e-01
-7.933018188862886455e-02
-2.518685298016384300e-01
1.685458885194288936e-01
3.070231211738002619e-01
3.420570403604681481e-02
-8.740560661287245792e-02
-1.298363094179285637e-01
4.105892547847952434e-01
-3.218756916094825393e-01
4.706727310304361089e-01
-3.453757928592138815e-01
-4.645444167162183779e-01
-5.680592732037095804e-02
6.847105580308267270e-02
2.335578665008264387e-01
-1.108244699371340458e-01
-1.524843142162138065e-01
2.334229412028136774e-01
-9.098626764748703188e-02
4.424537980853015529e-01
-6.744228549516065874e-01
-3.184394687993223338e-01
7.142033594673194430e-02
2.056051328313017179e-01
-1.918242864000085091e-01
2.750684885605829133e-01
1.762512438147263993e-01
-3.263016699495822071e-01
1.696856419215492240e-01
-9.101990495004701198e-02
-3.881823815507498554e-01
1.179216332564715919e-01
-1.868002771646399274e-01
3.280871197912164638e-01
1.560593669571846420e-01
3.684566600088802490e-02
-2.995507228646207554e-02
6.935797844422800229e-02
-6.189356103446064239e-02
6.157656609463777464e-01
-7.972673357133955307e-02
3.098203412379948452e-01
4.137632540905337719e-01
2.697026385218234124e-01
3.119305517791001181e-01
5.487790171839328490e-01
5.518261090819462922e-01
-2.170071293474097607e-01
-1.853543642044686857e-01
1.051421731649823665e-01
-4.170330673907685082e-01
-2.867089588825861846e-01
3.002130037245982486e-01
6.377203407297912796e-02
-2.253511461002404570e-01
1.438106015798602533e-01
-2.817405534617277163e-01
1.549803289918458560e-01
3.539347233367100554e-01
6.250287100108050664e-01
1.750057618082322963e-01
-1.711456317739652733e-01
-3.744689979901409393e-01
-2.658879278129228085e-02
-2.741280519079665190e-01
-6.323361775165152743e-01
1.308831414365360934e-01
2.642168711721507024e-01
8.661775096080723269e-02
-5.141441102587527290e-01
-2.722200012064406871e-01
2.259687334305312267e-01
-5.351204356941551277e-01
1.052281799086235564e-01
-4.052702832404439515e-01
-2.455673544872884750e-01
-4.932855819789138674e-01
-2.876174507443258754e-01
1.889429958125089792e-01
7.979449090137764877e-02
-3.008068973585972250e-01
7.658456827574856851e-02
1.274640292247094520e-01
-1.523460146963410700e-01
-1.919175123819316375e-01
5.356410603704522266e-01
-1.734465441225080395e-02
-7.446854599984717438e-02
2.500660265984407937e-01
-1.754576223514746625e-01
1.599738544444635063e-02
-3.198702522843522300e-01
2.334141060097696119e-01
1.860896130832761786e-01
3.924264625969118292e-01
1.077978730245341896e-02
4.386846113648469325e-01
9.810182114756206898e-03
-1.998189064872727960e-01
3.073540663986517596e-01
5.284543020639664163e-02
-3.454964289613819406e-01
-8.800178781799355976e-02
-2.753435711122241558e-02
-6.817758180917797839e-01
