-3.727241627754970810e-01
-7.917770287860312894e-01
-2.009395985787333361e-01
-3.813113913908988684e-02
4.161221976558699964e-01
5.339606923542178363e-01
3.015971693744133597e-02
3.675224177081927168e-01
-3.587542911116167743e-01
1.037468184222372913e-01
4.135438978833064771e-01
-4.321090049861627813e-01
1.119252398400406023e-01
-1.932534816447098458e-01
-2.605974101922737263e-01
3.277948282339590569e-02
4.729082530865347245e-02
6.882578309296706609e-02
-1.876765386928767182e-02
-1.922204441133201214e-01
5.389879239876446126e-01
-6.467469238327230308e-01
-1.569060659668502222e-01
2.707533529608738970e-02
-3.052264085561287588e-01
-7.001631573583971813e-02
-4.042089811546380473e-01
4.469990922660580512e-01
-2.349473443482137380e-01
4.152192181255988102e-01
-4.069222711438729156e-01
3.284011110604204142e-01
-3.804300689686018755e-01
2.551228065919292076e-02
1.297763395433269851e-03
-2.472519662407620111e-01
-1.201125042583607444e-01
2.763867461703193862e-01
1.027506036681577126e-02
-2.177953822070447798e-01
1.958639085686815773e-01
-2.426468432739601333e-01
-9.754942839551629108e-01
8.242869687229442688e-02
-3.285280352269319137e-01
2.557678170711441545e-01
3.524721668803043606e-02
2.197387017114936850e-02
-1.256990184316926495e-02
2.742155888905491445e-01
-2.514360032926092892e-01
-3.368765213347127419e-01
-3.875683316597143824e-01
7.298858263874437313e-02
2.824449385321656236e-01
5.153694585189201316e-01
-2.975728843177612160e-02
-7.126905083347333525e-01
-2.719035905614369808e-01
3.340654158331849977e-01
-1.476825954036578570e-01
1.216201384416770725e-01
-1.052515637242534968e-01
-1.072879876884957340e-01
2.499353047824282026e-01
1.413155965105471756e-01
-1.717894938094541024e-01
-4.364001436679832979e-01
6.656749268066137759e-01
-3.850076335901216895e-01
-1.478309977432735456e-01
8.538924329428976279e-02
5.632306681273206994e-01
2.486779482374298633e-01
-3.654070362002295735e-02
-4.425470720964320148e-01
3.529273340065419706e-01
-3.978481985885128358e-01
-4.586489698756666122e-01
1.620010161617835842e-01
2.643580752893306962e-01
3.222628961454663266e-01
2.563453022039102192e-01
4.774217544107302591e-01
3.750540455387801897e-01
-2.104177714598274296e-01
1.938076336631368024e-01
-4.854028630735262445e-03
-2.738310851466394524e-01
2.368358956551433192e-01
-3.941747058645697632e-02
1.986944664086068568e-01
1.311149021688854666e-01
1.627458945564559389e-01
-2.637476543279093644e-01
4.425436638570847125e-01
2.428486441437094356e-01
-2.173960828174973658e-01
-3.056021614547000942e-01
7.775532037525197115e-02
-5.659774403047582725e-01
-5.472433936220673090e-01
-2.549368121280595201e-01
1.304908731689964352e-01
7.647975439069890080e-02
-2.022325414990539250e-01
-1.965291656949336163e-03
2.469752731556397463e-01
-1.095710834986645399e-01
1.776683344206706483e-01
1.023268284313472443e-01
4.773928258148861792e-01
5.362276839627534430e-01
-5.413956844487515241e-01
-2.339312791818847215e-01
-8.512115601791198083e-02
-1.044203133826255986e-01
-2.665846179162255636e-01
-4.407410757172513516e-01
7.451466666684367635e-01
-2.806404869922705658e-01
-1.616534064219132261e-01
7.127619948825074658e-01
-3.450773742256526000e-01
2.377127129120894800e-01
5.110333051468065602e-01
-2.429496006085380411e-01
8.384576129243284104e-01
-5.685270002039104487e-01
3.231863019844685714e-01
7.107675093839213032e-01
6.823511488352006216e-02
3.112048666984092993e-01
-6.059343791301503579e-01
2.410214043083305779e-01
5.533289157193439084e-02
1.048273672048152250e-01
-8.697655637512215210e-03
4.105587548198923464e-01
2.040859437527964282e-01
3.416587695769872646e-01
-1.593382507229716416e-01
1.727939161634405862e-01
-7.238596148600130453e-01
-2.177515386264471942e-01
-4.555717024195042875e-01
-4.063412900465659394e-01
1.165128879609939189e-01
-3.470303734071385482e-01
-1.675083668076345900e-01
2.214529677602418423e-01
3.858824006744894231e-01
2.131809031464362847e-02
-4.088120439491964020e-01
-4.341275919797909499e-01
-9.789611965362464419e-02
4.256027760321962616e-01
1.052333506564359783e-01
-1.528199835902241399e-02
-6.012438042494241963e-02
-7.933018188862885067e-02
-2.427385286105642193e-01
2.613068660004205790e-02
3.731253178933998660e-01
7.049639358367061626e-04
-8.740560661287244404e-02
-1.720015347723567456e-01
4.567994612050190750e-01
-3.218756916094824838e-01
4.994921741454991793e-01
-3.228468681568942289e-01
-1.995330006962047209e-01
-5.680592732037094417e-02
6.847105580308265882e-02
2.335578665008263832e-01
-1.108244699371340181e-01
1.771322172765362607e-02
9.235884621428469554e-02
-9.098626764748701801e-02
5.875052845470768448e-01
-4.093174029080223209e-01
-3.035216411023311522e-01
7.142033594673194430e-02
1.189904521872076071e-01
1.520431231599124744e-01
4.340955749331601998e-01
2.338046018419080996e-01
3.720911003438539394e-02
2.844018714711136764e-01
-1.653269919934449023e-02
-5.412004835176569273e-01
1.936130249055913466e-01
-1.866035869111660750e-01
3.280871197912164638e-01
1.560593669571846143e-01
3.684566600088802490e-02
-2.995507228646207207e-02
4.147837503619485888e-01
-1.741523953280811887e-01
6.403465048290237771e-01
-1.614860384868426202e-01
3.098203412379947896e-01
4.790702025210389903e-01
2.697026385218234124e-01
4.936817977407331748e-01
6.031430488694806691e-01
2.490678713701035274e-01
-2.170071293474097329e-01
-1.853543642044686579e-01
1.051421731649823527e-01
-4.052966193195390865e-01
-5.639086949005197580e-01
3.312813215456209548e-01
2.247569616737999376e-01
-7.150346776847740227e-01
1.215139391248293566e-01
-2.817405534617276608e-01
-1.365809954933439041e-02
2.011613702457981656e-02
5.430635765374320911e-01
1.428725530170390778e-01
-1.711456317739652455e-01
-3.962784745494768446e-01
-2.658879278129228085e-02
-2.741280519079664635e-01
-3.708926546398655377e-01
1.554662903600082247e-01
3.806877734587361117e-01
3.455031497439841059e-01
-5.141441102587527290e-01
1.714931392824805834e-01
1.944266743963052047e-01
-6.471336886605149052e-01
1.273175055043142545e-01
-3.768204853969738810e-01
3.803438914947647742e-01
-1.884131412531417915e-01
-3.452165133240349126e-01
1.889429958125089515e-01
7.979449090137763489e-02
-3.008068973585971695e-01
2.257526408562619546e-01
1.003310961130441797e-01
-3.235336220172406740e-01
-1.211403393158268227e-01
1.856970059561477981e-01
9.113400780263092305e-02
-2.739291759634403522e-01
2.500660265984407382e-01
-2.447479444524610498e-02
1.599738544444634716e-02
-1.436841097203072071e-01
2.542058348925517186e-01
1.860896130832761508e-01
4.030034371606748822e-01
1.077978730245341722e-02
3.557248913335115947e-01
6.635975727981990868e-02
-6.416884496748070932e-02
5.280398089502192915e-01
1.522582626719794496e-01
-2.044307734419873457e-01
-8.800178781799353200e-02
-2.753435711122240864e-02
-6.817758180917796729e-01
