-4.085596278732701592e-01
-3.502459665893423169e-02
6.162773253214842706e-01
1.071606318484161213e-01
1.495152613516350093e-01
-2.665904190051464062e-01
6.652838856453345551e-02
3.498056195233218424e-01
4.872258865263309202e-01
1.865398371132648003e-01
3.701193982987454056e-01
-5.843198763025240217e-01
-3.671410443797094025e-01
3.418766563408844328e-01
3.452109982177475334e-01
-3.023008774941192689e-01
2.130568942900327167e-01
-2.979854476710686040e-01
8.494013200258858365e-02
-9.301367971519743094e-02
-3.904098451789270174e-01
1.820629923044664866e-01
2.713707427913524262e-01
6.889801609930071846e-01
-2.314722217331494081e-01
-2.519590241482728699e-01
3.797826184259853743e-01
-5.186008440676781461e-01
9.787079833538091245e-02
5.767644482372212833e-01
-2.595051870001223449e-02
-1.944913131656862137e-01
-6.987616401692260393e-01
-5.159227004742172884e-01
-3.754007101092204923e-01
8.562219788133999809e-02
-3.675303721579894489e-01
4.280896142789861192e-01
2.382532474609730735e-02
-1.913010571668813040e-02
2.592109839328631676e-02
7.443493992699098949e-02
-1.215495231206760625e-02
1.042433427974690796e-01
-2.584143534358326333e-01
2.367225477549744217e-01
-3.049875087794034698e-02
-6.257131760719478741e-01
-4.005154833378993251e-01
-5.134928832067746363e-02
5.446703888262630633e-01
-7.734174545973486470e-02
5.407531720697105193e-01
4.859063778211355489e-01
-3.982942608032564724e-01
2.178240022102724271e-01
-9.324956078004029147e-02
3.022857624590883918e-01
1.374198366656081693e-01
1.996148934921877227e-01
5.124866387734228201e-01
1.342897970876933966e-01
-3.216706590672748639e-02
-1.372254740606098367e-01
3.815761807283886142e-01
4.441507115266264405e-01
-1.907759168779203096e-01
1.095229539869799346e-01
-7.883928631801836659e-03
-4.334462879380214795e-01
-4.548703306469829843e-02
1.891290462962843255e-01
-1.318429197961127619e-01
-1.478761168051421770e-01
-2.646860716359786259e-01
1.384420365739192915e-01
2.270100112652496116e-01
6.579513540292716289e-01
-1.818242860371382386e-01
3.785221375811175237e-01
1.156131082017481382e-01
-9.771790993474398918e-03
3.365285377381259657e-01
9.198919413256001487e-02
1.578379605900656069e-01
5.420096791999636787e-01
3.283207852600208976e-01
-1.379602218390310331e-01
-2.063422017957206867e-01
8.059012461187047005e-02
4.085429887331234466e-01
3.896542644979245074e-01
-6.100087858901354076e-02
-4.665936830327842011e-01
1.385150177125472060e-01
-3.632700496515563482e-01
-4.850910178648445426e-01
5.059537015025864504e-01
-5.043441122201461901e-01
4.235624364978567424e-01
-4.018441690376486908e-02
-2.405030935858747387e-01
2.735474073180590437e-01
1.191275192408265404e-01
-1.996696447130426877e-01
-2.551245730518887922e-01
-8.229137744429413370e-01
-1.567410137804388648e-01
-3.550885898713795341e-01
6.688726793309941743e-02
-2.944456424853195697e-01
2.565801219119515086e-02
-1.863726535122967876e-01
-6.959266025294997826e-01
2.391146643238002689e-02
4.134218273071045835e-01
2.605957889158898658e-02
-3.385750001002533760e-01
3.023148425259871708e-01
-3.895752724248948695e-01
-3.211982173192878820e-01
1.694739533808564680e-01
1.476003620696600960e-01
9.112417097439291513e-01
6.118661562689533540e-01
-1.482089402871603623e-01
1.756789973740895960e-01
5.922747722404255732e-01
-4.317169987662116126e-01
-1.000000000000000000e+00
-5.712387109985629374e-01
1.421143604103888292e-01
-1.579863038961918098e-01
3.758216104286751791e-02
-2.502934772799300100e-01
-3.095574229171420555e-01
1.114487041654978194e-02
4.648679679119641084e-01
5.678032102806387371e-01
4.681357900885330103e-01
-4.014869587091230568e-02
-1.055269166985743912e-01
2.379430889513798886e-01
3.381639885906879694e-01
7.673529046099557549e-01
-7.666389969926329373e-01
4.203706080321198413e-01
3.210288851069076910e-01
-2.593891534061520954e-01
4.909994028138391364e-01
-3.424177888179290585e-01
-3.823021036733302846e-01
-6.036475712546678363e-01
5.705477804385341578e-01
-2.462098175867668409e-02
-2.861605229998185895e-01
4.731894436166005913e-01
-4.999089804749478061e-01
5.138486951489432131e-02
5.305663678200953637e-01
4.662765265754610366e-01
-8.224673873096368659e-01
9.399375563179396265e-02
-9.037835681025365719e-01
9.738894319866005234e-02
-5.684893377851137908e-01
-2.457081273985594339e-01
-6.653490081406215895e-01
3.067654561064613317e-01
-1.459426567016939846e-01
1.774062340584502684e-01
-9.125986905603872268e-02
-3.247448455128265077e-01
2.785769938820534808e-01
-5.927337881627924299e-01
7.751340344509008995e-01
2.516934090671767987e-01
5.701781994530500386e-01
-4.040382204683785616e-01
-1.688952825007029312e-01
-1.000000000000000000e+00
-2.194843891580335327e-01
1.153427187754287875e-01
-1.855146093196690105e-01
-3.569895792522601030e-02
-4.048307684933484807e-01
-1.727631571411294420e-01
-1.088782726297286840e-01
4.162996924602455628e-01
1.828332367420791582e-01
1.906798356317259413e-01
-4.167259718871500068e-02
2.093575137196843905e-01
2.808292678152949362e-01
2.102520769601824435e-01
-2.911972102391052752e-01
-2.876321188001200180e-01
-1.547330011589601040e-01
-5.222217239697763969e-01
2.370382225892955497e-01
-2.302748590254457550e-01
-2.755857187588456880e-01
-2.085801034825371936e-01
1.765061210067070951e-01
-4.791836208641087058e-01
3.135805774777209454e-01
-3.221365650783092338e-02
-6.943825888321072393e-01
6.233852188468882449e-01
-6.499774019300186279e-01
8.447593813712510336e-03
-7.703049482284624050e-02
1.596647381139371658e-01
5.589209076994704484e-01
-3.983672220480904969e-01
2.354997494395705826e-01
-5.519613283272674087e-01
-5.348848392462849377e-01
-5.402516865223038200e-01
-4.979752742426081791e-01
-4.122261285021657229e-01
1.458541398315916782e-01
-2.527991397566773379e-01
1.436452537041706945e-01
2.392373257051740865e-01
-1.222127003972894865e-03
7.600342523065301004e-02
3.719665675482398959e-02
-2.864860302024982985e-01
1.550777470048630979e-01
-4.551253211315724467e-01
-2.658380528133410525e-01
-2.287556369830602288e-01
8.173666797601254752e-02
1.074555984955335997e-01
5.416523995674455971e-01
7.417727680559807468e-02
1.513842977258012534e-01
6.000669142864074601e-01
3.328344084092449418e-01
-2.631720905904070262e-01
-5.560760570072617592e-02
5.151731408760434894e-02
4.505714226751438289e-01
3.895809813383484532e-01
-5.284567438383291904e-01
-5.574237981053981050e-01
-1.457780024978593825e-01
2.101375990481324507e-03
1.161409874283411969e-01
-7.449463763274697392e-01
-4.624344650067911677e-04
3.842773886093170388e-02
-4.793133443978218056e-01
-5.029223813386643482e-02
-1.278719657925716791e-01
-3.790933040365773721e-01
1.526952259013898416e-01
3.554598514738269710e-01
-7.525448987733995843e-01
-5.695061698789702920e-01
-7.421342368359457042e-02
1.031697639292634971e-01
-1.797686299864605375e-01
4.286552466149700091e-01
