4.224971317663797077e-01
-4.732561176585907692e-01
6.868129474256734479e-01
-9.016883626799790941e-01
-2.916751556290210212e-01
4.770709787323706985e-01
-2.328186004014317634e-01
-6.566656518499032202e-01
8.612185088807755573e-01
-1.595650167722045820e-01
7.648558889504469827e-02
3.298241621922490263e-01
-5.327684023474470454e-01
1.859256986025779601e-01
-1.000000000000000000e+00
9.799882734662272998e-01
7.417622947433621938e-01
2.925687062736142541e-01
-5.415649963594950655e-01
-3.144015991938955423e-01
-2.305827712396744111e-01
-9.189668907386174812e-01
3.036779089370272855e-01
-3.815041973972890244e-01
3.427603964739460718e-01
-9.014878900657607996e-01
7.374688731210825576e-01
6.821695222320517393e-02
7.653337395005277433e-01
-6.502121123510953282e-01
-3.772850897311672558e-01
-7.571094692776734192e-01
-6.454365073935774966e-01
-5.938828032189227835e-02
-3.997499744413426925e-01
8.568809500179471739e-01
-1.891458650422286336e-01
1.789299666878526457e-02
-8.440072446802404649e-01
-8.202016167254497780e-01
-3.839432822117512245e-01
4.060496811710203602e-01
8.755265178546629556e-01
-6.547265168750115993e-01
-3.016083888501064347e-01
-4.874223541929865178e-01
2.473930731250324477e-01
-6.604970849087843376e-03
-9.478132222340607260e-01
8.589112908874472208e-01
1.243292388576542340e-01
9.278299819651318892e-01
5.988809052757448903e-01
7.351864642013228313e-01
5.089538153471201420e-01
-4.026935475656028274e-01
4.829098151373647507e-01
-3.729856929868309856e-01
-1.000000000000000000e+00
-1.640161768046393131e-01
5.892825697537549257e-01
-4.239385585390436084e-01
-1.479063888867230558e-01
7.964430796004478008e-01
1.974252095524189621e-01
-3.449573919771521391e-01
-3.216369423770482072e-02
-3.394950508571296099e-01
-1.720866958282492032e-01
3.746218700872090412e-01
-8.416500423279744680e-01
3.313518055672334817e-01
1.067490001981377112e-01
3.452067991634559796e-01
-8.125297607613897188e-01
-2.585835035025027540e-01
-8.850376223272850007e-01
9.541828508963536848e-01
-3.356060159335033655e-02
1.000000000000000000e+00
-5.334178241982872049e-01
-6.544912598313993302e-01
-6.060830592653749793e-01
7.409487362778899300e-02
-4.173761478989595486e-01
-1.077236042768752733e-01
-2.280843103587362197e-01
-9.575407393952557467e-01
5.097926148826155135e-01
5.209300477542389007e-01
5.492052695041503840e-01
-7.550004786914354948e-01
-4.988526384145142156e-01
2.979172447098009657e-01
-3.043089897473312266e-01
-8.673498800149359589e-02
-7.515364640512507410e-01
8.089764971401187665e-01
-7.576472532351572475e-01
-6.233332971629401698e-02
1.073603935869764658e-01
6.277015895691726577e-01
9.350450767316829115e-01
1.932343483381031568e-01
7.364447402906318940e-01
8.752166357083784876e-01
-4.681606320527007536e-01
-9.534198933573967416e-01
4.598920158256756818e-01
-6.971258300216347514e-01
4.584266654896551607e-02
7.797187451880978060e-01
-2.090848478001190447e-01
-3.783828176604613347e-01
-1.014975035966241279e-01
-5.186597115026452265e-01
-6.215622045625661674e-01
1.189877667417629237e-01
7.262794996531196645e-01
-9.758209708281473382e-01
-4.115587552411679173e-01
-6.514563203218048937e-01
-5.099099017931529865e-01
4.473206987511013644e-02
2.784714225224674267e-02
9.820254174634924782e-01
9.002703458267830028e-01
-1.000000000000000000e+00
9.792639562398385289e-01
8.660282214111765242e-01
-7.643647563846065474e-01
-7.482575427554354341e-01
-9.323172702251181221e-01
-8.080827436691342402e-01
8.296366242697467142e-01
5.812978066189649073e-01
-1.000000000000000000e+00
-7.440573785319559708e-02
4.072530512026528715e-01
1.215076624859849908e-01
-4.412576881445871013e-01
-1.000000000000000000e+00
-1.000000000000000000e+00
5.161880615136602568e-01
6.073354855833084098e-01
-2.258028400621274190e-01
-7.350126325169709096e-03
-4.684674680191425189e-01
-8.086069645158089347e-01
4.212994270205989711e-01
3.254056684694162094e-01
-5.189301717843670669e-01
8.298212920831089523e-01
7.711290352452619956e-01
-1.342320535620276090e-01
4.348812841343717150e-01
6.922533339728591528e-01
-9.773702679356348622e-01
-8.811083174960019360e-01
1.155090136325471750e-01
7.449881973033056770e-01
-8.910915379192645425e-01
-9.615003815684151078e-01
-5.601107608059756604e-01
8.035865565312663161e-01
-7.229842886578121686e-01
-4.841350512124122929e-01
-2.008789221551821047e-01
-8.121809961742936235e-01
-3.863876044027605428e-01
-3.872695669767884930e-01
-4.910339653422909345e-01
9.678630071147857894e-01
-2.827364343066480767e-01
-2.907392278621876436e-01
-7.366308437270523424e-01
8.750004352296727461e-01
-2.326798944905051625e-01
-3.209118624555538091e-01
9.827115202148779538e-01
-8.069565719398021919e-01
-4.922416951672543561e-01
-4.971058960888074529e-01
3.030502673925932200e-01
2.799609881135498579e-01
6.211874974271982403e-02
-7.604957854172145204e-01
3.225768991661874807e-01
-3.907717738404135055e-01
-5.768676844434252882e-01
-1.000000000000000000e+00
2.877507448144305258e-01
5.926637403554746442e-02
-8.711743870203905171e-01
2.279974920895759816e-01
-4.691912486525718906e-01
3.834236676756190287e-01
4.172962472252289001e-01
3.720422088099671898e-01
-5.668256008251855160e-01
-7.308201139843539806e-03
-3.957996888260600921e-01
1.519963953788781019e-01
8.714003600718027709e-01
-4.620841085699651796e-01
5.662366152360448490e-01
8.077870633522947763e-01
5.093989999610886166e-01
3.591331652341586689e-01
-3.442444483208737527e-01
-6.755748963680303643e-01
-7.142423837736248116e-01
4.840358411395158100e-01
5.510312134391424088e-01
8.124936337856398794e-01
-2.710555933226042047e-01
-7.299647195539802347e-01
-9.811428836888874683e-01
-4.220650882166321338e-01
-5.167254873980529073e-01
-7.769456081047587670e-01
-7.739689753398912853e-01
-4.739007511104218473e-01
-3.426013336861890579e-01
-4.837716215180538626e-01
5.710846561624232098e-01
7.633692805498331069e-01
-4.509740364090695230e-01
1.389670575234738248e-01
-7.910448811090817767e-01
3.254803107547044050e-02
8.283864844220685253e-01
4.239936204700496258e-01
5.669544256426961581e-03
-6.607436925321724663e-01
6.451081967541019146e-01
-4.341634271758485486e-01
1.000000000000000000e+00
-4.762633927344284146e-02
6.077960009808272557e-02
4.462855648645873696e-01
7.879756433389695225e-01
-7.502508408156211006e-01
4.916831022425114384e-01
-7.479241852876030716e-01
-1.371781270065837166e-01
-4.444040494679338815e-01
-1.486893996601463819e-01
-4.699660642129154797e-01
-2.864236794057792856e-01
-1.887885121583856574e-01
2.843604226737475038e-01
2.444568807499802321e-01
4.870875352071835085e-01
-3.385779001676946787e-01
-1.316363386088204024e-02
-7.214841843566712765e-01
3.461146779262112005e-01
1.000000000000000000e+00
-4.721237076941651178e-01
-9.071620132474211839e-01
8.643823515544069025e-02
4.705941183096118419e-01
3.365903790905538373e-01
7.627324521114120515e-02
