-2.778464608211742570e-01
-3.947001203547541304e-02
6.256545584305492902e-01
1.090246100642252719e-01
1.504418404158520128e-01
-2.435666115859862202e-01
-8.415594625672978557e-02
3.290696657504357803e-01
2.606727004486353999e-02
1.810755312859512745e-01
3.592406042175590453e-01
-4.977859470056204549e-01
-3.590283603344829322e-01
3.303109782077674472e-01
3.264325741373219070e-01
-1.016151941744906639e-01
2.114219863655939224e-01
-2.952922188401998493e-01
9.458205231007930924e-02
-6.860348221190122608e-02
-3.945008701222023628e-01
1.794302606040250603e-01
2.689140813889016046e-01
6.876508873969717772e-01
-2.271655546855912144e-01
-2.570374428346626772e-01
3.602664861288412124e-01
-4.978011958277708260e-01
4.012247239118939962e-02
5.942196627181112190e-02
-9.471993690732271459e-03
-2.731821631820083307e-01
-6.489852599079460882e-01
-5.104802476085239515e-01
-3.640071905903878857e-01
6.753823454383386937e-02
-3.594086499962747538e-01
3.701148176706550719e-01
1.441738452266311532e-01
-1.878306817670327700e-02
-6.179443903348511014e-02
4.528725950978596676e-02
6.405003434989828270e-03
1.026507471903776170e-01
-3.124577071381618998e-01
2.484979305940001326e-01
5.133653445635628400e-03
-6.346432922000013743e-01
4.101164175127920003e-02
-3.731134981029780862e-02
3.445792103133640816e-01
-7.474689827269083431e-02
5.392707419425888382e-01
4.689503176169970144e-01
-2.118590764157672890e-01
2.685768575682533910e-01
-9.328299018699187650e-02
3.049731291332304917e-01
1.419908399265303323e-01
2.041653909378534082e-01
5.100939759728190248e-01
1.355822132350939790e-01
6.836315799153432071e-02
-2.095758451927932642e-01
4.257229639695653822e-01
4.471092698043338531e-01
-1.918250093406828893e-01
1.098864591968123361e-01
-9.652818849181701161e-03
-2.341946660511326772e-01
-3.977088548485927660e-02
1.976979708683561932e-01
-1.424681677301094795e-01
-1.391096198861118960e-01
-2.424814088907169540e-01
1.453919736146902508e-01
2.302196452048537456e-01
6.601906726883790544e-01
-1.848681282010972426e-01
4.066929285789142590e-01
1.173839699992835495e-01
-6.338983306538873569e-03
3.323991153390906672e-01
1.547614733367738693e-01
1.647542428630109357e-01
5.353583694613556210e-01
2.744090042503132681e-02
-1.363388954353643712e-01
-2.640974469778284983e-01
8.485846930214085981e-02
4.086733072269783107e-01
4.250787171238912809e-01
-6.901442221068095073e-02
-4.598150570309113561e-01
1.333872388153473920e-01
-3.640821308667396283e-01
-4.773769451476513326e-01
5.040862380678579058e-01
-3.287000079079007708e-01
5.328299257562949531e-01
-3.564586228213718899e-02
-2.432218958660835872e-01
2.721059366262381651e-01
-1.151801730913639549e-01
-1.985266427912635856e-01
-2.532289381772773185e-01
-8.071819944090288246e-01
-1.554691587130981045e-01
-3.506729707482522662e-01
6.666298047619693967e-02
-2.885057773532928027e-01
1.488956720255960563e-02
-1.854259498480828605e-01
-7.040579389511781860e-01
1.750604429349680857e-02
4.549788336196601835e-01
2.582038386057140811e-02
-3.416073449505388493e-01
3.696660452408813136e-01
-3.884523332581966137e-01
-3.252138994150845508e-01
3.683156063938993613e-02
1.484290688359319599e-01
8.950618906021430288e-01
6.197748053160462289e-01
-1.475153420382565306e-01
-1.929220403827144881e-01
6.636950093395954653e-01
-4.124163731517450082e-01
-7.836729209382686800e-01
-6.101277870840606798e-01
1.403614339853030968e-01
-1.434532697834253745e-01
3.487790955825794542e-02
-2.513889022549968266e-01
-3.100488598237973736e-01
1.562052034324371702e-02
4.537708411009171439e-01
6.131132230649191106e-01
5.156016546076681584e-01
-4.078628232241218038e-02
1.551209169762040874e-01
2.353617473305160690e-01
3.334589984132605434e-01
7.844129260233433376e-01
-7.889748401256809762e-01
3.982332452020595492e-01
3.187420805381761535e-01
-2.581058016539614086e-01
4.932633371791221299e-01
-2.603388182878992874e-01
-3.864672539567843845e-01
-4.364453775943618608e-01
6.064573777031448953e-01
-2.471888647360455382e-02
-2.845096119085649411e-01
4.705123902908831535e-01
-4.585749653034469908e-01
5.544152490655103460e-02
5.315355324180228713e-01
4.750359326516327974e-01
-8.205904426151768849e-01
1.658452433825509942e-01
-8.884432461232780742e-01
9.808029129083832565e-02
-5.892702409167088762e-01
-2.476971987743565584e-01
-7.112040652093132298e-01
2.902369464434519375e-01
-1.440781701063390263e-01
1.774454359218680388e-01
-7.185221257925822336e-02
-3.287518759166647153e-01
2.675021876839277502e-01
-5.749373929846688380e-01
4.829558655580880044e-01
2.433154643656772198e-01
5.601565147237383968e-01
-3.695184204404432515e-01
-1.681524167169873574e-01
-6.895440421214400484e-01
-2.189949557565053773e-01
-1.925544233323803200e-01
-1.301477881481456766e-01
-2.840177578836484626e-02
-5.222144090167260000e-01
-1.817668891834074152e-01
-1.240278579165495498e-01
2.961450464729670218e-01
1.859279222733802861e-01
1.953357188135914635e-01
-5.822363438047975515e-02
3.265622734776809089e-01
3.460291511111202589e-01
1.256006925144218800e-01
-3.074263190494691544e-01
-3.580480964765531682e-01
-1.564951644706091827e-01
-5.264098049802481416e-01
2.102712729704273309e-01
-2.287234399631756510e-01
-3.008361469735559290e-01
-2.073021909098922144e-01
1.796783015218821333e-01
-4.826731387924569905e-01
3.122057600472763483e-01
-4.828972616423671954e-02
-5.103802955077817449e-01
5.094222277907218821e-01
-6.496482969095094262e-01
1.243963398618437577e-02
-7.879871793089951448e-02
1.567841183085789958e-01
5.607802089677222934e-01
-4.019278720004580974e-01
2.242597321556501766e-01
-5.390522132127261168e-01
-5.835398070429481665e-01
-5.364088991697113507e-01
-4.940479728720261754e-01
-4.155291304408528230e-01
1.632561007298054256e-01
-2.585114457424924628e-01
1.368412634442799369e-01
2.335802545759184390e-01
1.323479345934446254e-03
7.482557424942753999e-02
8.156416500977654860e-03
-1.508360139741872219e-01
1.429391363365087597e-01
-4.534131988387021250e-01
-2.649525789726543956e-01
-1.979049909979713473e-01
8.185652525612667485e-02
1.003526978670622322e-01
5.310958193442741893e-01
7.164162332819433432e-02
1.517950371582412750e-01
5.956093066956706927e-01
3.115550611771584211e-01
-2.542085979823284769e-01
-5.226001280577715485e-02
6.206572456394075787e-02
4.479542395874939742e-01
3.884156574311021792e-01
-3.815263122868215451e-01
-5.562420990435840151e-01
-1.157422747451468253e-01
1.348072245487906985e-03
1.125670178674357674e-01
-7.085987377957303490e-01
-1.488314843064477951e-03
1.869717470067292497e-01
-4.587144440897124031e-01
-1.849135528329284017e-01
-1.287910467070830234e-01
-4.168254006091632879e-01
9.987060071319417420e-02
4.261981801812116943e-01
-6.718546411567175580e-01
-5.759875016843754025e-01
-7.288437719471749232e-02
-5.812974087411188796e-03
-1.769706364703900192e-01
4.260283507473022757e-01
