4.002538290279920863e-02
-3.409875598144346820e-01
6.386998977448121728e-01
-1.792098509743717538e-01
1.896503159836041008e-03
3.380547448101356434e-02
9.630835423505533510e-03
-3.137092782358785747e-01
3.931567035546627564e-01
-1.383343549793631388e-01
2.694859327360853846e-02
8.452929843124500076e-02
-4.176919169481704275e-01
1.111442599349135307e-01
-6.438926703708522936e-01
6.497021191176797217e-01
5.590539812363062300e-01
1.093052042948813862e-01
-2.261986383646404919e-01
-4.991759556179622276e-02
-3.017806163467743330e-01
-4.949411748363388153e-01
2.497339616403451701e-01
-1.177960493754449389e-01
1.432925112079765362e-01
-6.051938180000935308e-01
4.590064400277926726e-01
-9.423856744430868237e-02
2.562969831850240854e-01
-4.491780359434895953e-01
-1.425529998028080003e-02
-3.867687456923131206e-01
-5.817956039678874314e-01
-1.876761411328408125e-01
-1.619328894978543376e-01
7.952591610458725757e-02
-8.377255298699540220e-02
7.366636604123055765e-02
-3.622863941290158651e-01
-3.745191655633826056e-01
-4.216679316440132830e-01
1.625959510121239293e-01
6.906619463119814117e-01
-3.325166789198543138e-01
-2.204333240107073794e-02
1.633418688627853443e-01
2.808244782304278320e-03
-3.924389764446294393e-01
-5.258997771040005986e-01
4.567249891060604083e-01
2.445407808866431609e-01
4.829577338988026436e-01
5.234210073611227365e-01
3.271141711074406766e-01
1.814831913745817982e-01
-5.931303548109583684e-02
1.323086857781858305e-01
1.101099468015806909e-01
-2.616548132522578674e-01
2.320037132929339899e-02
4.903855525586169328e-01
-4.446188149117771826e-02
-5.351211278401517280e-02
6.333086694555939422e-02
1.400303808414527507e-01
1.118901878151314089e-01
-9.238583472303762978e-02
-1.413999736069775359e-01
-8.660308348027706549e-02
3.296015401081999752e-01
-2.730637429425998297e-01
4.073464756492232719e-01
4.414868737525239062e-02
2.191528995124536194e-01
-2.314396101012282658e-01
5.211928629874050534e-02
-1.988024423299147858e-01
7.492250087484469967e-01
-1.709021470560032896e-01
6.667513956131438935e-01
-2.046130430103562381e-01
-2.898028058988622591e-01
-1.485790967272467289e-01
1.078973982380350416e-01
-5.871293879831027129e-02
6.745897033671886811e-02
-1.388808526592351655e-01
-4.855487895189822822e-01
1.417451973119343012e-01
3.570032426352626187e-01
5.036638337467110871e-01
-1.257588777121476098e-01
-4.066436960642552667e-01
6.358316554729209757e-02
-2.618940130070283034e-01
-4.093188150601997366e-01
-5.365558701855597246e-01
7.938617580386593264e-01
-4.827494182815964541e-01
3.537953075283218896e-01
4.983297206869100049e-02
-1.948629520837563689e-01
4.014159461315554012e-01
1.512970011955452054e-01
2.670480796579267208e-02
-5.296499063236162486e-02
-4.470479567093343376e-01
-4.217194500232239740e-01
-1.643176217354135882e-01
-1.575978033127171940e-01
-1.374431760702054250e-01
1.590973434993362967e-01
-2.367899462476471539e-01
-2.311103790628994403e-01
-1.166419565541075010e-01
3.875143759842804292e-02
-2.383683571573477211e-01
-2.602168517534285130e-01
3.782166429808752062e-01
-4.796099488079506035e-01
-4.369628855894798769e-01
2.426828334703240997e-01
3.210571456646868493e-02
6.098492904181261887e-01
4.981908107108452555e-01
-1.720031523494273684e-01
-2.280685902265499124e-02
5.982974273791532571e-01
-9.014498018006186775e-02
-4.692639517677278382e-01
-4.012667426342442778e-01
1.421143604103888569e-01
1.353504331134353367e-01
3.435991820996928819e-02
-2.321142806391097713e-01
-3.095574229171421110e-01
8.800221715814696144e-02
2.386722765832219872e-01
7.375020824371819606e-01
4.681357900885331214e-01
-1.267330827956512362e-01
1.612661295489084545e-01
2.891826200877253283e-01
1.531028970265316536e-01
4.573125073426571596e-01
-5.092060661194707238e-01
2.091731020609248481e-01
3.088982051788300431e-01
-2.593891534061521509e-01
5.746269406579764816e-01
-1.199519362150311963e-01
-3.027565290681099586e-01
-2.067802760177248067e-01
5.483717570857110646e-01
4.826965961176579029e-02
-2.379094663477722693e-01
4.731894436166007023e-01
-3.817781922064681366e-01
5.138486951489432825e-02
5.305663678200954747e-01
7.130496838050633945e-01
-6.990785891990357603e-01
4.820546438984816273e-01
-6.471855263596623109e-01
9.738894319866006621e-02
-5.684893377851139018e-01
-2.411255285309343854e-01
-4.067308702847173274e-01
8.170582389247535438e-02
-1.100606006329148678e-01
1.308588681512247165e-01
3.987849792547211725e-01
-4.338903919172547585e-01
5.261563828475202681e-02
-1.931705532570566763e-01
1.333687334864398222e-01
2.516934090671768542e-01
4.173000365758549046e-01
-4.040382204683786727e-01
-1.688952825007029590e-01
-7.416184029364285557e-01
-2.007730524855118048e-01
-1.839321475759441438e-01
-8.436537258834883590e-02
8.768941294817275689e-02
-5.576418903646432890e-01
-4.433514185669784613e-01
-6.357480924041487569e-01
4.237387990225141010e-01
2.477046587085800500e-01
2.929305691166787518e-01
-5.148085381541146477e-01
2.834654038196696701e-01
6.800902086040117034e-01
5.307466419933295487e-01
-5.892247574908241470e-01
-6.494729207060156995e-01
-1.332954850103105215e-01
-6.847106433861561703e-01
-3.644626688820052918e-01
-2.279849942681058950e-01
-1.000000000000000222e+00
-2.085801034825372491e-01
1.765061210067071507e-01
-4.791836208641088168e-01
3.135805774777210009e-01
-4.342354254899095656e-01
-4.475820258017101927e-01
5.127252545673959272e-01
-6.212460560869061954e-01
-2.875991101001670880e-02
-1.227481078515014340e-01
-8.223565370440658051e-02
5.644763420708107660e-01
-3.364053498197449033e-01
5.815845204947279329e-02
-3.696987110160311341e-01
-5.832082923235345495e-01
-5.217542506595658214e-01
-6.716041179774954184e-01
-4.799859486525208108e-01
4.771269673654873200e-01
-3.996947455860859755e-01
3.111347191886786046e-02
1.912387877710024775e-01
3.005493299973370155e-02
1.264080037061660056e-01
2.003558664035700460e-03
-1.359258455079866978e-01
8.729116666886817255e-02
-4.148124227939585240e-01
-1.929405317137687648e-01
-9.120552936244617076e-04
2.502774493530637856e-02
5.918646928740568802e-02
3.218078604577750967e-01
4.949867142491050365e-02
1.501143686894377827e-01
5.353386941597015891e-01
-8.125539399717615630e-02
-2.047491661472044255e-01
1.819319108249822098e-03
1.269696715154718381e-01
4.124080479355841655e-01
4.279084631887491996e-02
-2.437947667792694229e-01
-4.721045406494330243e-01
-8.477030532741823554e-02
-1.322083733882693513e-01
-1.112740793485993834e-02
-4.547237636196029276e-01
1.025797714053916787e-01
1.556027898290050504e-01
1.249100028700705911e-01
-1.188519359513379170e-01
-5.330368875524207906e-02
-4.797319539987532355e-01
2.070438594265645305e-01
5.783374738032499573e-01
-6.137674809131201670e-01
-5.989294336712767119e-01
-6.124943135010092396e-03
1.005601795811325583e-01
2.583548293118881345e-02
3.276236039497177899e-01
