1.612145459568181116e-01
-5.897284310655941386e-01
-2.384912884840263980e-01
1.564961785654879201e-01
1.065185303919578136e-01
-2.559138817517807585e-01
3.857561777281972581e-01
3.566158189976789128e-01
2.455569457919992704e-01
2.413313810148673411e-01
-2.606800594825296469e-01
6.325161662678795427e-01
-1.812565850509304799e-01
4.508962867548583775e-01
-4.819936101983177124e-02
-1.222170379845423371e-02
-8.397517074416173399e-02
1.405207581988718313e-01
-1.761608699597010108e-02
3.070398565789752565e-01
-1.549442723430737301e-01
2.440323272988861036e-01
-2.473405380512275209e-02
-2.744604867032848228e-01
-1.538850882271415588e-01
3.862064004851538113e-01
3.048263204738990151e-01
-3.449632191439063744e-01
-5.459679885870082072e-02
-3.927938487612697704e-02
-7.642824893817381504e-01
9.165487587538933001e-01
-6.798732292293193646e-01
-3.702726984375789843e-01
1.018653378642039725e-01
3.987707223830469494e-01
1.436074996729282960e-01
2.560303854679188973e-01
7.218826553568074011e-01
6.179734264633729435e-01
5.718093055679682735e-01
7.808476679345491278e-02
5.168896957222151034e-01
-3.117543266075247232e-01
-4.953943770853709294e-01
3.643529139706156994e-01
-5.710485347011642343e-01
-6.256833556379090555e-02
-4.078892125116929668e-01
3.517457804928064147e-01
1.611063743060598130e-01
6.240055205779538872e-01
-7.736417825175265217e-02
1.260403851800574460e-01
1.221296100442703370e-01
-2.426720428118362416e-01
-2.376907873021369411e-01
-3.147992929782063576e-01
1.376032882646466282e-01
-1.083244183425882134e-01
-2.664617089963737806e-01
-1.772956434457518826e-01
-5.059565662602029390e-02
-7.707730957420039219e-02
1.543192239258467657e-01
6.314214145636734554e-02
1.324555973449915713e-01
-3.094304880891315390e-01
3.269983088910843189e-02
-3.592970991777845180e-01
-2.453757736651353827e-01
2.569402915116181241e-01
3.305060279529991457e-02
1.992392831285430543e-02
-3.138585929835439603e-01
-3.210466736253426642e-03
-2.018092485893336896e-01
1.064845289631509984e-01
3.565111413789421313e-01
1.941355103301037610e-01
-5.145073641917923268e-01
6.044737932997160113e-02
-2.391402870862598395e-01
-5.707968597455657100e-01
1.220245890836707814e-01
-1.237700131852366436e-01
2.865986466209936578e-01
2.277334157503456136e-01
-1.100644933330475472e-01
1.836174913290696264e-01
-4.527337060678982561e-01
-1.256617895680722519e-01
2.196156531826532615e-02
3.831202174418276707e-01
3.284828394229515891e-01
-2.959651498617285603e-01
1.967005041096969720e-02
7.536982987091866981e-02
1.626519865076806182e-01
-2.411877419182259508e-02
-3.167004140908565857e-01
-4.831461256969697415e-01
-2.083074177407009397e-01
-2.265381617788361779e-02
-1.126901558528797809e-01
-2.211211613620815419e-01
4.876618669975014697e-01
1.531690749083868264e-01
-4.401543023200081839e-01
-2.369868608774604035e-01
1.913762938352696064e-01
1.502127038552190097e-01
5.972494441066000803e-01
-1.165277300929716542e-01
-4.743403580848719603e-01
-1.426118560254794609e-01
4.260469769965057885e-01
-1.731950412921533788e-01
-2.204470124475232939e-01
3.570080298020675280e-01
-6.862091528768421433e-01
2.244649972088398338e-01
5.725470684238107566e-01
-1.306077127951388028e-01
-3.418577232257065113e-01
-1.101788751418431439e-01
-6.226468621535994341e-01
3.893472142919643386e-01
-4.061362831058979439e-01
2.845678968220390764e-02
-1.414680735964927299e-02
-3.468493816519414574e-01
1.556900052192193296e-01
-4.961551727194676298e-01
5.007223398935857217e-01
5.673795209105931825e-01
-2.105516257038759012e-02
9.943832602252078434e-02
2.089230029378695286e-01
7.874476218425102703e-02
-2.639220330073577814e-01
1.847143728694761455e-01
-5.428994389576156099e-01
-1.651450347178489431e-01
-8.470476381627366214e-02
-1.612674680863664389e-01
3.989784843286028337e-01
-1.256564841330862908e-02
5.305663975691992870e-03
2.595549938333353013e-01
-3.668745048175061085e-01
5.144161534429747551e-02
-1.311339137194674764e-01
-1.897875875167732984e-02
-2.418345167983299016e-01
-2.340751494482918582e-01
-4.348510534124204185e-01
2.621056924447268122e-01
2.969375245896725968e-01
6.171430570247268821e-02
-5.465964153802691516e-01
-6.606646761910820453e-01
-1.755961813451368814e-01
-3.645783882032718748e-02
-6.976582464580617648e-02
2.455588431320583354e-01
-1.838362514929610669e-01
9.625135221744395009e-02
-1.182325270799892691e-01
3.350050693314137601e-02
-3.143639076215926087e-01
1.403555484211214677e-01
-2.448794540705462042e-01
2.541307529870447945e-01
6.624287875696498462e-01
6.602480964728757451e-01
6.255282767463027360e-01
-2.175132747781089448e-01
4.476260409345036995e-01
6.784783893753624229e-01
2.667430675941657170e-01
1.201101010263745522e-01
-2.116167146057301440e-01
6.632083217172800582e-01
-5.991701216682442377e-01
-5.206711325631913079e-01
4.080404182798317292e-01
-2.518308846997971973e-01
7.756501836601354949e-01
4.848864418699449508e-01
-2.889439461784192864e-01
6.269269351698598253e-04
-1.253336796681862320e-01
2.844788507617407314e-01
-3.173425280012480143e-01
-2.349972692646971340e-01
-7.092686728976865806e-02
6.785902381006714279e-01
4.532880384229241721e-02
-1.016533514860685772e-01
1.192918699426743362e-01
6.751904879616822397e-01
-2.728251935072150136e-01
-1.326345309916354132e-01
6.070277501519109886e-02
4.989091068190056738e-02
-1.118948437203657054e-01
-1.446131712259987323e-01
7.118344780767552615e-01
6.510660141765283182e-01
-3.567565723538323325e-02
-1.424168389790961831e-01
3.186163099981659252e-01
6.231333870365639571e-01
-1.591143493006572651e-01
1.897979878180826585e-01
-4.242018662752575914e-02
-4.447859745695035838e-01
-3.282056717507277899e-01
-6.050860692339793401e-01
-1.711661238019598907e-01
-2.159537858919789999e-01
-2.627660484019314624e-01
6.741723351074810910e-01
-5.492979818594098118e-01
4.855872848314007201e-02
-2.098610545923898230e-01
8.136316438665136541e-02
7.979302619866042445e-02
2.749429273385679551e-01
-4.016617553936845941e-01
-6.876055956035737049e-02
9.191642929761214553e-01
-4.139151600151300125e-01
-4.263456657480605427e-01
4.434505216995960342e-01
-1.716399723177011449e-01
1.473407905481256552e-01
-1.149705739164385565e-01
6.142649947480293554e-02
-6.387971519293682565e-01
-2.059868444287960010e-01
-3.113835428046290432e-01
-3.258319243188682879e-02
2.143512050898266352e-01
-4.747493152621290458e-02
9.401492120617566117e-02
5.535130364788803936e-01
-1.601610314818718017e-01
-5.107186112210935214e-01
9.507917079040514863e-02
-7.048575827944612016e-01
2.264750246945279599e-01
6.438172611893411279e-01
-1.375268457941055955e-01
4.944012872452967500e-01
-9.055584062608693086e-02
8.599320713238353675e-02
-1.238060600864505367e-01
6.910262536181750459e-01
-6.393657820681825088e-02
1.024771160710846174e-01
-2.851872994974695152e-01
-4.345155360091834673e-02
1.558370559084119034e-01
