8.039995352336826162e-01
-9.984683924099184704e-01
-3.742730662367199646e-01
1.544218428315463632e-01
-2.156833201786763077e-01
-2.168892959738492332e-01
7.669059270786142690e-01
2.755597486923504480e-01
7.795209382701320799e-02
1.000000000000000000e+00
-8.532298105267861477e-01
1.587505196728358214e-01
-3.583140281765114787e-01
6.019928002419872026e-01
4.685822482444850223e-01
-1.212493573207309439e-01
8.027689641145239197e-01
8.650241396547628248e-02
-5.691382929515591549e-01
5.411153158518255957e-02
-1.676486837434135457e-01
3.846056844283529674e-01
-7.693109486595273161e-01
-6.797664259333868753e-01
-2.381899091196120477e-01
-3.027208819402706363e-01
-2.974420056559002323e-01
-7.279819223340154855e-01
3.442574258655438646e-01
-4.351160665539158812e-01
-5.406230186851638253e-01
3.239323029162174961e-01
-6.560417612227732731e-02
2.922752809668415774e-01
4.144883549608837647e-01
-2.261869371850634969e-01
-2.663271995850056140e-01
-4.794387081050382332e-02
-2.917951079932362690e-02
-1.976116382432365759e-01
4.399693107406954518e-01
2.701978938245429979e-02
5.078989423365771749e-01
1.349480738624064535e-01
7.664465808517023637e-02
-1.503021216866250453e-01
2.943642941385861411e-02
2.691890331906666711e-01
3.704684508277428789e-01
2.870447933999279999e-01
-2.894048374014794867e-01
1.000000000000000000e+00
-2.659902966413827952e-01
-4.653805509094727233e-01
5.071498417385312402e-02
1.681320874485511818e-03
-4.512634234619870011e-01
-7.061559522507303566e-01
2.679646291808335246e-02
-3.352566180453999123e-01
-4.294124691092665591e-01
3.560215567621858868e-01
-3.317876181698351523e-01
-2.066216106403470643e-02
8.310874164825678145e-02
4.953352918978354280e-01
3.982002666157680171e-01
-1.000000000000000000e+00
-1.675995579125000301e-02
-4.172341416126759683e-01
-6.452542461552341901e-01
3.820124978263815807e-01
6.398432275866909880e-01
2.797700312630321817e-02
3.000046812885286823e-02
-1.075537243539140542e-01
-2.245887609545020869e-01
-3.169431142418539515e-01
5.783828528470047470e-01
-1.773946621404771246e-02
-8.275064277519278422e-01
-7.000474138419554571e-01
-4.775807348379739192e-01
-9.345206195479700551e-01
-9.787371685964446621e-02
-2.119858468213254299e-01
5.729719302078738474e-01
-1.208618870166929815e-01
-2.014270218669025059e-01
-2.431301661616830367e-01
-7.827159241227523712e-01
-2.738571588675758547e-02
2.785488347410587928e-01
5.441798208386467994e-01
7.626092536938056110e-01
2.343192406592172483e-01
-4.358478078511853759e-01
3.141225159602962780e-01
2.655268808161077576e-01
-2.485076367121927532e-01
2.833520085491968432e-01
-1.118647789836522966e-02
-2.668658953346356166e-02
-1.087169604951869345e-01
-4.950345064064078926e-01
-5.172497168842663529e-01
-2.267187073097746142e-01
1.191833912786266769e-01
-1.224920598564008256e-01
1.379100189523660980e-01
3.076783810408927344e-01
7.382538232122054511e-02
5.464189384118018911e-01
-4.311718398367637706e-01
-6.570819828686217390e-01
-4.865252060527868738e-01
4.316122869785030819e-03
-1.277700235969038145e-01
3.844705441499765564e-01
7.305535228057127295e-01
-1.084783798052508241e-01
2.001318049448650993e-01
9.273147167056283724e-01
4.523908817469940447e-02
-6.533765522103930357e-01
-8.666113991980445297e-03
7.738958574426633985e-02
3.694760183608951087e-01
-1.925168564300182572e-01
2.162984513898866812e-01
-1.976411868875885269e-01
-3.688867895985675216e-01
-1.105930571212959679e-01
-2.080526387165554381e-02
6.489367636783190951e-01
3.946857943376134159e-01
2.903952749931809629e-01
-2.369304433572452795e-01
7.261280115767326793e-02
-6.859743956583763680e-02
-5.241591836236384472e-01
7.221322615980718673e-01
-6.550340025450455128e-01
-1.000000000000000000e+00
-2.311176855798151852e-01
-1.808388045021988855e-01
4.345370576057919210e-01
-1.684724186992506839e-03
5.195277687392351601e-02
-4.300339999811608749e-02
6.551362559602487423e-02
4.536805002091799377e-01
-1.591361903415181717e-02
-1.008325106128467874e-01
-4.950683311891414529e-01
-5.751169196209831025e-01
-2.508272538296374421e-01
4.240380600522337118e-01
-3.355555598402259337e-02
2.239554397310143941e-01
-7.351154771489838424e-01
4.877789196046095066e-02
-5.310943457996741834e-01
-8.962041703312311203e-01
5.560012822692868284e-02
4.330523671475537961e-01
7.506379156533696251e-03
2.222923892637255483e-01
-6.811831751678267821e-01
-4.998866067936992563e-02
3.983572437124813237e-01
2.491424628484761594e-01
-8.110850924457312094e-04
-6.085360415310442361e-02
6.984477224162751741e-01
8.563869050246659675e-01
6.472830077008364658e-01
-3.204448054481797703e-01
4.224298778674039911e-01
1.830625775475343553e-01
1.461054529544678626e-01
-2.257597249145013030e-02
-2.735080276718141468e-01
5.274084515343905322e-01
-6.522758205385591479e-01
-3.218590962419969337e-01
1.734281620969710946e-01
-3.690018926796267973e-01
7.613474349273974262e-01
2.717741824606635381e-01
3.002367301702363322e-02
-6.413213346851164287e-01
-6.888520362703900446e-01
8.754689584827010096e-01
-6.177748031761047531e-02
1.676871475448991067e-01
5.358334492059608767e-01
9.508036044333894043e-01
5.288013430663309755e-01
-9.781300624630111518e-01
6.857675837029306720e-01
6.996635171443272849e-01
-4.508732100186021996e-02
4.595840324763078577e-02
6.682611912443092717e-01
-6.633477150674347289e-01
6.457683528423704966e-02
-7.095862859738106820e-01
9.330028104666825417e-01
9.753308587836453381e-01
-3.281692717292458705e-02
2.852364899147792343e-01
-1.576373163314874759e-01
1.000000000000000000e+00
-1.000000000000000000e+00
3.191163037194792995e-01
3.122776507643525434e-01
-8.424258081299573764e-01
-5.148500036603447239e-01
-8.931810975852831902e-01
-2.058885581048426339e-01
6.053586037098886152e-02
-6.874993394715771533e-01
4.666184321848385608e-01
6.254241237243274298e-01
-5.318744775476539344e-01
-9.325727887569392749e-01
7.371724511273327618e-01
1.036867159161067864e-01
9.722565349810652346e-01
6.195778135479580451e-01
5.895949120362601326e-01
-1.205670804765666265e-01
7.728889276761992111e-01
-9.177459138457113585e-01
-7.079309277836287606e-02
6.435733526572329222e-01
7.487097433229743526e-01
9.154785192057366405e-01
7.417504124868747883e-01
-5.671557862083820289e-02
-4.299380241989060325e-01
6.075297995579282961e-01
7.931169444120036438e-01
-9.794163876245662870e-01
-3.800878897783050991e-01
-9.004501577267400858e-01
4.104036804204906908e-01
-4.450716811561535313e-01
1.000000000000000000e+00
3.802376507981932718e-01
3.370476037912548128e-01
-4.751735198527968773e-01
-3.271375323081398001e-01
8.261772868468009179e-01
-4.781362442531721935e-01
-5.922893920539231694e-01
-3.129548846996476619e-01
-5.568527688591046187e-01
-7.084265017247564078e-01
8.855121548267550491e-01
-8.465097149675377963e-01
6.782095083173995675e-01
-4.393861879060434461e-02
1.365763061105536025e-01
