-3.831707001425667114e-01
-3.400905505606679480e-01
-8.698962521455318175e-02
-8.922577248230295632e-02
6.182427176084834830e-01
2.517267836586626339e-01
4.485099286811691788e-01
-6.212423194509097968e-03
8.350398637946648828e-03
4.213193605075772341e-01
-2.440261419213148875e-01
5.458180387802054057e-01
3.702930127046671904e-02
2.529058621191837553e-02
-9.812104040117942960e-02
8.067321071175209690e-02
9.071210955017271205e-02
-2.895455185265867204e-01
-8.304826088247338478e-02
9.838919983596192131e-02
-2.448975578344542159e-02
2.001232823948687761e-02
-1.429947664611790903e-01
-1.364569247315715050e-01
-4.702160488256533488e-02
2.897240523264948964e-01
2.673333445538510489e-01
1.077335449252200816e-02
-3.186366670114099131e-02
-1.209785575312305878e-01
-5.126667829553281930e-01
4.645874607711606985e-01
-2.745588655121039001e-01
-4.831524138289626791e-01
9.839059128852487013e-02
9.678911113437208003e-02
2.452201469171589321e-01
1.501499367098670656e-01
4.659198666952386603e-01
5.588391733286350860e-01
3.408282153021076066e-01
-1.461127117305948131e-01
-3.899865887609749171e-02
-1.145250979719060896e-01
-1.421767120167330978e-01
3.874875722660843791e-01
-2.928036890858285446e-01
-1.792810443166390488e-01
-5.150383414432818663e-01
9.528728439673861406e-02
4.961376243027384308e-02
3.595790517032006472e-01
1.442986846030372694e-01
-8.526257727161286326e-02
7.292703882412922278e-02
-2.406109592779009376e-01
1.403026063244118271e-01
-6.270458545136872730e-02
2.108976852771085042e-01
-2.685108269995045704e-01
-1.204987420578435692e-01
-8.215426921539821514e-02
-6.316301193704210518e-03
3.558260645801175071e-01
-8.100114295064523434e-03
-2.205144609819283119e-02
2.824998665264348841e-01
2.509715159206354351e-01
-8.394889042531349099e-02
-1.308220565170466199e-01
-1.009426702815593158e-01
2.979350721361938015e-01
-2.634054182717341930e-01
-2.891223629549705687e-01
-1.243089559033255381e-01
6.173406446067193631e-02
1.024626461104894380e-02
1.431849422393259852e-01
1.845237478588762081e-01
-1.313425212907877171e-01
-4.352333410611535225e-01
1.263826658128104977e-02
-3.662854620644879766e-01
-4.054108976832400124e-01
9.595813080201424927e-02
-6.019436931410861169e-02
2.458185346474270339e-01
2.051870599604412038e-01
-1.250881229034265796e-01
1.753890296979455643e-01
-4.429080590848682442e-01
-2.260298109306747016e-01
-1.187419734777023228e-02
6.266656134439261283e-01
4.369694339124700067e-01
-2.399482163724228345e-01
2.952331280253440993e-02
7.603988087266537466e-02
1.669814566115920274e-01
8.682215337041368497e-02
-1.755029238841716022e-01
-4.636922986841996441e-01
-1.702890382122966839e-01
-2.965657520360394095e-01
-1.431704694456291393e-01
-2.268561040131547024e-01
6.838634877626186270e-01
-5.771583486286194220e-02
-4.340127020098384358e-01
-1.812485865040119604e-01
1.821587742793712161e-01
1.770400895900942073e-01
4.866229359937896959e-01
-1.712870741967724986e-01
-4.488005582642423663e-01
-7.900696218479945354e-02
4.019150122016260651e-01
-1.961204945450519266e-01
-3.730369431301795713e-02
3.972641983809622745e-01
-6.304400294149964390e-01
1.711468515838532878e-01
5.514294811219916381e-01
-6.710574115258879924e-02
-3.997943580791800677e-01
-1.180687914993817228e-01
-4.883202784742136648e-01
3.285596404571551887e-01
-2.813215540100125756e-01
4.798303061561846883e-02
4.592233793120903407e-04
-5.354541593839795555e-01
-5.998390316736842975e-02
-1.904114653248068501e-01
5.488664392519705393e-01
2.013985307155638782e-01
1.750008871741429717e-01
-1.052982454828376574e-01
1.006807685282936904e-01
7.756646591157453918e-02
-2.459840512620906638e-01
-4.179105488072046848e-01
-4.397938880026497355e-01
1.301297597107105575e-01
1.516892851361898442e-01
2.264161000634748455e-01
-2.868680687750529978e-01
1.021426880647060137e-01
-4.484566941042900101e-01
-4.650690619604856968e-01
7.112990433247727562e-02
1.246503578479046942e-01
-4.171156711149942575e-02
-6.938811793081284263e-02
-4.603954443385584461e-01
-2.902404501982322471e-01
-3.379022168622389244e-01
1.959170983786576725e-01
1.835418962843161084e-01
4.455596461100644334e-02
-4.700425281319514093e-01
-2.114822040589957597e-01
-2.593275497826162956e-01
-7.790483363653062654e-02
-9.296028606820078144e-02
3.418340601621296937e-01
-1.113842348301954527e-01
-2.857475154234940737e-02
-1.054902534385879082e-01
-1.021517486426645749e-01
-1.693894547418875463e-03
1.515684011365925898e-01
-1.303247384729546710e-01
6.087001870666576553e-02
6.715638142664626109e-01
6.032815255445616032e-01
5.327960484615815728e-01
-1.910066160674701863e-01
3.742758616422393048e-01
4.464040089785143994e-01
2.318118081457791746e-01
2.608188559744693547e-01
-1.481219406399257310e-01
5.842019232061942402e-01
-6.081352496852360234e-01
-4.444724153875103112e-01
4.074392810959758804e-01
-2.527524765152203701e-01
7.716507484251602378e-01
4.796117470212093448e-01
-2.948590950199991845e-01
-2.389444971546432137e-02
-1.184404341049952875e-01
4.817530247930543741e-01
-3.005321745598511507e-01
-1.697213175950682273e-01
-6.938780389762287670e-02
6.656268572147499007e-01
4.643750132358251403e-02
9.376765607921430656e-03
1.224273848467378745e-01
6.778285124407406048e-01
-2.628100276182129269e-01
-1.234220089197057418e-01
3.953344572659750478e-02
3.687938897042949971e-02
-9.807158290099431130e-02
-1.493762620966528065e-01
7.084667868481474562e-01
8.582520744676221947e-01
-3.950063047723896548e-02
-1.510129346537434636e-01
3.177726537251502337e-01
6.210432702459501852e-01
-1.698585745597132601e-01
2.529832761661890972e-01
-3.664538048322389663e-02
-4.501328547635712884e-01
-3.434199598277888343e-01
-5.395456326346248499e-01
-1.711582340929857227e-01
-2.369772467831796903e-01
-3.427877475445491040e-01
5.786554568444269853e-01
-5.265061274221832788e-01
3.538802027388690541e-02
-2.832848296602755722e-01
7.555141689452803122e-02
1.748788388619964829e-01
1.834505326820094762e-01
-3.797193913125712639e-01
5.950668113161930450e-02
5.608582789417047021e-01
-3.492561548284998652e-01
-4.475745087559039326e-01
4.097652398361747994e-01
-1.544326370049069752e-01
1.562681788565462582e-01
-1.437317667587238723e-01
6.740259816130772519e-02
-7.601788289790479825e-01
-1.383583095136710905e-01
-3.946295977835769242e-01
-3.192564736125594327e-02
1.907162442928573565e-01
-5.595586923364720411e-02
8.747054480073329641e-02
1.352618180298140738e-01
-1.618192444041115230e-01
-2.830134491979283129e-01
1.633043129130479776e-01
-7.487032978886137835e-01
3.329623358242591036e-01
2.745216015775113760e-01
-1.360771280237045300e-01
4.918177332431851179e-01
-1.184694331605370826e-01
3.350025094013489579e-02
1.246730913050092190e-02
3.594036776753609108e-01
5.044668581166981969e-02
-1.488031350460660915e-02
4.921623930226527721e-02
1.242419996339340360e-02
9.349398717878526499e-02
