-4.484738260327397752e-01
-1.688808340151420895e-02
1.374185467001184935e-02
8.968416347915453279e-03
3.720900265661314377e-01
-3.412455518750900918e-01
4.950960990218454816e-01
8.528619946052324874e-01
-2.633129432168557216e-02
-1.643523311185824953e-01
3.471736658233343653e-01
2.008758330413635274e-01
-5.397738201865602825e-01
3.242165727259040953e-01
2.923534782182634628e-01
2.341253826891470657e-01
-4.738892983907649348e-01
9.243649015221985787e-02
3.835193121773918801e-01
7.012342773168966925e-01
1.460833422000694659e-01
3.827370326905297770e-01
-4.949336262608586279e-02
-7.047362892361266340e-01
9.444723964363221924e-02
6.169805804629480139e-01
-2.130686379384554296e-01
-5.603299192905200066e-01
-1.507644193994230053e-01
5.239547301927623968e-01
-3.944220166232437208e-01
-2.259264755971746030e-01
7.064976920989035625e-02
2.220539173295542346e-01
8.119408766391195131e-03
-2.855769252743084463e-01
-1.390322725346934130e-01
-3.568738506923430642e-01
1.750605616188954938e-02
3.122777806754649665e-01
5.638211377496835652e-01
2.344161530500573909e-01
2.851964365761670006e-01
5.292781828158183988e-01
-1.769796759603532721e-01
-1.614357057607470336e-01
-9.616502285856241838e-02
-5.802931084746693058e-02
-2.469124682517491176e-01
-2.578859153375228086e-01
-4.394689758369472732e-01
2.363946047182206578e-01
-1.608444073954074516e-01
-2.995558948918164432e-01
-5.661971152914639926e-01
-5.819231093664118948e-01
-1.814540540846406591e-01
-4.574808062019877219e-01
-1.168005669698786303e-01
-9.241412149853220348e-02
-4.859661952346090996e-01
-1.597909886094369125e-01
2.712453865058485070e-01
3.499178162424169125e-01
1.452960619361978456e-01
1.567560669582841459e-01
2.594762220964562660e-01
-7.208573128343510605e-01
1.259782767984614082e-01
-5.180610878644231754e-01
-3.361156993226951384e-01
2.723143602351874026e-01
3.845819072644361958e-01
-1.862991563755369007e-01
-1.085626349922859113e-01
-2.511262777216055619e-02
2.615541297469867188e-02
3.703185208000387557e-02
6.646125118291612566e-01
-7.385973327817844936e-02
-6.697729475607483440e-01
-2.492120097219813757e-01
-4.004730097691033830e-01
-7.395617328985493177e-01
4.814837150134931298e-01
5.513017124907760858e-01
4.523210257573684334e-01
2.418484885963622655e-01
-1.675210334760471320e-01
3.984050023552316855e-01
-2.169599030910025483e-01
4.791259278660906507e-01
3.355570879222699032e-01
5.546589287590033557e-01
4.448323690584473633e-01
-2.259900491829566482e-01
-7.240224600173343905e-01
1.876985770605625881e-01
5.982611661029667571e-01
6.453978405262403850e-01
4.004933177577462144e-01
-5.755548200409105197e-01
-2.105282219658807241e-01
6.357582151915491808e-02
-2.789455913695615963e-01
-3.031505555782759709e-01
4.664539030400464137e-01
5.505426134332165322e-01
-5.877150667017667640e-01
2.923989362685018856e-01
-5.293128701551546023e-01
4.423146250368477084e-01
5.120974877011701121e-02
-5.134825280746653231e-01
-5.129341093729988810e-01
-3.614742026940991337e-01
3.477675903554231507e-01
-3.901401925683342653e-01
4.736957882601943726e-01
3.444433636851250702e-01
-2.434113982178414681e-01
3.663876468209431581e-01
5.159846094564641827e-01
-4.124774092112415413e-01
-4.865564373380436569e-01
1.854100392723093474e-02
-1.943869496553593812e-01
4.683633496566360077e-01
3.225378080098417199e-01
-3.868335971335826740e-01
2.669511933349154598e-01
-6.312093134262788396e-01
3.611472993397454312e-01
-4.299380763593302901e-01
5.484631469718865837e-01
6.521986146303521137e-02
1.828728619694826585e-01
-3.869477656920934372e-01
6.235441643684558333e-01
7.792434622597049776e-02
1.114307860741145378e-01
3.263468397637238061e-01
-8.454149940736876978e-01
-6.742867967282646369e-01
-1.641278115581718267e-01
-3.828583993300152533e-02
7.034940916622941520e-01
-8.317969252680418313e-02
4.608399851451474433e-02
-1.220925995669215891e-01
3.129089804305129063e-01
7.718849046401375924e-01
-1.724639753972964096e-01
-1.753039120951409846e-01
-1.864282886508421555e-01
-5.434956774455066419e-01
-7.967184285396184951e-01
4.493941781514074751e-01
5.769807844707834921e-01
4.746637153142523879e-01
-6.724744430984417320e-01
1.900589521000485282e-01
-1.912136843696459476e-01
-1.809785137390571563e-01
1.811112525589294309e-01
5.110509270853694913e-02
-1.285821893120796811e-01
5.640375785388066499e-01
-3.009832727739264469e-01
-9.728161308618145375e-02
3.824736903438166191e-01
5.194303244335166658e-01
-1.551230073888193450e-01
1.628014008999019435e-02
8.952162214895740266e-01
6.544410840967713749e-01
5.003480542617332327e-01
4.242117230171823516e-01
-7.866323004063643931e-02
3.727728209537349846e-01
-3.034953867245911985e-01
6.224276549852868490e-01
-3.888741514293411194e-01
4.950795575417692440e-01
-4.571425837604176645e-01
-4.649159340617653458e-01
5.926913601220302752e-01
-1.029324883068513108e-01
4.603589135606308558e-01
7.470364169470941063e-01
-4.834790122080941943e-01
2.559494683957065364e-01
3.230474779776802974e-01
4.377971587918241259e-01
2.452092776765308346e-01
5.952807098920195883e-02
3.952157500623575820e-02
3.549143429878248712e-01
-5.020234987896976531e-01
5.925022352335186371e-01
-4.293705265367553370e-01
5.578475683237582583e-01
-4.775115043827528050e-01
-2.225207242886094727e-01
1.217949239946124335e-01
-3.142210933506962567e-01
2.197969699755766282e-01
4.594115949056174486e-01
-2.035113516754356311e-01
8.534380328055598541e-01
5.651447109400239976e-02
-2.576856407503278490e-01
5.333355172862972449e-01
8.664516054574697979e-01
3.182644947042871375e-01
-2.790026143834605232e-01
9.120336387753692764e-02
-5.084208981546616268e-01
-6.205474907263239803e-01
-7.207281991470880778e-01
-5.291372237193373573e-01
-3.962520019671934013e-01
2.583020711686716542e-01
8.245553977552950720e-01
-8.234984452160114543e-01
8.941850928617901817e-02
-5.699352381574886994e-01
-6.903704591104413424e-02
5.821243967288539795e-02
-2.712693601585402514e-01
-1.810940830255508005e-01
-4.976885099068892315e-02
-1.309752249500253929e-01
-2.464763030535264687e-01
-1.943786254903566157e-01
3.847071166321398006e-01
-5.989454095223576413e-01
8.639995121651622423e-02
5.446990164051654371e-02
6.514587792813844591e-02
-6.323797311327780113e-01
-4.620538962946123540e-01
2.493631118809136460e-02
-3.038516912613704046e-01
-1.867300784000744396e-01
-2.651526558718733106e-01
5.334346126534520449e-01
2.324328690264546027e-02
-4.653074551534372993e-01
-2.522456763410309000e-01
-1.425335907077052156e-02
-6.282796799769041485e-01
7.117070776906803120e-02
7.373411151051116608e-02
-1.782352621432101714e-01
6.627121413673922046e-01
1.242572678626261140e-01
3.452359874966007824e-01
-1.572301925658928790e-01
8.058024934293719355e-01
-4.027417786652686127e-01
2.023314445744861523e-02
-4.873691709595722177e-01
-1.288474132962516283e-01
3.476061577731082153e-01
