1.757568289544956253e-01
6.266640910284129729e-03
-1.205550741830181544e-01
-1.620288906141905960e-01
-7.966234304119444026e-03
4.476885206983802212e-01
-1.346838263531217328e-01
-1.860212089296819360e-01
-1.598005597369351466e-02
-1.119801462640607204e-01
4.103237781081436192e-02
-2.507944416939740240e-01
1.790728489943627100e-01
-2.169810684568030112e-01
-2.549285324457126745e-01
5.547204338629108111e-02
7.647479193366105155e-02
1.560267129233179340e-01
-3.592670070581246988e-01
-1.377349162653247749e-01
1.213011090672684311e-01
-2.645868567420107120e-01
-2.978280471838060106e-01
-5.981548629928935129e-02
-2.785036490031978507e-01
-2.147247274897998437e-01
2.777873126466157139e-03
-1.526480233653392249e-01
2.349508045040888393e-01
-2.899334858746432375e-01
-4.553106257109612587e-01
1.639458448717633771e-02
2.265033161033507825e-01
6.076573054768030779e-02
1.373884681887576342e-01
-5.960383654298070377e-01
1.325153615149380071e-01
-2.564295622925450435e-01
5.201682094677172463e-01
7.617946734755279836e-01
5.660939553786724643e-01
2.499637539509853013e-01
2.598028825329417035e-01
3.061539664897270502e-02
-2.633824131630230214e-01
1.461604213885961401e-01
-4.641482403203527340e-01
1.957918379129609254e-01
7.274640456464330496e-03
-5.896621833965848269e-02
5.031270113929308119e-01
-5.585599572383868061e-01
4.535999154515030773e-01
1.394164801209711035e-01
-3.073868686185190491e-01
3.590973350304681178e-02
-7.408951016550749391e-02
-4.723569967384113055e-01
9.498126267846043053e-03
5.673606621709301745e-01
-8.279447070635517769e-02
-3.701327081044224476e-01
2.604619878604031574e-02
3.141924059712167816e-01
-5.407539600304418492e-01
8.348688039203946420e-01
4.100570419135178279e-01
8.726664326630222401e-01
9.042690506931430061e-01
4.119285945513608826e-01
-2.203447315091217329e-01
-5.108733189496865723e-01
3.263067282467481123e-01
6.067597922932991272e-01
-4.502680920597900566e-02
7.658879429592936328e-01
4.587310063121119441e-01
6.806694567650352079e-01
8.455712991396415260e-03
4.040570392468909589e-01
-2.112939048194645841e-01
1.979679803280842698e-03
1.048453978119648911e-01
2.696606300015416124e-01
3.149889632053253785e-01
-1.434000786973233244e-01
1.275209029036968311e-01
7.270457857749185182e-02
-2.491168336691192975e-01
-6.818003844893528731e-01
3.353840394705857597e-01
2.431381537046869157e-01
-7.594854290516022122e-01
-9.624785867369722858e-01
3.528971209865889302e-01
-7.536865689550548142e-01
-2.210374396375311967e-01
8.327721744870256182e-02
-3.757986814331841785e-01
-8.192738689341864111e-01
7.823005328475409748e-01
-6.642702530553590279e-01
3.597816772481381431e-01
-7.794500151555490142e-01
8.161977650298248843e-01
2.524368349205501350e-01
9.762626006652616595e-02
2.637832559608785377e-01
3.850878195398301784e-01
-7.171735125385199083e-01
3.918154480100536907e-01
-3.554851750992899517e-01
3.943988448859600537e-01
-1.000000000000000000e+00
1.697639110445409993e-01
-6.712560884290867946e-01
1.000000000000000000e+00
-7.412631398072619393e-02
6.510586345033573252e-01
-4.904548706950845327e-01
-5.811281641677440435e-01
5.338030379612284104e-01
3.377073702639840080e-01
-1.000000000000000000e+00
-8.018851166908121109e-02
2.883784015268038292e-01
-7.283858200649854231e-01
2.186050123148730595e-01
4.238156385930684222e-01
-1.020980899070856041e-01
-4.545889856520621275e-01
6.711625481808878302e-01
4.322360573316125776e-01
1.000000000000000000e+00
3.532234902250364073e-01
8.625301726126388679e-01
6.365523457536782503e-01
-1.068434048243971368e-01
5.034730315430362424e-01
-4.016380296896326918e-01
2.696310247764578394e-01
2.171527871388905517e-01
-3.114431038079635283e-01
-1.447988536629934986e-01
7.020040803649718608e-02
-1.789856094345187720e-01
-1.606116765512589084e-01
2.171813825187253744e-01
5.208649925874845321e-01
-4.056367746973607025e-01
-4.553203092377553496e-01
-5.649648057452203442e-01
-6.785622403184742302e-01
3.360031927337961966e-01
3.229235712725725960e-01
6.228207430237366893e-01
1.831633395053883784e-01
1.074966958660347749e-01
-5.281422866619372991e-01
-5.813308714689001677e-01
-7.495337228489038495e-01
9.162968529959392150e-02
2.085395670627523956e-01
2.207927568301797372e-01
-5.537562377375457867e-01
6.322064956285733395e-01
6.192614409862966240e-02
-3.509400450509697622e-01
5.788397759376889828e-01
-3.442167014233039612e-01
-4.234238538829820930e-01
2.217077631064607451e-02
4.725827150738747262e-01
4.176063555420783668e-01
1.316030425158531136e-01
1.486177882825799323e-01
-4.766772357633226875e-02
-9.200732177669539158e-02
-7.737948308388403751e-01
2.918282830192919786e-01
8.601265262918184051e-03
3.254543504402929721e-01
1.474438847265618913e-01
-7.984390826100049576e-01
6.681832527484499185e-01
5.981213246565135755e-01
-3.935568603333375326e-01
-6.982840052050411916e-01
2.872006193282353737e-01
-1.000000000000000000e+00
-7.136788642481657341e-01
2.833297643749126959e-01
-4.768771145515099397e-01
-2.796871212384050565e-01
-1.781284968857060891e-01
-8.311296337155221758e-02
-2.694507179428961563e-01
3.196578081267407168e-01
2.753223121359264502e-01
-1.509049345929218688e-01
4.259408715218497288e-01
4.302188217414802951e-01
-1.103852055169472768e-01
-2.333840480917825644e-01
7.342245451367255260e-01
3.331482272738797712e-01
-3.025257501801084659e-01
-1.502128417517638315e-01
-1.816258491825833987e-01
2.146631261217989417e-01
-1.066719892774341261e-01
2.714274386557213870e-02
-1.748423623658150738e-01
3.461947318871454460e-01
-3.522406128920108626e-01
2.825743043094637863e-01
5.048019776822777471e-01
-2.141232180551839170e-01
1.530229406478419429e-01
5.023088460419493639e-01
5.672659463469731378e-01
-4.055235192963466684e-01
-9.849887991670859266e-01
1.398290011600187288e-01
2.884240992487632216e-01
-3.895378387234662565e-01
-1.562829615449304599e-01
3.364813785706426419e-01
-5.245035865733105318e-01
1.274929663601902519e-01
2.250114261514860603e-01
2.598218918442396497e-01
1.920300206993667824e-02
-3.478942727500801690e-01
3.720848500274018811e-01
1.860764309817342643e-01
4.685248433965768511e-01
2.487308787983172620e-01
3.137078570905591501e-01
6.375765100906990446e-01
-4.019455404831195899e-01
-1.754738917705284118e-01
1.794600352895422968e-01
3.268777676381725561e-01
-5.208601860452408694e-01
2.380459257223058733e-01
-3.189891056119303347e-01
1.276294818319499147e-01
-2.931640307917285915e-01
-8.617502442114469141e-02
-5.549897354721461395e-02
2.438711987765788680e-01
-1.792575989124242652e-01
-7.219313076521288730e-02
6.457626361270350779e-02
-1.456327687664002168e-01
5.446860551436255582e-02
-2.140865262401677738e-01
2.405905722758968357e-01
-3.914017663918688550e-01
4.245136283597281124e-01
2.458799713588684932e-01
-3.782088602565202018e-02
2.683963439755528979e-01
5.581669144706381536e-01
