4.511906566013333952e-01
4.491778402658773428e-02
-6.529808512899787365e-02
-5.411715405896889292e-02
-1.694940077731807992e-01
5.027124370792748209e-01
2.801584649915737635e-01
-2.602041811402833194e-01
-9.638239309900301088e-02
-1.389250146628540072e-01
-1.221843509095857372e-02
-3.621665869888476275e-01
1.873959208737212834e-01
-1.616800842263973192e-01
-2.152624479496240140e-01
9.686979330339780259e-02
2.636918524110617446e-01
-1.306711742975343038e-01
-3.832887940330977905e-01
1.284130937053276633e-02
1.768234221529132455e-01
-1.134043738198846629e-01
-3.406389747842788474e-01
-1.369556744626117817e-01
-3.792571454007892529e-01
-2.691396402076068339e-01
3.737033857455192287e-02
-4.450611005329298958e-02
2.345501737404392939e-01
-3.572300666968897254e-01
-5.288694408102787570e-01
4.323132391132641916e-02
3.120793416823979816e-01
1.487735170312365907e-01
2.788271957623956188e-01
-3.649242297634321952e-01
3.053175553767552008e-01
-3.472055737211257598e-01
6.822700769857249492e-01
1.000000000000000000e+00
6.835027531431926429e-01
3.068468259832705103e-01
3.108400478613602136e-01
-8.256562670592998421e-02
-3.044018426051606774e-01
-5.040088562483337892e-02
-7.305207342353443600e-01
1.281579981372974464e-01
9.245009209807401873e-02
-7.601804966387315510e-02
7.248126427169582220e-01
-5.980346431920582351e-01
4.457484239286279015e-01
1.193518144612696896e-01
-4.981878220276614311e-01
1.087791302733238513e-01
-2.269249973094514261e-02
-6.412437651245742609e-01
5.109123926662070825e-02
7.053139819211944328e-01
1.116679620987222066e-01
-4.028526632453858225e-01
1.047736562328225318e-01
3.705303738519097889e-01
-5.617837494236394003e-01
8.271523695458342651e-01
8.210670538352347059e-01
9.318705280948841319e-01
9.336356437621204929e-01
4.048678115262294153e-01
-2.355536826264914563e-01
-7.551604149499193674e-01
3.745767556134834697e-01
7.546761216983886023e-01
-3.384132370847958704e-02
9.555508836693593633e-01
3.103275571932850863e-01
8.790344799061369230e-01
-2.264075181864173003e-01
7.087092791243214673e-01
-6.436359377240912227e-01
9.284737770097012399e-01
2.269978930194478384e-01
7.654943013160220300e-01
1.277815820118979317e-01
-3.420569857693856464e-01
4.542502336980149824e-01
3.140983431871946507e-02
-7.974984254963362051e-01
-6.790145232336688430e-01
-8.512486345780293506e-01
2.494790387286615896e-01
-9.535394456401533603e-01
-9.624785867369722858e-01
3.528971209865889302e-01
-8.672887488976173120e-01
-5.325516367746172541e-01
1.989755411651000505e-01
-3.757986814331841785e-01
-8.192738689341864111e-01
7.823005328475409748e-01
-6.642702530553590279e-01
2.916328131460425577e-01
-5.960913742055851117e-01
8.161977650298248843e-01
1.882808357788514630e-01
4.837532041984093922e-02
2.637832559608785377e-01
3.850878195398301784e-01
-7.171735125385199083e-01
3.918154480100536907e-01
-3.554851750992899517e-01
3.943988448859600537e-01
-1.000000000000000000e+00
1.338150172989754361e-01
-7.878742358584023275e-01
9.496052373234975530e-01
-7.412631398072619393e-02
6.510586345033573252e-01
-4.904548706950845327e-01
-5.811281641677440435e-01
5.338030379612284104e-01
3.377073702639840080e-01
-7.026940665250765994e-01
-8.018851166908121109e-02
3.043468424736076594e-01
-7.283858200649854231e-01
2.186050123148730595e-01
4.238156385930684222e-01
4.256354466101924805e-02
-4.514913423166171391e-01
5.043599280510152605e-01
4.322360573316125776e-01
1.000000000000000000e+00
3.532234902250364073e-01
5.840035204951872227e-01
6.365523457536782503e-01
-1.068434048243971368e-01
5.034730315430362424e-01
-4.016380296896326918e-01
2.696310247764578394e-01
2.163561526021310355e-01
-4.695495757341960896e-01
-2.436223772686947897e-01
2.239193944387491697e-01
-1.789856094345187720e-01
-1.606116765512589084e-01
2.171813825187253744e-01
5.314741862266790795e-01
-4.056367746973607025e-01
-4.553203092377553496e-01
-5.649648057452203442e-01
-6.785622403184742302e-01
4.916808151879045186e-01
3.229235712725725960e-01
6.228207430237366893e-01
1.831633395053883784e-01
1.074966958660347749e-01
-5.281422866619372991e-01
-5.393711031749003348e-01
-7.495337228489038495e-01
9.162968529959392150e-02
1.656605481510640132e-01
4.323913347831938037e-01
-5.537562377375457867e-01
6.322064956285733395e-01
6.192614409862966240e-02
-3.509400450509697622e-01
5.449960534289935987e-01
-2.640389512450576071e-01
-4.234238538829820930e-01
2.217077631064607451e-02
4.725827150738747262e-01
2.604195611091126850e-01
1.316030425158531136e-01
1.486177882825799323e-01
-1.239451112918918685e-01
-9.200732177669539158e-02
-7.737948308388403751e-01
4.413397516144888511e-01
-4.054545517270868871e-02
2.704220331293452628e-01
1.474438847265618913e-01
-7.984390826100049576e-01
6.681832527484499185e-01
5.981213246565135755e-01
-2.933568791259522079e-01
-6.982840052050411916e-01
3.661861172725993652e-01
-1.000000000000000000e+00
-4.939395266147808550e-01
2.833297643749126959e-01
-4.768771145515099397e-01
-2.796871212384050565e-01
-1.781284968857060891e-01
-3.621171612119870598e-01
-3.256169516149232113e-01
3.238080228028578089e-01
2.753223121359264502e-01
-1.509049345929218688e-01
4.259408715218497288e-01
4.302188217414802951e-01
-1.103852055169472768e-01
-2.333840480917825644e-01
4.688098881890808700e-01
3.331482272738797712e-01
-3.025257501801084659e-01
-1.502128417517638315e-01
5.102811217746991423e-02
2.696073831698603263e-01
-1.066719892774341261e-01
1.713387360926076075e-01
-1.748423623658150738e-01
3.461947318871454460e-01
-6.143533986819653681e-01
2.825743043094637863e-01
3.192004803665111634e-01
-2.241720185429538215e-01
1.530229406478419429e-01
5.023088460419493639e-01
5.672659463469731378e-01
-3.422989208941180639e-01
-8.498035387202977908e-01
1.398290011600187288e-01
2.884240992487632216e-01
-5.250029671251758012e-01
-1.562829615449304599e-01
3.364813785706426419e-01
-5.245035865733105318e-01
1.274929663601902519e-01
2.250114261514860603e-01
2.598218918442396497e-01
1.920300206993667824e-02
-3.478942727500801690e-01
3.720848500274018811e-01
1.860764309817342643e-01
4.153801539227605089e-01
2.487308787983172620e-01
3.137078570905591501e-01
6.375765100906990446e-01
-4.019455404831195899e-01
5.978636725768381177e-02
1.794600352895422968e-01
3.268777676381725561e-01
-5.208601860452408694e-01
2.380459257223058733e-01
-3.189891056119303347e-01
1.276294818319499147e-01
-2.931640307917285915e-01
-7.447095223339963987e-02
-5.549897354721461395e-02
2.438711987765788680e-01
-1.792575989124242652e-01
-3.492338849926944766e-01
-1.197242889399884186e-01
-1.456327687664002168e-01
5.446860551436255582e-02
-2.140865262401677738e-01
2.405905722758968357e-01
-3.017649425301608401e-01
4.245136283597281124e-01
2.458799713588684932e-01
-3.782088602565202018e-02
3.837824491954366923e-02
5.581669144706381536e-01
