-1.352244022567472559e-01
4.564062461384613689e-01
3.264493349201737504e-01
-3.566066038768166413e-01
-8.865723183761390486e-03
4.478064932294775757e-01
-3.791572288661508860e-01
2.480481192870146734e-01
-1.697295461439721209e-01
3.865561086671549518e-01
-5.422227576604971705e-02
2.243333832541588024e-01
-2.210141081378446393e-01
2.508818782106162978e-02
9.826209621201312250e-02
-1.569348343460567896e-02
-1.431013707174585980e-02
3.157054430487157837e-01
1.917434300873674669e-01
-2.143769282075513594e-01
1.922468054124945036e-01
1.701974543566620868e-01
1.483913429209043067e-01
9.549036767298459127e-02
2.048399742808589830e-01
-3.437249528197618975e-01
3.440957228802998813e-01
3.678338399970578765e-01
3.035096925148227445e-02
-1.462131139748978903e-01
1.909209965785051144e-01
-2.520084298805775336e-01
-2.637523881865449504e-01
1.877222615772092540e-01
3.767576942354852049e-02
-3.709476542388504550e-01
-5.498430625121495385e-01
-1.005335435995514809e-01
4.817646366926499057e-01
3.125792430611333828e-01
2.111675034400237461e-01
4.350327542808172798e-01
-8.933971318594785549e-02
3.281102825507035969e-02
-5.363880051817407901e-01
7.622395798505050557e-01
5.094246751826075892e-01
5.747382816637564007e-02
-3.394990689820522323e-01
-5.950211992051707144e-01
-1.179199883440360530e-01
3.827953678162477336e-01
-7.203000036039111098e-01
6.091111389425565292e-01
5.907779716933436731e-01
-2.843067839472372405e-01
-2.847619136203073942e-01
1.788060920419094757e-01
-2.580934682248262613e-01
-1.140675649283600518e-02
9.600754043180834141e-02
9.665958442016617247e-02
-5.057793154697376448e-01
-7.851307148413218251e-02
-5.534462966509117177e-01
9.329493980985177626e-02
3.481519209287788352e-01
8.147966372634832810e-01
3.197927171173456928e-01
-1.194965554676395564e-01
6.807171595413068488e-01
-4.348259075025269760e-01
3.338820849822972114e-01
9.868631076297526561e-02
-2.774365379064690496e-01
-1.583500257333785299e-01
-2.877353169478598094e-01
-4.668676000819833027e-01
2.273930340634822134e-01
-4.466534919695989703e-01
1.694888268705452283e-01
2.650178507546306905e-01
2.060401130194314256e-01
-2.159087329448977910e-01
-4.052987869515057850e-01
1.003608524633323312e-01
-3.565065598532669577e-01
4.566275294651282457e-01
7.912412368899801596e-02
3.055692967191144249e-01
-3.217043109725002958e-01
-4.700471900604309972e-01
-4.113614256556362703e-01
-3.429737884402735970e-01
-4.882689940153741581e-01
-3.287584929044439219e-01
6.637417383859185449e-01
2.544004768480900291e-01
6.541604195242816111e-01
-4.884731452206638735e-01
-3.244129607212209443e-01
-3.917836603675817209e-01
-7.797796814734370141e-02
4.966211055020592485e-02
-3.027548167916572219e-01
-7.242211998396905215e-02
4.353493217814144445e-02
-2.818246039268463288e-01
3.236629664093835790e-01
7.345415202090634921e-01
-5.917162989325582823e-01
3.836913249116435387e-01
-2.240374885046598694e-02
-6.043834521860843578e-01
-5.657431868840505640e-01
9.310097249106226436e-02
-2.208288117672495832e-01
3.267814386449366948e-01
3.352571222200015355e-01
-5.279979554454317103e-02
5.048604234400041468e-01
5.679691229098340344e-01
2.983935005781013228e-01
-5.249135395897588374e-01
1.274468222021455932e-01
6.540247479060422586e-01
1.040747492395202728e-01
-3.775377395827327343e-01
-2.630675296166403235e-02
-4.264644768155684273e-01
-1.896028082370397605e-01
2.527147994799268660e-01
3.185157290405392083e-01
-4.465284045103588562e-01
4.514611425682967250e-01
-1.930126123051232878e-01
3.014408932615315201e-02
-4.782468859844624109e-02
-6.359705933154065072e-01
-4.474726700860064965e-01
1.823022818390054867e-01
-1.811234102374036092e-02
-5.967666752525574436e-02
-1.484585557827328983e-01
-5.816865188298026013e-01
-4.473278826574527134e-01
2.378916562396816703e-01
2.751347210292331424e-01
-3.086389901642219158e-01
1.131177893727453865e-01
-2.416312991643027874e-01
-1.629654707386636037e-01
-1.628303750164170616e-01
9.785302795183754843e-03
-5.677222402120986056e-01
3.868576495498614598e-01
3.087611529817225753e-01
-2.239931812049109419e-02
-1.451470635321330110e-03
1.205161547587833316e-02
-5.152113154991493776e-02
6.119433039196254809e-01
7.292063585850528940e-01
-2.609135629688587033e-01
3.224493926529420351e-01
-2.166336647514212621e-01
5.687256519086490714e-02
1.112649550486145694e-01
2.653698026565184942e-01
-2.809054191609052231e-01
7.961231010791836038e-02
-2.980823647966150403e-01
-6.052731568490481440e-01
-4.044588015843193773e-02
-9.283328309984174853e-02
2.684024896198714538e-01
-5.380541966951553068e-01
3.025127394953202042e-01
-3.498952741735223970e-01
-4.166052679763994071e-01
6.258978949017912630e-01
7.718003913370599656e-02
-2.739130767797842703e-01
2.163091770604453346e-01
-8.958772594181339810e-02
4.307601790714242207e-01
-1.622956214179752665e-01
7.967395982491676243e-01
-5.272794066260906298e-01
7.051690335044218105e-02
-6.657376548107065695e-01
-7.533195010750819154e-02
-4.789945578120300418e-01
5.983449774313862740e-02
-2.344704645576003166e-01
1.155865844174233242e-01
5.062392503888236694e-01
4.020124807228766528e-01
3.927369137308547864e-01
4.495631685293395297e-01
-7.802769992569794089e-02
1.112758486186484486e-01
7.865248849697839550e-02
-9.020273651683106131e-01
-3.053927525923012531e-01
1.003676382775323672e-01
-1.484503260162652050e-01
4.968216393733732028e-01
-4.354541200365644182e-01
-2.717055740034605704e-01
-6.334909632149107184e-01
-3.739222767826722027e-02
-2.328049010168513622e-01
6.576505533959179362e-01
4.349083123264923523e-01
2.287894077510694291e-01
6.461551549459786381e-01
5.745794398016862425e-01
2.295066290456503066e-01
7.190722337977859535e-01
7.763881270926097089e-02
1.782162489033405073e-02
-3.946181691522088197e-01
4.961789145396455769e-02
-3.412162620755286868e-01
-4.999326295590222902e-01
-3.767100244865156933e-01
-7.037701303985772761e-01
4.857674637902005543e-02
1.883282601663456568e-01
3.122574156877765822e-02
-4.481324163454877274e-01
-6.919000134253803225e-01
6.152659893259402324e-01
6.201284603087449110e-01
-1.474589290292242227e-01
-7.049623988217194048e-01
-7.113893493236789212e-01
-5.417959161876091390e-01
1.662740446504238356e-01
1.147190850472925017e-01
1.781053368974326589e-02
4.339138959357820013e-01
7.910310007083382056e-02
3.696913898530940767e-01
-1.639990623545629356e-01
3.246311685972539385e-01
-2.824493469333615170e-02
2.011094053589707054e-01
-1.548986533688021250e-01
-7.732120488012009796e-01
-3.608467767125288217e-02
1.564856878429904397e-01
8.597403694157301768e-02
8.024009013801323975e-02
-1.897646249693893672e-01
3.641027015741832989e-02
4.638827460025569671e-01
-4.094792490220843795e-01
-6.103288377735972547e-01
-4.606756952029981700e-01
-6.364387976346290721e-01
-1.688871698194085724e-01
-1.549650229346270780e-01
2.554270968128672936e-01
