9.535943901119152410e-02
1.511845373794465097e-01
2.224516879502611566e-01
-1.732293875399743277e-01
-7.140128768234783874e-02
-1.608601027697584840e-01
2.775194570381722126e-01
1.528322668948889351e-02
-9.792426262266232806e-01
-7.421747558722264770e-01
-6.748587580570093447e-01
-8.092068040408481044e-01
5.797486760917403004e-03
-1.245847081908824094e-01
-6.632972582897376235e-01
-1.000000000000000000e+00
1.008810594320164733e-01
-2.314828854806327829e-02
-5.569232339945295873e-01
-7.869078973548053746e-01
-8.926157312529520160e-01
-8.265173486764658684e-01
2.539952397643221449e-01
3.956009351039901922e-03
5.158269700040156724e-01
-4.061517271710082255e-01
5.519008005726064869e-01
-2.444765127465646781e-01
1.507942054191468984e-01
-5.376554524758310472e-02
3.408474598001419529e-03
-4.667315507934442775e-02
3.208172273946472419e-01
-8.397220443948855140e-01
-3.846800206844313008e-01
5.997187521551511358e-01
-8.344436523613625312e-01
8.417947477208889140e-01
6.685640894056488204e-02
-6.784467588066603883e-01
-4.141204145797833802e-01
-1.321504894594129065e-01
5.428068934948154789e-01
2.759918030633127239e-01
-4.322790156379618387e-01
-5.586922455996917725e-01
9.972073000924951414e-01
-6.569302867171855631e-01
1.339909412594813554e-01
4.435859298922034677e-02
-1.351965422949512607e-01
1.205885341927822318e-01
-4.140879798456333916e-01
-3.478979924751716690e-01
2.152820034563146800e-01
-5.276674834992685081e-01
-5.625617093663837220e-01
6.170880761425070471e-01
-6.533355051139824177e-01
-3.608666962068118877e-02
1.409949478835454961e-01
9.789424498993391788e-02
-7.756244050887413088e-01
-4.279480332959602062e-01
-5.385983453403184740e-01
3.774510911606216990e-01
4.552580603309128726e-01
9.943289344786936379e-01
7.206649053094098534e-01
-3.999027910081469628e-01
7.688926519209828836e-01
-7.486268363049489727e-01
3.926220965360196491e-01
7.964693924227389532e-02
-4.565147305490546703e-01
-2.413874567719800357e-01
-2.065410154583913194e-01
-6.416995512452594586e-01
1.187888488445054680e-01
-7.137824285360776511e-01
-1.406871125404068890e-02
3.296067943023706093e-01
3.864764989085156532e-01
-3.180220809327931608e-01
-1.000000000000000000e+00
1.222590319709884188e-01
-4.942869567364480687e-01
9.975781713630726966e-01
-2.898181878428560676e-01
9.656479825558027530e-01
-7.072598490315666897e-01
-8.788380172094067966e-01
-6.315725125200054579e-01
-8.741216655659129753e-01
-1.000000000000000000e+00
-1.000000000000000000e+00
5.608126059406570718e-01
3.877923395130983275e-01
1.000000000000000000e+00
-5.389077765115501961e-01
-5.648646563045658375e-01
-5.746448720576977642e-01
-3.978384238541976536e-02
-9.202680742450675133e-02
2.848778518496533074e-01
2.984198395915414748e-02
-2.788982231355167096e-01
-7.113528383994827120e-01
-1.775198565748019042e-01
-6.519164637782532967e-01
-6.039553585512072997e-01
3.058387216360706762e-01
3.792190951517733222e-01
-8.004149584496342285e-03
7.305061178106701802e-02
-6.644315257708934830e-01
-6.846554291538209380e-01
-4.239924765486811076e-01
1.373096838400305886e-01
2.771970405990509256e-01
-2.612651722283058225e-02
-3.864604431408083518e-02
4.407461166153271021e-02
-1.763603245992181878e-01
-3.654547570438579918e-01
9.550108921650523053e-01
1.118624757014136106e-02
7.565436746264140311e-01
-3.863790982747102309e-01
-1.134479157642392932e-02
6.708691246646032447e-01
6.449604787246224769e-01
4.844302894147169969e-01
8.177418529572225703e-01
-4.091018156970605557e-01
5.331580604038338445e-01
1.007167644499027959e-01
2.682757325687339378e-01
-5.649375448502413910e-01
-4.610451737104449138e-02
3.510028635211487891e-01
3.418611466130055399e-01
-1.046334299894848829e-01
6.873219219425522053e-02
-2.041992857403305758e-02
-5.590634108607845931e-01
1.368398017032726455e-01
5.405146948982835209e-01
-3.506542290873437273e-01
-2.635044793638607330e-01
1.257799439610327863e-01
-4.741454303054027930e-01
2.183051264356982157e-01
1.073961846322668209e-02
-2.761290511318688634e-01
2.908357561729981930e-02
3.652540286301660388e-01
-4.612415254596041736e-01
2.880820977340637357e-01
2.799788604544700132e-01
-4.459625011903594061e-01
2.531593042070614530e-01
-9.157795635505228127e-02
5.231365941075138276e-02
-6.568703572376059785e-02
1.415469283722745053e-02
1.884678437638153681e-01
7.976783739913076987e-01
-2.496881042370290293e-01
9.887307877654669119e-02
1.185970840980241914e-01
-2.628383636301093729e-01
8.668896034872010103e-01
-1.202867277960662645e-02
-4.449843127224834549e-01
-3.675325126832954536e-01
-5.135902019822161102e-02
-6.507074298738554363e-01
3.566098167422162568e-01
-3.987830113259415166e-01
4.209890870129934792e-01
-3.848833940137041942e-01
-4.890796042281719269e-01
-5.168482941736677327e-01
5.259951182028114181e-01
2.650820891439666371e-01
4.954366173497486980e-01
3.792159491155662199e-01
-9.112907105257094242e-01
5.027685108535039360e-01
2.660826302078337924e-01
-5.152973690861122336e-01
-1.032354967794868600e-01
-5.580927714420939184e-02
5.661746387229893429e-01
6.004222290832964548e-01
2.484184868677811464e-01
-6.906471573123802443e-01
-9.407421816230971956e-01
-2.574679156682399550e-01
1.122875036112455926e-01
-5.978527257341743617e-01
1.000000000000000000e+00
-7.150903727121965536e-01
-1.737735073364627680e-01
-6.914538806938563820e-01
-6.400795386197891679e-01
-1.219578923040492979e-01
2.279030818499201416e-01
-7.196713317655206721e-01
-6.804268445885398586e-01
-4.731436996193388311e-01
4.287710625211141324e-01
4.128885792716054381e-01
1.070546185836510067e-02
6.581573062532301011e-01
7.682728636953816137e-01
6.706628773208455074e-01
5.926234425938015082e-01
-6.333284057695168778e-01
4.534340260722052873e-01
2.129876973264301920e-01
1.687589960148403179e-01
-5.443572626359225453e-01
-4.037977288197971970e-01
1.731199679266565150e-01
4.013655167939257362e-01
-6.135882604408590124e-01
8.831123078778344571e-01
8.248049425316467120e-01
-8.300944909429909258e-01
-7.332700472043086615e-01
-2.801480722986421923e-01
-2.392251521542098636e-01
3.837346527191973222e-02
-6.597844075082415216e-01
-5.233643178382955119e-01
-4.857328805214057854e-01
-1.547082640267119780e-01
-8.162006307006074435e-01
-8.464165037421663706e-01
-5.276178522469894272e-01
-7.696280417508744032e-01
2.589411132465783694e-01
7.003501910115785822e-01
-5.320696011631349531e-01
1.934531285265576050e-01
-1.184998515482443421e-01
7.928378710039926114e-01
4.421484895911108048e-01
7.265807371281711724e-01
6.616672261469640215e-02
8.345928349353085585e-01
3.577008122747440400e-01
6.626292692328432654e-01
-7.775818416356947704e-01
-6.602779831111380560e-01
4.658206691709853020e-01
-2.322192958581742461e-02
-5.574078367012260671e-01
-4.202453257453285240e-01
-2.732870738598774385e-01
-6.117110715917299935e-01
2.203221664796513046e-01
-1.917931765688662415e-01
