-2.500513577025874068e-01
4.747028443430142963e-01
5.038280870541401724e-01
6.679007956931800605e-01
-4.392669064916479016e-01
6.014812311484636353e-01
2.701079651884219501e-01
3.830030837985693992e-01
5.628983665000868442e-01
2.791115960082342085e-01
-1.068513912632110957e-01
2.502354768242397998e-01
2.030831769950971755e-01
-4.484712975211938568e-01
8.405199479916681815e-01
7.186680312300696150e-01
-4.061901569479207108e-01
-3.073461867797048774e-01
-4.033019935101440079e-01
-1.328987559263255791e-01
7.411275553640995772e-01
-9.159472236776790011e-01
-5.612761809372895927e-01
6.231759245571742711e-02
-1.029945715402338091e-01
2.190199785913708452e-01
8.292572222791818604e-01
9.304191724369890171e-01
9.776839612729371076e-02
3.114796407733823602e-01
5.076105010125944172e-01
8.003345772135566083e-01
-5.782420676470194643e-01
2.730248366133363747e-01
-3.573564642089291921e-01
-4.318551357614126007e-01
-1.466404189913559919e-01
3.963083747390733214e-01
5.922990560196896848e-01
-2.251601421670608727e-01
-7.339258000288355621e-01
2.148857659011383647e-01
-8.125575845486753268e-01
-4.465275325514126425e-01
8.750139111974863937e-01
-2.552355338336547569e-02
6.723131843134374508e-01
-8.088267320304259878e-01
3.279615999909595847e-01
9.041830025277852734e-02
-2.397015239867859304e-01
7.519545157364423416e-01
6.440175299958134092e-01
-1.784751740961619537e-01
-5.279853309530321281e-01
4.736104943665945255e-01
-5.363217061889876680e-01
7.239608017449613575e-01
4.246192511691485039e-01
5.100813982358073373e-01
7.653273756681848727e-01
5.053631221399730311e-01
-1.188186767981646852e-01
-6.699973713742730652e-01
-7.670428864105202638e-02
-2.787031281876983235e-01
-1.180182893952015921e-01
6.376559266489241207e-01
8.806983075551717555e-01
-7.729302060450663481e-01
5.153733826669085194e-02
-7.889424917316766317e-01
-8.760804593929836237e-01
-4.935247601036936160e-01
1.742337314381277869e-01
-4.250361466609700600e-01
-7.905679776504110912e-01
4.794108229432627599e-01
-7.546218295708208290e-02
6.352066286146416108e-01
9.098572536652472786e-01
-6.865652902940289071e-01
8.611563571400389083e-01
-6.555995944898683481e-02
-3.838572047411742960e-01
-1.091898174945215017e-01
7.352327257287610829e-01
1.189381971379213365e-01
-3.639019937104410185e-01
-1.431887212286333047e-02
-3.105934003494164597e-01
2.439289594204081812e-01
-4.765792123508025974e-02
6.619326539666010589e-01
6.514515821827749908e-01
7.574841821244195916e-01
-8.210861449283467506e-01
-8.921556108309448563e-01
6.273665263730869857e-01
4.493353978005220073e-01
-4.389768159687203464e-01
-7.649982083017895507e-01
1.534422166022471612e-01
1.124262096697470625e-01
-4.609789255725221108e-02
-5.388869629922032889e-01
-7.245108313342882855e-01
6.949499806490834208e-01
-9.729973735475919705e-01
-5.877797147358170271e-01
1.448374075855489163e-01
2.035765840819576122e-01
-1.782889261222239952e-01
6.779562029962205028e-02
1.017782309437537391e-01
9.761392695863609914e-01
-2.843214895343855741e-01
1.000000000000000000e+00
-2.058133340044142889e-01
-6.620093260521887624e-01
-2.064968234441702521e-01
1.065880685127949951e-01
2.937401499907229541e-01
-7.545894467319400611e-01
7.650350659357717520e-01
9.582796894555517531e-02
-7.366621478739256990e-01
-8.086089969266291311e-01
-2.977264910160452582e-01
1.187314226565902714e-01
6.985890052517710336e-01
9.627061565269501298e-01
6.182397226822389236e-02
9.043335346497911598e-01
-2.636718011833497077e-01
4.638975053975452068e-01
-5.932958232606018179e-01
-4.115628192630887972e-01
-6.424251485563069464e-01
-1.472572324933166810e-01
2.760651542322656304e-01
6.560730239125637242e-01
-8.065913022038532221e-01
3.573225944825314526e-01
-4.593562219290909243e-01
8.718255760728250703e-01
-6.242749294941143390e-01
9.643448205255820138e-01
-3.272370877132762534e-01
-3.838009599997135868e-02
-6.618135763401569172e-01
1.299716600271512701e-01
7.250243439911581433e-02
4.127794804662589939e-02
-6.043434772454034931e-01
-4.200483294626323194e-01
-3.603627374052114085e-01
-5.348238130430877924e-01
5.159334945458330379e-01
-1.043538948801578103e-01
1.140258137296561863e-01
3.542922098793925834e-01
3.487527900853613638e-01
9.115934782212524734e-01
-1.307414472478808931e-01
6.097929114606432943e-01
-4.954415215097973668e-01
-6.057835898008709918e-01
4.251270465001131260e-01
2.970835644451682578e-01
2.562862771757510316e-01
7.686596773859482035e-01
-4.379164832993543977e-01
-6.527839635246619476e-01
-5.847141759924690159e-03
6.618785025104958475e-01
-2.857709953147723470e-01
-2.828001156452733533e-01
-1.670449839478556353e-01
-7.643814636604673307e-01
-3.226985902024502306e-01
-9.417492947371763901e-01
-8.320964640989522709e-02
-5.805187477392538264e-01
-6.669409167905671065e-01
-5.130698099848848281e-01
-6.218251142404156440e-01
-4.662305994889064387e-01
6.897337025299030699e-01
1.727505091029395978e-01
-3.647538489820851826e-01
-5.699209042293957861e-01
-5.738742385643932353e-01
-3.428080803872654014e-01
8.396634191056387420e-02
5.823398719565425763e-01
9.506223656982715209e-01
-9.617933302327690281e-01
-3.780650307289604717e-01
1.000000000000000000e+00
2.762381378672514876e-01
1.023452731302746527e-01
-5.497699457519611421e-01
-2.824716832144228418e-01
8.129572091123558053e-01
6.034404092184437740e-01
-5.161715708599483310e-02
-5.389011001450214611e-01
2.045300684988367590e-01
-4.693871669315846651e-01
5.684930797317613305e-01
-4.110091339520804965e-01
5.456898838699279081e-02
2.255169321735611410e-01
7.136578047525299340e-01
-1.000000000000000000e+00
-1.241559181720485322e-01
8.471205197514205532e-01
9.599110204653359402e-01
1.367405072916086373e-01
-3.227633028007327320e-01
3.126787459932947599e-01
6.183917491958881296e-01
-3.610108663328691070e-01
-5.845033889859621232e-03
2.196060549570865994e-01
7.047147641799980100e-01
-9.308104156804067886e-01
4.445576641519893291e-01
3.555297557970713007e-01
-7.959746451756500862e-01
-6.245727539874796896e-01
6.080978919321054083e-02
3.253422668974655929e-01
8.675819089831711128e-01
-5.082553611653986003e-01
2.736414378765925082e-02
8.159043554114173103e-04
-9.039859065428221263e-02
7.527105855516943445e-01
4.925947047871244155e-01
1.001289883668744218e-01
1.303656287751951415e-01
-1.591037671338493553e-01
-7.048569208091307048e-02
-5.689783405074730904e-01
2.976492268542628716e-01
-2.576593291358912352e-01
-7.215855184584021309e-01
5.006003528417796167e-01
1.680584834670384997e-01
-1.982891425809956698e-01
4.725163610619097510e-01
-7.372310836944057089e-01
7.884872249146471779e-01
-9.263724640476256322e-01
8.252561150035975235e-01
-1.117054105208431514e-01
2.332826130949021137e-01
4.611039060249603194e-01
5.755283171402838516e-01
-2.719991128324646401e-01
4.203564592449602344e-01
-3.419973812479867870e-01
1.849799660501904031e-01
