7.533244917864532209e-01
-6.422464507599234818e-02
-2.976231603854321839e-01
-1.076242077582335588e-01
5.175785960639101013e-02
2.404661069194445888e-01
3.029967916169604147e-01
2.229877477928358664e-01
-6.505037839176108783e-03
-4.051406730060913564e-01
4.203737311409026095e-02
-4.062943557594165256e-01
5.332518020970010708e-01
-3.885575919435641512e-01
-3.389478209693321253e-01
-7.255292922810063772e-02
-3.435675016702061657e-01
3.549753733847802462e-01
4.814324028323079818e-01
2.898148548508261424e-02
5.583250277206275314e-01
4.092504190288553390e-01
-2.154880503507968781e-01
7.690972628262295885e-01
-8.618623568184425876e-01
5.462455516471549366e-01
-2.717796954245569330e-01
-5.097379592795843184e-01
6.158701121656332544e-01
-4.440491886111017084e-01
-1.171125430344918394e-01
5.414808641394244226e-01
4.632243786934565621e-01
4.385287702142446342e-01
-1.006300552930153164e-01
-4.202011228498692685e-01
-1.486272938641945984e-01
3.833929826160771548e-02
3.607770529998124420e-01
1.847605102787709674e-01
-3.873072266145567988e-01
2.504493958191964520e-01
1.064817729179054900e-01
2.654475105884371855e-01
-8.180370854008187087e-02
-2.009345561303237451e-03
-2.170789624890706038e-01
-7.279340023780226376e-01
-3.926378201748597641e-01
7.140609198666646174e-02
3.982469071495335911e-01
-2.116054391174794214e-01
-1.401071599807383605e-01
-6.505440045515026304e-02
8.569167898221739799e-02
-5.375745315360782595e-01
-6.695589151963185492e-02
-8.405147597167547668e-02
3.026910531032573348e-01
7.195844487563830827e-02
-4.884064711381299814e-03
-3.441018708626213396e-01
5.646381069366588484e-02
1.000418911182698739e-01
2.371527706930128265e-01
5.330200294368418745e-02
4.050843496404575306e-01
-3.431721067332581948e-02
4.664983453490297860e-01
2.496735947465398772e-02
3.396617871406846789e-01
-7.558424992411268140e-02
1.208968969224215317e-01
1.878101072918438863e-01
1.749405078006122660e-01
-2.057954391745181189e-01
-1.317210588317529463e-01
-3.402764327140695988e-01
-5.484541141750363114e-01
-2.545862497369162369e-01
3.165781526698660531e-01
-5.650771902191394913e-01
-1.365984204413340716e-02
-3.403819233588762372e-01
-1.904770830665127312e-01
6.001380723398621608e-01
-2.434830647415448801e-01
-1.281437116025519740e-01
1.507490119754247848e-01
4.403549969167344091e-01
1.170426239878836205e-01
3.759047817900162403e-01
-5.996339063943815217e-01
5.016889086055578151e-01
4.601738137839697651e-02
3.968197228780468433e-01
-3.094290360657474537e-01
-2.347063981364813368e-01
-2.605935036370714553e-01
-1.167871829589164911e-01
-8.710329095880711692e-02
1.842730181767905928e-01
1.131950577322450580e-01
6.649263753188637827e-01
-4.594136018299457280e-01
3.609935565853069628e-01
-3.292317133631351700e-01
-8.065677567613145638e-02
6.744983723639327855e-02
-1.005118910797426351e-01
2.389279085664765268e-01
-2.338897643257626946e-01
-1.231193972675115877e-01
-1.005298112469659166e-01
-6.110887379459810642e-01
3.911198615071184714e-01
1.246722943829442071e-01
5.371670649344728599e-01
6.592519749382465266e-02
-8.041300106487701826e-02
-2.995944492798665038e-01
-2.435796973128629694e-01
-3.291077749371226768e-01
-3.832391451653476278e-01
2.902184616640068326e-01
4.602690393438366168e-02
3.522215681568567902e-01
2.697273880819031633e-01
-6.225056669026383105e-01
4.599676170718802748e-02
-6.244980630933800736e-01
6.217865150648747008e-01
1.457464824962020900e-01
2.965096464382763752e-01
1.626699114958151671e-01
9.225669600405743409e-02
-2.002678654681700754e-01
2.436223018486705361e-01
-1.920329966843142833e-01
2.746372354985954778e-01
6.129603665348399427e-02
-9.332427210733310052e-02
2.809897318966734225e-01
-7.657716878865956645e-01
5.441319866758334012e-01
1.698238312708543196e-01
1.711588940640952350e-01
-7.072535382342870491e-01
2.079049254461114438e-01
2.316291981328336691e-01
-1.770347038743540768e-01
-2.257926572972643042e-01
-2.157468293327939879e-01
1.769394733465730618e-01
2.100993139542330079e-01
-9.887318288466623306e-02
-5.811225839662360199e-02
-6.460222747445269753e-02
4.829324527857997706e-02
-5.726899227058072916e-02
6.571392254127826626e-02
4.700686204802886903e-01
-8.869939622199640716e-02
2.823910355640201209e-01
1.380529838088871142e-01
-4.791346468987232599e-01
1.157561724237499284e-01
1.113800116442614611e-02
-8.073866563415981190e-01
-7.771181526362687386e-02
4.746694084378724199e-01
-8.057278872557299687e-02
7.444687947813992401e-03
-1.152524875770434970e-01
-3.241632736695792844e-03
1.496708611262150823e-01
-1.447179499674809411e-01
7.903515531774020497e-02
-3.141460058191386517e-02
2.983060333822645793e-01
-9.526803811728845606e-02
4.196206573480827651e-02
2.974917644592290356e-01
-6.509319156957163455e-02
-1.514406155042878899e-01
4.091781594341559192e-01
4.755153082581063950e-01
2.687024170032588644e-01
-9.604992211308546746e-02
8.643992925259591509e-02
2.515573804500094712e-01
-8.805577492419378038e-02
-2.816743928285312393e-01
-1.232675242177694308e-01
-1.000610094995258575e-01
5.619450321645888535e-02
8.205999254330707815e-03
-4.302590359951593002e-01
2.528049920212354640e-01
2.697797262913452787e-01
1.834364361471419180e-01
-2.618016272470380379e-01
5.938995804152121805e-01
2.718839510084970490e-01
1.789472272928604446e-01
-2.454705717036439472e-01
4.338116075821417672e-01
4.700443973001147135e-01
-3.704954292961346041e-01
-6.240566017363753382e-01
-5.169311968342062968e-01
-2.737030172824981289e-01
3.170191847106303973e-01
-3.199097556040602641e-01
2.096414521351216975e-01
4.253401088465000313e-01
-4.709484097998471452e-01
1.083626890192744829e-01
-2.572451434529653413e-01
5.194832282312463745e-01
-4.000137251575809905e-01
6.729069443995192579e-01
9.851457725870378657e-02
3.015449450652661900e-01
-5.384032509075621364e-01
-6.432777190181814264e-01
4.758298107160035539e-01
-2.981830426618892749e-01
-5.321980603732130444e-01
2.419674291448019321e-01
-5.393618223094522740e-02
-2.970615090425242633e-01
-7.183829832861740594e-02
3.390108447211888087e-01
-6.141847533286481919e-01
-2.861296692202786041e-01
3.981021342693791820e-01
5.306884959137059266e-01
5.994676773585950746e-01
1.945207606798479705e-01
4.767607811754149827e-01
-2.438759441891829027e-01
4.519664510727613438e-01
6.231661809392767815e-01
7.963828424506772530e-01
-8.174212759370799164e-01
7.791457295141232531e-03
-7.605636153624961704e-01
9.981747134056163928e-02
-2.788590391734849794e-01
5.011702959972643562e-02
-4.064737547647346294e-01
-6.098185976921273177e-01
7.129535130735467630e-02
8.531241196069767885e-02
-6.374281530184064959e-01
5.240373221303334939e-01
-3.167527212421709093e-01
8.688554502925854850e-02
-2.301542230644262887e-02
4.437602030991486535e-01
3.181258921047062094e-01
1.360517371627021910e-01
3.294047240563924284e-01
4.132584107418373343e-01
