3.413358589785169817e-01
-4.543476022293587713e-01
-2.086894735976444759e-01
-6.228152373672076747e-01
1.437573182044108999e-01
1.041962881198918445e-01
-4.892309780242601880e-01
-6.060897506159064196e-01
-8.518239697405241562e-02
7.212245159505302761e-01
-1.000000000000000000e+00
-6.847298027386552466e-01
-2.605005112343804496e-01
-4.244149926357112523e-01
4.784746313689813846e-01
5.366136761575496239e-01
-7.334054013293398455e-01
1.767699789637158236e-01
-1.827798619476660863e-02
2.024051285107979214e-01
-4.181218853516124878e-01
5.812150996792640745e-02
-3.534255011986280337e-01
5.253574124176622062e-01
-3.163702970823284444e-01
8.213200266148382167e-02
6.749185758379984135e-01
-7.835889196654048927e-01
-2.151528391633495962e-01
-1.849762687259410773e-02
1.457085269179704268e-01
-1.489121088497395995e-01
2.802661249435985449e-02
2.585455426353885366e-01
-3.070269397908000908e-01
-7.932699772904630020e-01
-4.255738425426028315e-01
-6.749497533472784694e-01
4.253337779902360838e-01
2.414340089492984509e-01
-5.474315143232540981e-01
6.106651693389751612e-02
-5.023133746311366776e-01
6.609264248946804532e-01
-5.730921615700584892e-01
5.172954679177107495e-01
7.397224967958618835e-01
2.817770234571883026e-01
8.477792359371597031e-02
5.105254508210033126e-01
5.124519332034652708e-01
8.289881191363659974e-02
-1.887024357667019536e-01
-7.250980793824250981e-01
4.408692068006184739e-01
2.443694145546059515e-01
-4.020059976201708074e-01
3.264771349793954558e-01
4.388608758252059983e-01
-2.933690632720171165e-01
1.543675137677658349e-01
4.837168016406073745e-01
-5.845358084683529576e-01
-3.069091266824367503e-01
-3.106180217513793695e-01
1.739116265082206458e-01
7.535494107601296010e-01
-5.184479476398987097e-02
7.593971921772935119e-01
-6.829233942620818176e-01
6.324965985892383458e-01
5.067220799778483498e-01
3.075770293678909972e-01
-4.058904039644465889e-01
7.612107882736864062e-02
1.847144203925876471e-01
1.589730946729112637e-01
-5.303632927006866060e-01
4.423597190512747468e-01
1.885797808215765592e-01
3.111123022442961461e-01
6.614828360951734432e-01
-1.636530188554213561e-01
-4.425265744214546687e-02
-6.651107158293644295e-01
5.055072132603355417e-02
-5.644659977898652814e-01
6.284779662159655222e-01
6.537617871548423443e-01
8.319865097266754272e-01
-6.450188007410987412e-01
-3.561122259222999076e-01
2.653066396225637336e-01
-8.453177126018234233e-01
2.087304981533869286e-01
-1.728366785764302305e-01
-1.235673601843161468e-01
1.894885820752194860e-01
2.275236628647930026e-01
-8.062785458333494581e-01
-3.767294307587499835e-01
-4.211339031013179302e-01
3.195921630986801598e-01
6.615295135963791262e-01
6.807869668950673470e-01
-1.587306464393106187e-01
-6.502248786536138914e-01
5.630658473004663822e-01
-7.333822290091092100e-01
4.568868712645610120e-02
4.133722086433737342e-02
5.106188424741306964e-01
4.917782759362084866e-01
6.768034208123526740e-01
7.763347488116114636e-01
4.047307402534958132e-01
-4.891518308778554647e-01
5.494905051293975662e-01
8.135107645139462162e-01
2.255166963077612774e-01
5.956956667442923070e-01
2.524300687149679812e-01
-2.462616634788248049e-01
8.521854153810833887e-01
6.441047916877899737e-02
-1.413097753842825488e-01
3.518578315288857783e-01
-6.859098826434485430e-01
4.867256007837884590e-01
-6.371977040557293970e-01
8.702027094251183481e-01
-8.344428658847522495e-01
1.977525268148130067e-01
3.087264096746213382e-01
-3.404071534110600927e-01
-2.914377025402001276e-01
-3.919763416756943952e-01
-5.183015199230011083e-01
4.281093968518077109e-01
-6.407920437009082537e-01
1.026550961139369444e-01
-7.583051878252476952e-01
-1.394124018490830175e-01
-1.689641302617217733e-01
7.352413594128859309e-01
-3.137984601353801528e-01
6.064479369366031491e-01
-3.970739682913597690e-01
5.916118857664007802e-01
-2.607343842807994250e-01
-8.846038496174793986e-01
5.997894469500339998e-01
-7.224745308464568250e-02
5.454336187057643448e-01
6.479007097838216378e-01
-8.302513789193957106e-01
-7.114446068595935424e-01
9.146839878727127671e-01
-4.855276838581659149e-01
7.224811480033435096e-01
-4.386676403336089436e-01
2.672820882514791996e-01
3.885489418139486117e-01
1.936128919443470264e-01
2.369545911411677919e-01
-7.877744171388582073e-01
4.898963701731507414e-01
-1.781918974079600149e-01
6.046493936464550911e-01
-4.654984351704258838e-01
5.654166840106895631e-01
-6.843744913598213131e-01
5.089069098657139634e-01
6.257715253136643119e-01
-1.488961313991449820e-01
2.283222549828431980e-01
-5.850416430121326838e-01
4.315829464251850212e-01
2.706863042260261309e-01
2.616871714298490970e-01
-2.258444557279027098e-01
4.879195543239819854e-01
2.947389061971287805e-01
-2.853646008048670302e-01
2.980486756951894467e-01
-1.325704092156252956e-01
-4.130282778608007632e-01
4.897415223218210545e-01
-2.750771389529194089e-01
5.686855629153311775e-02
-4.665767095986579349e-01
-6.574760270165448672e-02
-1.476187294224488855e-01
-1.214512220605684506e-01
6.790356643353240296e-01
3.102603422066153582e-01
4.115358251678657986e-01
-3.715250857852431254e-01
2.375676760384420050e-01
1.256331314753846018e-01
4.484855663870035425e-01
1.811449823637610590e-01
-1.801119434028111421e-01
-5.874228360288078488e-01
2.245018962071277657e-01
-1.434814564153587546e-01
4.828877083190866171e-02
2.613445059748449872e-01
7.862165189261225429e-01
-2.644075818152835655e-01
-1.842535756063132801e-01
1.124225467093370040e-01
8.502925863918102678e-01
5.304645211334971244e-02
-5.161138941068385000e-01
-8.898617518136812121e-01
3.952979862947078593e-02
5.906842075592298735e-02
-3.054865927874849674e-01
3.168773261789146201e-01
7.148302499170878788e-01
1.431476089486966308e-01
1.128832411167450395e-01
-5.485494820422013307e-01
7.885860885118631813e-01
-6.708220141276697301e-01
1.940487389887923797e-01
-5.297451945679582108e-01
6.610031771969722136e-01
7.377453746244064803e-01
-3.854251754544695818e-01
3.189047305961397183e-01
-6.153429421553195944e-01
-4.199379428228583455e-01
-3.114129061817544342e-01
-7.962183358440626524e-01
8.085803775633548796e-01
3.234157374142478114e-02
4.567119321760371164e-01
6.517881796976459086e-01
-1.901990088579974883e-02
1.968870793728324242e-01
8.314829587196775895e-01
5.985235942093790618e-01
5.643710218321951189e-01
3.459361487993926898e-02
-5.792876960569938172e-01
3.585135535790089367e-01
7.983247219729587840e-01
7.811671902807630907e-01
1.746039756470550430e-01
-2.028733904102581198e-01
-1.062465939988862518e-01
-1.633869092939649881e-01
2.825104789907960656e-01
-3.858088386323555441e-01
-6.235731002836798487e-01
1.267706956413320041e-01
4.945173791137129626e-01
6.454225368645050143e-02
5.899758398136913939e-01
-7.393836943564956465e-01
-1.931057036912361968e-01
-2.919137873134482475e-01
7.405477177500909003e-02
