6.436455667988226770e-01
-4.064292550112223457e-01
-5.351839869868263433e-02
-2.368796064316160965e-01
-1.130744359359429907e-01
4.948403213987730420e-01
-4.413024267336183026e-01
7.522776073929748897e-02
3.470915669347613974e-01
-1.861450038975227539e-01
-1.339385640892490782e-03
-6.531370013701495170e-01
-3.008627725877354164e-01
3.101544046164127488e-01
-6.354252505995200417e-01
-2.990323475022861888e-01
1.775108847135998813e-01
-1.319855576315479007e-01
3.391905943449181615e-01
-2.521114579456774640e-01
5.864860559972672610e-02
-2.342503302927374520e-01
-7.483844089122174137e-02
-1.851693178465634304e-01
-1.288306441504276645e-01
4.800396717810093694e-01
-1.595303306801936286e-02
-2.600239855553816426e-01
-4.431965181476141269e-01
-1.845052093226876577e-01
-3.842181868261901334e-02
2.279415426713746542e-02
-1.430921634114569185e-01
5.070272162903568525e-01
-4.024935070423577010e-01
-2.221883429446179226e-01
-2.353493248450650999e-01
3.627472812995288093e-02
2.442280746824449511e-01
-1.109745100883300639e-01
-3.660583342910151972e-01
-2.735334642891344425e-01
3.919521680460117397e-01
-4.543526836341220676e-01
6.467104508082840431e-01
-1.452609841890356024e-01
7.522245624846943257e-02
-9.537552740562424414e-02
2.044004405912119016e-01
-4.432890285157118360e-01
-1.514601322279810203e-01
5.787209606566392495e-01
9.455758677098685672e-02
-1.382462252750013831e-01
-7.178597949222233210e-02
1.016228291004232648e-01
-8.623909432773821382e-02
3.718535831939293740e-02
1.903304459109927405e-01
-3.428101183480016245e-01
-1.561360573392976681e-01
1.788218714742540183e-01
-6.670177812226942005e-02
-4.095003937916097958e-01
1.650389726889442688e-01
-1.770734259299449331e-01
1.548314614967643832e-01
2.559518378600837522e-03
-3.812034564928121205e-01
1.598133910191040230e-01
4.929179809514810939e-01
1.381784118387993365e-01
2.583947018571435827e-01
3.000643519465612252e-02
-2.403683324974494051e-01
1.311136760771109688e-01
-2.860352959979675092e-01
-2.587760202964189404e-01
-2.199371936026262575e-01
2.412422329011986999e-01
5.850242924937298222e-02
-3.433821283744053349e-02
-4.913455301625898053e-01
6.029381857902300634e-01
3.265897466846579555e-01
-1.788813415743198965e-01
-2.478784219284141388e-01
-8.755739813848803510e-02
-3.317257736365437637e-01
1.793241780709537436e-01
-4.795758763753145137e-01
-7.037820348827789063e-01
4.112568983068547457e-01
-1.414576774785005486e-01
2.185891369709686560e-01
-1.931188443982778113e-01
5.724328482407163854e-01
-3.356586149651494266e-01
1.438626454813425048e-01
2.585485278473263482e-01
-3.488701617627059104e-01
-5.215852054879715344e-02
4.762709489763944370e-01
-8.435474681545306053e-02
-3.071708369899894819e-01
-7.692433969533030158e-02
-1.682844273382688716e-01
4.689022091506983014e-01
-4.493738958432439978e-01
5.200783989121214868e-01
3.732468317355504550e-01
9.528362471075488838e-01
-2.739901426752278102e-01
-3.403919538291901858e-01
-6.470969237448361833e-01
4.912743806851687656e-01
-7.058642738180510856e-02
4.602983860107804914e-01
-5.037796060429162726e-01
1.261297930464514577e-02
-1.132272525148418779e-01
1.096020066407590032e-01
-7.507343600924706872e-02
4.080919244674189317e-01
-2.852019903209911111e-02
7.921790373865958412e-02
2.092069010438258117e-03
-1.509214460451264450e-01
-1.595486506371718294e-01
-2.381994379185179977e-01
3.967231779642139966e-02
-5.344128985063378162e-02
3.318009053419546106e-01
2.386273933061903441e-01
-2.903950826136459940e-01
-4.077751495197003972e-01
5.897715205937616167e-02
5.005283551153817401e-01
-2.426462449355784035e-01
-4.940435015277520187e-02
4.165233881317712550e-01
1.049091370132117645e-01
-9.166647471911113509e-01
-6.150493118128951275e-01
4.730163139851212284e-01
-3.381199715251550497e-01
-6.001890892527291799e-01
4.287008842347300730e-02
-1.286484122490696123e-02
-5.247529754030273441e-01
6.832734694332404102e-03
4.306980273837238138e-01
-7.825646849361059254e-02
1.003044528724157669e-01
1.882465152447234114e-01
4.771968612331514703e-02
7.665249084830104698e-01
-2.229516583506951088e-01
2.097392394255405967e-01
3.507989196284760913e-01
4.215875726258747624e-01
-4.326274700791293282e-01
-3.360649651420409278e-01
-8.934671412826594716e-02
2.881480073862856539e-01
-3.622607636539496023e-01
1.087831612025180195e-01
1.324074654648010052e-01
2.862293162758476894e-01
-9.298516878617166248e-02
-1.305188750508363693e-01
-1.348839078920492096e-01
6.243649541167187178e-02
6.489788571287351260e-02
3.280436319637089482e-01
5.759816768308094470e-02
2.208756769950921961e-01
4.760102759528682670e-01
1.945837885354829988e-01
-3.007161324089787646e-01
-3.681555463353695656e-01
-4.966305789148046657e-01
-3.113280252293444406e-01
1.955228208891620495e-02
2.449324650995916008e-01
-2.607112755662771564e-01
-1.861709539468252572e-01
1.967866990709253305e-01
-1.217767958801520833e-01
1.229241633410742829e-01
1.089790083767046142e-01
2.001971270054123120e-03
4.138102106102881650e-01
9.529206324173755682e-02
-3.919900938518201816e-02
5.148735499854253939e-02
3.441391393656297315e-01
3.299160212601284226e-01
1.284092475926564558e-01
3.306792993113237822e-01
-1.243824700067675121e-01
-2.131620857982728379e-01
8.273641497326810201e-01
7.573741979283712400e-01
5.987628997087384164e-01
-3.007580162182170169e-01
4.924082891471248669e-01
1.572343391561439041e-01
2.372509862161647498e-01
-5.603355506099649830e-01
1.433617845471709673e-01
1.744944865207959384e-01
-3.615025340446949009e-01
8.900855061763538467e-01
6.917383519453873530e-01
-6.024653455777456701e-01
-5.146226612820040680e-01
2.793402266446701199e-01
1.627330141472402292e-02
2.904164803920766258e-01
-8.198923436866319969e-01
1.683544293456905316e-01
-4.418553011875660519e-01
-7.506071503356381847e-01
-6.544811700401592658e-01
7.895296930096132870e-01
9.590776652672949876e-01
3.439987003665631038e-01
5.263526919204838395e-01
2.172035619741392587e-01
2.805233620700455788e-01
-4.769506709701589603e-02
2.772455277328759182e-01
-4.472336475166447528e-02
8.390760215720730608e-01
-7.725401861436547168e-01
3.039167348689372217e-01
-7.292934695816079282e-02
-1.518816730999305586e-01
-3.452590473212926447e-01
8.306803115026714091e-01
-4.705306108892436945e-01
4.743257338944571050e-02
-3.372404941166483594e-01
-3.052428504982732105e-01
-5.539512881028337832e-01
-1.077305685385573364e-01
-4.159685136353310497e-01
-2.983773451919796704e-01
-8.443596367789894808e-02
-5.040666401826449095e-01
-3.864713103616798651e-01
1.601543235877029257e-03
1.743829603267652573e-01
-4.782063137611122228e-01
1.275561962443124142e-01
-3.479483152897965836e-01
-7.389643754107020346e-01
3.091885974924860059e-01
-8.917868438311856716e-01
9.690861956364814622e-01
9.036332299908881316e-01
-3.052639534231302298e-01
-2.928906483805832073e-01
-9.560193669220913293e-01
