-9.078423646418531945e-02
2.301403602401931037e-01
-3.691222310792200423e-01
-9.229546166227559079e-02
2.549122195055153473e-01
6.476229076470556567e-01
8.857202892944165962e-02
3.095590887603488772e-01
1.095002634889457038e-01
2.913463986535308470e-01
-2.790825210456807648e-01
-4.708627566843606727e-01
-2.394451578048820695e-01
9.051431933295360499e-02
-1.935684284434791014e-01
1.806596840028573958e-01
1.857482587669671559e-01
4.853093775497895335e-01
1.544366956618338782e-01
3.605518778827188076e-01
1.660570343466479665e-02
2.366811290295839365e-01
1.576310378069129270e-01
5.422895413124696751e-02
-5.249557645432108288e-02
-1.076978459926079268e-01
7.882888866827381102e-02
-3.083605688123907673e-01
7.599542579053455427e-01
2.650792070940592438e-01
-1.566508979206221452e-01
7.689524275931616248e-01
1.908493059332766473e-01
-4.710736641608374020e-01
-6.542535599358934029e-01
3.420439217193826931e-01
2.319714498135039271e-02
5.977184585906238912e-01
2.720159539483741895e-01
-6.175268094325605528e-01
7.138272000755758739e-01
9.086837207218281254e-01
5.589824748455802794e-01
-8.914276316047848869e-01
-3.474699268031835597e-01
3.834295468721069522e-01
-3.159246766279888430e-01
7.520650288176611298e-03
3.562382465825829347e-02
4.597593278303512276e-01
1.460912142361380645e-02
1.726870912365899846e-01
-4.169150220837336551e-01
2.460927843493820877e-01
3.162664519701324228e-01
6.180462894496367710e-02
-2.125691709695934906e-01
1.411336375818889217e-02
-2.281915487237988760e-01
8.284964876487554974e-02
4.369175967730684063e-01
-1.213994215482633865e-01
1.522669314004718166e-02
-5.360367369093618217e-01
1.166131267322289555e-01
-1.991861848153447107e-02
9.642343761089706977e-02
-5.263559239243505994e-01
-2.452745849680231238e-01
-2.323093876392196555e-01
-2.203751236311679573e-01
1.432310431803946252e-02
1.430772640641324034e-01
-3.309234787886912166e-01
4.959926923178867852e-01
5.284452377191399819e-01
1.036767683853267452e-01
-2.513669884100809826e-01
1.233682758846835203e-02
-6.988779661761457263e-02
4.333570405454340024e-01
-3.091332239437315915e-02
-8.328841765986726153e-02
3.635486492439678891e-02
2.060398456029260694e-01
-2.689823875105803452e-01
5.537776224581115736e-01
1.521320954357699429e-01
-1.801553210927925308e-01
4.887641057409474188e-01
3.679534171655227670e-01
1.414522431096157558e-02
-3.360949387738351724e-02
2.670435448319676830e-01
1.893017245928820813e-01
-1.543622127612437056e-01
6.526874085506811918e-02
-4.918272321706158579e-01
-7.372244219042702884e-01
-1.611863873136766268e-01
1.307524419397322057e-01
5.763829736606951998e-02
-4.519210851535601647e-02
2.036675549860697820e-01
2.513230215992025007e-01
-1.442858826428283781e-02
2.516207086375684687e-01
3.540312674656120179e-02
2.494999314227792087e-01
-4.987344848059005464e-02
-1.953869745650458067e-01
-1.107876077409636617e-01
-2.573203163117983583e-01
-7.620115761132819632e-01
1.050120388583927755e-01
1.443565060437828063e-01
2.221553815699642276e-01
1.778648102115049645e-01
-2.666707036848283141e-01
5.543322670699597499e-01
-9.973365923211088835e-02
9.787658119366496323e-02
-2.764739918635817917e-01
-1.514025028858652644e-01
-3.322815581594937839e-01
-2.990961020084387245e-01
-2.517554616866776729e-02
-1.480590225148455397e-01
3.929318654848630854e-01
3.079891131054358633e-01
7.920799024670716060e-03
2.563028993163470326e-01
-1.182556728575620275e-01
-1.752060982019011948e-01
-1.141035661830465814e-01
-3.984735653605606109e-01
4.999284646267451726e-02
-4.739680909070413672e-02
6.322832338579827127e-02
7.062663207591984849e-02
-3.288043312158183129e-01
3.003619487365564722e-01
-4.807014264784583157e-01
3.480739085120607146e-01
-1.647674968351049984e-01
-7.442551102053469869e-02
-1.514359526894077934e-01
-8.154995543442752903e-02
7.248707637932744197e-01
6.238864281773848219e-02
-5.034364297450242276e-01
-3.273778695287578588e-01
4.345363326988092023e-01
-6.282824341089736642e-01
8.205609139403264862e-01
-1.586382766229406105e-01
6.386684420755879277e-01
-3.107418547974458711e-01
-6.492346913633064709e-01
-6.549102749740565166e-02
2.014952991657612547e-01
-1.292133076512096967e-01
2.056693788592853789e-01
-2.264118505562200401e-01
-4.259538740519707711e-01
-4.045070880977164052e-02
-4.323099614048770967e-01
-4.688295279970127183e-01
-2.463014707505412071e-02
-1.126761532204312299e-01
-5.599715380788532482e-01
-2.226225209646410796e-01
7.457731283607953454e-01
1.673431111458190124e-02
-2.540333424937635254e-01
6.546502862638838849e-01
4.589122083714036737e-01
-9.236854418960456226e-01
-2.834517561592444501e-01
-2.069910635244642805e-03
-2.943339680025450766e-01
6.327482676886517776e-01
9.233773856085722986e-01
-2.500974289828405972e-01
9.443146423219583863e-03
6.348229973280512528e-01
8.701251906619005272e-01
-5.158778326892337063e-01
5.351544006172888057e-01
1.340362549518250013e-01
3.670120681198292267e-01
-2.476971642646403904e-01
-5.819074944236513058e-01
5.459530426050636098e-01
3.030992495822109611e-01
4.602139699032423703e-01
-9.411876945579933373e-01
3.847016984210139823e-01
3.191105723886100698e-01
9.665937825715920084e-02
-7.978030240924653960e-01
8.391570569145199165e-01
-9.602257778552847345e-01
8.908403004650011781e-02
2.924143057839689863e-01
8.068898607548713464e-02
2.097053015574048551e-01
-5.790435089601926322e-01
6.527290688254903106e-01
-3.772160577709928742e-01
2.657130278437425108e-01
-7.175221574751222686e-01
8.310103366383245760e-01
-6.764717926242114210e-02
-2.912945542237590502e-01
-4.691218712377207556e-01
7.764056712495210899e-01
-1.575115345670015099e-01
9.047695309375989314e-01
-8.089035210323685110e-01
-8.067492472313768648e-01
3.876905571877459766e-01
-2.050214707744937304e-01
1.380989115454966942e-01
9.822571316415269482e-01
-5.802417374145287798e-01
-5.491986357723062095e-01
7.816604786701306651e-01
8.669804318919794861e-01
-5.111278676131252308e-01
8.997959060260685149e-04
-3.743810319729830027e-01
-2.671332148203668932e-01
-2.642012824718114605e-01
7.835712921465913805e-01
4.352298110104668716e-02
-7.844164289099578857e-01
1.161648072305339063e-01
4.880861466246075864e-01
7.129154849274825789e-01
-8.189421805092278461e-02
1.889917334080759570e-01
3.038336770289989386e-01
1.114958235752687710e-01
8.109982779012221421e-01
-5.800120525673568839e-01
5.122572717659388264e-01
7.734747177011327413e-01
-4.380540471006417746e-01
8.826723704685082161e-01
-5.129129728386614406e-01
-6.539957854005162829e-02
9.212754021227798074e-01
-6.592021559991827484e-01
9.913821907405109268e-01
-6.477003803853429442e-01
-1.565648546351230408e-01
-6.087100876976435648e-01
-1.738709422993740816e-01
4.540993766373265239e-01
-3.414639308351414826e-01
6.234057389433889096e-01
-3.376701488962575159e-01
-9.741357412587905995e-02
-3.495500620853169704e-01
