2.451542724927608108e-01
-1.710958386366688011e-01
-1.066968739451833181e-01
7.502828925292158724e-01
-3.017443330405833457e-01
-5.721382121820932642e-01
-3.640964068322317115e-01
1.088349842434995635e-01
6.920878759358775612e-02
-2.571412156863944198e-01
-4.806392092765678081e-02
-8.643341613366685161e-01
5.300754490212802317e-01
-2.080879070153685007e-01
4.684631979279418323e-01
-6.661672690002911068e-01
-3.299471925362788549e-01
-5.339208808653355121e-01
-5.068756498502744456e-01
2.336441890910510299e-01
6.863690803189771428e-01
7.034241191911299040e-01
6.136930604468225914e-01
1.086719044308076532e-01
5.417448428198801125e-01
2.931928067742577415e-01
8.347718715936743861e-01
-2.008789978349922178e-01
2.120754734586719203e-01
-3.942573357455729788e-01
-2.640042788177070499e-01
3.780307330122321258e-02
8.389937182986532127e-01
-7.373988528156836253e-01
3.064897932933898228e-01
6.236237720940226437e-01
7.472015065925735611e-01
3.080781042294433725e-02
2.956580333384380144e-02
2.031881367472566230e-02
9.917649245335070918e-02
-5.233050617806095373e-01
2.585682186192007070e-01
7.040746738285450501e-01
4.528037124410477787e-02
7.629581105283640419e-01
5.005269296148504576e-01
-1.697967020458925613e-01
8.163058649582741744e-01
4.680308986832031337e-01
2.959795910862569879e-01
-5.112133299263404984e-01
3.977222471480117982e-01
-8.954711357429164797e-01
6.641268317831814372e-01
-1.604988250878181255e-01
6.100966343773676082e-01
-1.489686268319426535e-02
-5.624448946211776379e-01
3.834408017145331526e-01
3.093693740207696385e-01
-7.134054317771232334e-02
5.693535794609314582e-01
5.503877880285702739e-03
-8.085899005940569428e-02
4.704363501061676472e-02
2.282323207628605966e-01
9.446500443910528233e-01
4.160915187838563623e-01
1.087302737289738142e-01
2.171495029803702792e-01
-1.040924733218739767e-01
2.058652776609270485e-01
-2.530032700957106639e-01
-3.093006691851833412e-01
2.604167924623787544e-01
-8.446336790122479510e-01
-5.127901246818560299e-01
2.035770424685669558e-02
8.882424123186009046e-01
-9.223732848907777448e-01
9.638001402395660611e-01
-1.538576243638359146e-02
2.370890532516641280e-01
1.132636300107518201e-01
-9.836294080346676127e-02
3.150688987552080489e-01
6.781662531767890245e-02
-1.306761525179829797e-01
8.633097553021816806e-01
5.044530914309132419e-02
-5.548818453546999763e-02
6.835260090178041370e-01
-8.193843894262690108e-01
3.980391308845063203e-01
3.138428471861002267e-01
8.522180551629946477e-01
8.120422506247978456e-01
2.968689912013052767e-01
-1.091401281703751752e-01
-6.304752345242706779e-01
-8.491348778836327327e-01
7.173232070963270202e-01
-4.685561468874468449e-01
5.711228038305952159e-01
-8.119969113806353445e-01
-3.561092645405930512e-01
3.141340213952207305e-01
-2.774705534636613957e-01
5.948942743353924367e-01
-5.651879806251290661e-02
-3.367675347600986302e-01
-8.282419916564758289e-01
-4.576418875790198570e-01
7.342834244425783252e-01
6.020882694216425080e-01
7.043665092799580307e-01
-4.469815839083933207e-01
-7.310887367282509208e-02
-2.887397470263429813e-02
-6.368991114744444459e-01
2.489838984088857121e-01
1.712782163256488521e-01
1.575088330845694903e-03
-2.958224762863862489e-01
-7.509979117121882153e-01
7.007904467463526021e-01
-6.843509743139809531e-01
-4.320518190619786481e-01
-2.735984971569812574e-01
5.498671167784555808e-02
-2.813605512088458993e-01
-6.255719501437627672e-01
7.493213955937738646e-01
6.775247388215166477e-01
-4.212829094669293672e-01
3.384004203394452848e-01
-7.762981396870385353e-01
-8.785440753846167350e-02
-5.562574869827693336e-01
-3.761318505587147448e-02
2.105920789624193823e-01
-7.884679647070954589e-01
-6.285800189626409296e-01
-2.794970334240905463e-01
-2.473063080619038456e-01
7.425736484520123470e-02
5.527638521955885453e-01
5.162960555486258984e-01
7.558318808296549118e-01
7.050583259090651422e-01
-1.603809115950851627e-01
-2.179738576876447120e-01
-2.534376475945844809e-01
-5.152269535256324140e-01
-6.500395012880403334e-01
-3.603516354745282535e-01
6.758026639656282419e-02
7.856794232045692938e-01
6.215371082157110649e-01
5.238039264701986886e-01
3.004399175907213615e-01
-2.844618242264220220e-01
-3.572356593643465916e-01
-9.455181252267133574e-02
-2.027166742157593127e-01
-1.373402936077423309e-01
2.371228350342829694e-01
-2.323822331321674373e-01
5.420487567922602778e-01
1.763759178438721320e-01
2.059559838073214133e-01
6.419123992563946501e-01
6.196332582434799230e-01
-7.668020513336031296e-01
-4.715896692538599777e-01
6.356930751848429706e-01
-1.743923853412925051e-01
-1.795063100933302555e-02
-6.387732562587383756e-01
-8.594657028556850209e-01
-4.942933297045098290e-02
7.428339877470414576e-01
-3.259750571398198349e-01
-8.317469821096437066e-01
-4.092083407725244371e-01
8.043127136229458740e-01
5.948915034491261133e-01
-6.747003414761224560e-01
5.298843864515613289e-01
-3.064875671219215447e-01
5.002796279795541645e-01
2.629135860858060059e-01
-2.961894911888713899e-01
3.971565288199744304e-01
-3.612140147580372163e-01
-8.603689798348486129e-01
-8.520348586070183305e-01
-5.951270414261332631e-01
-6.500146279556633377e-01
-2.248109693546193333e-01
-8.087268141392406351e-02
-3.248343436993353928e-01
-2.093614256814282926e-01
8.277129070603443939e-01
1.101358165576780956e-01
3.324415828508521242e-01
-6.018164760707648275e-01
8.179660883156604223e-01
2.866324159902842172e-01
1.748173803896950311e-03
2.411497688985418386e-01
-7.198351877124421483e-01
-6.710382073808550674e-01
-3.162159359597249697e-02
1.309399524924784730e-01
-5.103006457409487995e-01
5.980602383927634547e-01
-4.501339584187663556e-01
-6.007310418048812384e-01
-7.974114363898202607e-01
5.484457938518386699e-01
-3.620544488668150235e-02
2.456180557879806825e-01
-2.467624482146733023e-01
-4.977850854153075821e-01
-4.343048826439032672e-01
-7.620501000466733954e-01
8.365088060741918685e-01
-4.044916785471822096e-01
7.833502735122764848e-01
-1.167847674515358758e-01
2.117676247130169942e-01
-1.310094043675182930e-02
5.402566941829376468e-01
4.456755702383258799e-01
1.962828116128269851e-01
3.951443487774081720e-01
4.369249291995718210e-01
2.136490279518204471e-01
-7.396178555188419601e-01
3.018782148604738369e-01
-3.447596202892856954e-01
3.589241690499149762e-01
-4.494506324511409190e-01
-1.221595250435041358e-01
-6.599780198283503596e-01
-1.012208702796370124e-01
-2.569651791228563797e-01
-6.652470945318157414e-01
-6.356302185374191893e-01
8.435555086906979527e-01
8.467426123782102465e-01
-9.808137260187502204e-02
-6.182088266714493852e-01
7.274147178159952043e-01
5.834075130515473662e-01
-1.253305056320059563e-01
3.732447024815886416e-01
6.664823708516216527e-01
-3.838503231343157740e-01
4.785678142940822388e-01
2.769770121357152948e-01
6.194695161395275679e-02
-1.527331216767070510e-01
