-6.380550893415601887e-01
-9.150861484373054022e-01
7.819995994225001912e-01
1.612257926145761466e-01
4.375329688551654606e-01
4.249951879539823896e-01
-2.508258307204422888e-01
3.312684539420455709e-01
-5.242552018593489294e-01
3.381322774795244568e-01
-1.712175953362844449e-01
-5.725980796889404978e-01
3.236002952724001958e-01
-7.289918458146793512e-02
5.562181126817900001e-01
-2.807561570601194711e-01
-4.337408823645305667e-01
-3.861870744911924946e-01
-3.391432378905070433e-01
-9.197819957974199268e-01
-6.425481304565339169e-01
-5.638873560364302540e-01
3.272279584582291623e-01
5.324247929176404437e-01
2.861605811131302524e-01
-9.836829503622400717e-01
2.068008696074832287e-01
-6.042578038485804104e-01
-9.348364816385953957e-02
9.571993913385845598e-01
7.725746787469052190e-01
-6.082586166156878082e-01
5.346056480867762417e-01
5.147823728208942295e-01
-8.697138440652383284e-01
5.047320523101304079e-01
-6.559070603411070177e-01
1.622320136506935906e-01
3.662339847470792442e-01
1.000000000000000000e+00
7.495690548767275363e-01
4.813734812801804264e-01
-6.124894370419631251e-01
5.171900346982938323e-01
7.281589895761730880e-01
-1.730461223057641051e-01
8.322559756553211674e-01
-2.443102842417645693e-01
-6.530607503790253343e-01
5.990022900854835575e-01
6.748049720443521915e-01
-9.190123761714641404e-01
9.617054578955739341e-01
8.191628468763423321e-01
9.401720389883556628e-01
-3.572170643635506071e-01
-6.950738551992927672e-01
9.786743106569264494e-01
-2.371276687480790013e-01
-9.272056955479187623e-01
8.245476369125159799e-02
-5.379817290776789385e-01
-1.570682484054242711e-01
3.615440947266121974e-01
1.423120998526594683e-02
-7.275992805969844213e-01
2.432654750438031921e-01
-4.933799693523722718e-01
4.239278058625287060e-01
4.810652212904282243e-01
-1.113258153220439695e-01
-8.073129680717325840e-01
-8.562873723273476401e-01
7.736161078097306132e-02
-6.707917783665744427e-01
7.139361736498284206e-01
-2.078461225111012389e-01
4.695588029214727288e-01
4.603854643547224956e-01
6.644931632953035017e-01
-7.291056342976554028e-01
2.434765510048675363e-01
1.000000000000000000e+00
5.871759776101559414e-01
-2.499875297419462683e-03
6.838211556990037021e-01
2.602307422279945825e-01
2.455669617025757479e-01
-8.840025733692538079e-01
-1.000000000000000000e+00
9.194287748242402358e-02
2.264065184236125072e-01
1.000000000000000000e+00
-9.380222100879109792e-01
-5.610227305918952245e-01
-6.945974753497765608e-01
-7.565085521535508395e-01
-1.000000000000000000e+00
8.581850758460207729e-01
-9.143612571502830466e-01
-6.039163472437172886e-02
8.406656190365219272e-02
4.095224225437932297e-01
-5.712982354653559636e-01
5.905657452838126709e-01
-1.000000000000000000e+00
-4.473424062371733623e-01
-7.940993724441705037e-01
2.372110410581627082e-01
-7.079116812439067985e-02
-6.595394117196968775e-01
6.972101339545974108e-01
-1.000000000000000000e+00
-8.347244671465253729e-01
3.340271227737884319e-02
-7.368886444343194508e-01
3.544868918024679516e-01
9.083437201366357794e-01
1.113477178646982146e-02
9.033999349404795431e-01
-8.441283563465697970e-01
6.058426762205268989e-01
-2.017145238920066141e-01
5.461498484325282288e-01
-8.145499374616297361e-01
6.459835080179772149e-01
4.625430222063890984e-01
1.123134297275486526e-01
9.035815494036603113e-01
3.359419367530147582e-01
3.915475439467975272e-01
-4.043315218369900599e-01
-9.588177403634607909e-01
4.661276075980012035e-01
-9.830753099560043395e-01
2.071155328618634883e-01
-5.460199181022753478e-01
3.170426435740338889e-01
2.908488462591729551e-01
-7.652618206701273795e-01
-1.706546222468183216e-01
-2.550612118317593380e-01
2.381470484047325531e-01
-3.911376227483995827e-01
-6.575422363256950842e-01
1.709165912267976983e-01
-2.035038718967174809e-02
-7.455313868836332958e-02
1.000000000000000000e+00
1.000000000000000000e+00
3.019552442147289961e-02
-1.668902497542438523e-01
8.362585543699667667e-01
9.369715302832610782e-01
1.305079368949849661e-01
2.301065203996199848e-04
-7.940376063597437417e-02
5.068883867462992132e-01
8.731872209211704039e-01
9.980281708769597193e-01
-9.799052427414245425e-01
1.173357791294338676e-01
8.445458417668381124e-01
5.296105794427059532e-01
3.094034373419863870e-01
-5.965040787451998394e-01
6.939332422999938688e-01
3.597212654019004141e-01
-3.859695311530234596e-01
-1.713854369755535290e-01
2.899716371735172049e-01
5.092772232406221899e-01
8.143144468152940796e-01
7.977315071103970867e-01
3.502927465846010779e-01
-1.416080480452523993e-01
6.848009364017866307e-01
9.578118341092193289e-01
7.706374696137117120e-01
-9.083430073793443693e-01
7.562337458423931125e-01
6.130103540506738335e-01
-8.554873050354714348e-01
1.000000000000000000e+00
-4.596828177109026914e-01
3.361976532972312248e-01
4.181755589646387605e-01
2.983987161380352582e-01
9.540526031903047155e-01
1.000000000000000000e+00
-3.034717977767451558e-01
9.380365561192987034e-01
-4.912035146287381804e-01
-1.404812335484012520e-02
-1.145079962862065037e-01
9.447921614906427124e-01
3.104718843393376448e-01
3.998020674882839520e-01
-7.798269526226508930e-01
-7.814057228568820346e-01
-4.148357651056731044e-01
2.930827340633497258e-01
-8.098126961942300195e-01
8.122342652205650770e-01
-1.006608626154001929e-01
-1.000000000000000000e+00
-5.838731042645826097e-01
6.955049976197678063e-01
-3.703090052658563058e-01
-8.849905457017337440e-02
-7.470753387781696730e-01
-6.165125702489318016e-01
8.027215248824774996e-01
6.208529462418028722e-01
4.822539616914760519e-01
-2.948010380000911090e-01
-9.929686368104884142e-01
-4.176673945027937762e-01
9.914594211161864568e-01
5.644813643201365139e-01
2.624950484564769759e-01
-6.807711315968032473e-01
-8.527062941832410647e-01
6.319265733602246193e-01
3.158929108344346037e-01
8.133084562360822778e-01
-4.049602541916604848e-01
-3.076825418723220240e-01
3.908191476273348286e-01
1.544778211219139941e-01
-4.591553289504163304e-01
-2.927737162962960049e-01
-5.659886577643788441e-02
7.281410893837418630e-02
-8.123832942690429881e-01
8.172753099188051484e-01
-3.126827470092599648e-02
7.676074267260244444e-01
-4.962488484133129596e-01
-4.660202013955705436e-01
-1.000000000000000000e+00
-1.036676500806248402e-01
3.717591312794985559e-01
5.354127022291750304e-01
6.676324355778260333e-01
-6.455088915818105733e-01
2.853941823547198053e-01
-3.757783848545399596e-01
-5.727021129899703134e-01
-6.391267688858541796e-01
-7.399047699868559480e-01
-1.920685358735537418e-01
4.053304682715790364e-01
-3.517309926526186459e-01
6.441321542943718725e-01
2.968358428566565954e-01
-1.333201398090528844e-01
-6.666848319647338261e-01
6.368289681984931061e-01
-5.118259431758880318e-01
7.673402502768532640e-01
-3.450790177846951856e-01
4.935846280816251763e-01
8.561980994169618442e-03
3.204910109746226254e-01
