6.778596374407955261e-02
5.609976293027117700e-02
-3.656286787876434907e-01
-2.287785410563898114e-01
-1.250360698961035522e-01
-1.434087874194935053e-01
3.401923265596781820e-02
2.858906932540676848e-01
-5.456249750071136273e-02
-6.957355324701040011e-01
1.296109384467406533e-01
-2.595390119156251174e-01
-1.274667608579233002e-02
1.117422073000432226e-01
4.362526767323523513e-01
-4.497412311745110913e-01
1.186486900666535449e-01
3.017414321053097925e-01
1.297683158429995265e-01
-1.923343052796522568e-01
-3.044926293214305080e-01
-1.049352367738589920e-01
2.935346979198989459e-01
-4.649274726354729603e-01
2.920955882996114084e-01
-2.248187074033544397e-01
5.843907428689359279e-02
3.733573264915928114e-01
8.061210534714607912e-02
3.214566954219389566e-02
1.730124458765031625e-01
-1.938524954933787750e-02
2.203757045684567872e-01
5.014039599403301573e-01
-4.308014200973235286e-01
5.572588039376331036e-03
-3.607920446148764615e-01
-2.466742868018802493e-01
4.346269022952042177e-02
2.729082057981578879e-01
7.009358880101999034e-01
1.535652562163544177e-01
4.214952540943914250e-01
3.521298789843034793e-01
2.389452788639172542e-01
4.550945224523581523e-01
3.328548871994764236e-01
4.077107094647054453e-01
-1.196019549341319904e-01
6.101628480886156503e-01
-2.268640384016142875e-01
-1.235044417632564784e-01
-4.368866999703837073e-01
-3.459333808222837536e-01
-1.382848020545254797e-01
2.674203741658730538e-01
1.209943706490941712e-01
-3.022971572966326459e-01
-1.981660581350514483e-01
3.936739286342023914e-02
9.214826068591162878e-02
-2.632470921814065723e-01
-6.438227258591465718e-01
-2.924193891919763533e-01
-1.981414662157164330e-01
-2.494636296475938875e-01
-2.835302616150967570e-01
-2.581654733299240112e-01
-1.139005969388940109e-01
5.487454005027793125e-01
2.486035304367350818e-01
-1.385900914748042778e-01
1.989563911501927573e-01
2.161795122495300259e-01
8.510317345567486313e-02
5.878540324283994256e-02
-6.034318756809110146e-02
1.677909340425428886e-01
-6.179156327715830122e-01
4.478025285636176300e-01
1.402631740381442109e-02
1.716002668156336730e-01
-1.428954692894904011e-01
-8.344771447789736674e-02
2.100975175371455894e-01
3.070513858868990642e-01
2.028594661902588525e-02
-4.794844219205570135e-01
2.872191820786618166e-01
-1.971200332266346278e-01
5.226341045171192107e-02
-4.316717149256549257e-01
-4.499519419064459957e-02
4.463889534520137925e-01
-1.110382033212023445e-03
-1.171077898536433265e-01
8.098102701979565943e-01
1.176998503505179150e-01
-2.294493558221690765e-01
5.359791050191421435e-01
-5.391659700443203196e-01
-5.214268385586090515e-01
4.207276451482320212e-01
6.136205016660043476e-01
2.200583819573660033e-02
8.027474519406334608e-01
-4.148901431011404739e-01
4.741759473519459034e-01
3.364038123099579725e-01
-1.488721280610825481e-01
-4.877607689285993753e-01
3.333399122136621040e-01
-6.440148168837738218e-01
3.021331615519866620e-01
2.771704066423685831e-02
1.174097150744316670e-01
-5.572217499265317286e-01
1.739643773516987846e-01
1.151512946883051502e-01
-2.220639102599134274e-01
6.057218806369032288e-02
-7.447197093363745572e-03
-3.777800780588392859e-01
-6.267529239704944244e-01
7.761813250504610018e-01
-6.768338867195675679e-01
2.445664712672055985e-01
-2.851884370819233738e-01
8.929149698433835880e-01
-4.103799515011190002e-01
-4.581221772291469430e-01
-8.725336922618875946e-01
-1.954330341993955333e-01
-6.671535511709559829e-01
-1.144037707825020789e-01
1.553789460621199936e-01
3.609894853164876127e-01
3.025953423598795947e-02
-6.293013821063518920e-01
8.475650968845540589e-01
-1.074060118078446098e-02
5.795743433439459746e-01
-1.219673357314953049e-01
-6.569448768523999949e-01
-1.409980740765913280e-02
1.971273412873045805e-01
-2.270430493110728865e-01
-6.391912447463898861e-01
-3.043599290083489478e-02
-2.699215627546166507e-01
-3.191485384081219068e-01
-2.730087366385663405e-01
3.208312022300390809e-01
-2.361094267189984414e-02
2.663954051777218668e-01
8.613409723899563275e-01
-1.983416564915490843e-01
-3.312699065122489128e-01
-3.527654865202871082e-01
-3.694443482207158680e-01
-2.676796601146488319e-01
1.575165980684513078e-01
-8.471062906751531951e-01
-4.093077688160609018e-01
4.408207349818488718e-01
-3.728272154167853736e-01
-2.576552520681499314e-01
2.365202995408046405e-01
-6.032131394150775927e-01
3.087065572424065318e-01
3.946388753908941505e-02
1.039748219003344132e-01
4.355766844222372924e-01
-5.053040623725134628e-01
-2.856352774250207616e-01
-5.512264293660882331e-01
5.302761782609278773e-01
1.567961190680071115e-01
-7.943787288301766558e-02
-3.762466445501077006e-01
2.113629078245003179e-01
-8.243638563575431122e-02
-8.321462130785043376e-01
9.017298664840202316e-02
3.026838809894006888e-01
-8.130671296408734650e-01
4.276490477101324017e-01
7.044556322339628508e-03
2.018042629341870731e-01
-7.975370463622656336e-01
-4.407237392250738517e-01
-2.091647671884797055e-01
-6.234372441083297911e-01
2.397955408931312371e-01
5.614275657150000765e-01
-1.481432268142079678e-01
-2.549815007083237051e-01
1.985595578495661651e-01
-1.392221579063449843e-01
-9.501997399012256096e-02
1.759076827859566428e-01
1.245863964383812361e-01
1.490872058315949322e-01
1.097420649895893136e-01
-3.873591232474793422e-02
-8.253041840284895958e-01
1.086767894045492233e-01
-1.814049634209074224e-01
-3.550744544887293186e-01
-4.562369823482117365e-02
8.428579134068346981e-03
-6.907278701587511727e-02
-5.445955920101566011e-02
4.158944630220666183e-01
-3.631775336740081239e-01
-2.363770209094440689e-01
3.286637502253089149e-01
-3.696098556956480680e-02
2.415334659442053833e-01
2.676636108120745289e-02
-9.624050389357274859e-02
-2.202694237403009792e-01
3.926888163907915064e-01
3.547995006291417841e-01
-1.486408061378302892e-01
-1.956705749380936721e-01
2.748854245971092403e-01
-1.343681556134641297e-01
-1.772877584125825967e-01
5.290078343341321210e-01
-5.489755302227883327e-01
-4.716818346844081633e-01
2.631727171546129895e-01
-3.131319363636956843e-01
5.338050645811066586e-01
-8.078323023281175352e-02
-1.594583217509127904e-01
-5.056742490443086324e-02
1.337207411030481297e-01
-8.961023543371958444e-02
-1.079076269673413802e-01
3.446030306552944067e-02
-1.268425407243421454e-01
-4.078046463825346635e-02
-6.281673756715802637e-02
-4.451252394158716763e-01
-4.398959575158146729e-01
-1.062174809731095959e-01
-2.142536986300392354e-01
4.206899666821725670e-02
-1.808837840916938805e-02
1.259852968830084408e-01
-2.244027480725528934e-01
-6.556844932519554359e-01
2.401486729912024887e-01
6.746896650287818042e-01
2.629704424312301891e-01
1.000340241695888283e-01
3.531697167849449925e-02
4.529827790795751818e-01
-6.309357880486099468e-01
-3.959124548967259960e-01
3.380370909953466785e-01
8.930343766033432829e-02
-2.724514804111648723e-03
