-1.826464965806019469e-01
1.452800042500563271e-01
6.696500963305022092e-01
-2.049628814441591951e-01
-3.514905565829978817e-01
-2.163858864784403424e-01
-2.822304052142783903e-01
-8.501493651827127795e-01
-2.701094641968531662e-01
-6.146317113755261907e-02
-4.685285431252976251e-01
1.423356181077573002e-01
-2.215432895763883581e-01
4.386139027195746776e-01
1.310315951108123322e-01
1.827690692205476419e-01
-3.019577000628338448e-01
-1.434546851461388495e-01
-3.303397857625942069e-01
2.880574438776522528e-01
3.444939416479169125e-01
1.124323715527731915e-01
-4.058528078526689176e-01
5.277268202978744327e-01
5.150665776525695794e-01
7.351379001257335455e-01
8.061016212442028150e-01
-1.170195275688362818e-01
-3.297118335263831135e-01
-4.585554439375710833e-01
3.819001340346832585e-01
-6.055058681133157483e-02
5.242791457352804496e-01
3.918653377323376708e-01
2.733365271020296583e-01
-7.699550851477484636e-01
2.086363524317279006e-01
3.043845869098297241e-01
-4.381185829350904837e-01
2.153913503184285982e-01
-6.124547612132497099e-01
7.025272737895160713e-01
-1.208656484826110544e-01
-4.141953122515301677e-01
2.777263786524086786e-01
4.643824873058701175e-01
-1.777746086222484201e-01
2.467211110448809253e-01
2.147281072371155231e-01
2.929931339877277219e-02
2.878108327655099496e-01
-4.150064852825541273e-03
-1.539723255820681647e-01
-3.812533887702432289e-02
4.647537769569102251e-01
6.563107457694808966e-01
-1.350545349749951440e-02
-2.013704348664168420e-01
-6.651776946994183426e-01
4.635096928232952385e-01
5.550626337560968238e-02
5.305346949406694046e-01
-4.382203271202972927e-01
-1.755790841596453766e-01
-6.026753256662419345e-01
-3.298231166929851410e-01
-4.005218004791847863e-01
-1.245730562809101716e-01
3.244202566900150075e-01
5.518245416271944093e-01
1.501634765704887575e-01
-2.866102778709123111e-01
-2.072370394084454281e-01
-2.735802511013125660e-01
5.536016328003676712e-01
-4.941277985232907510e-01
5.101396817783931947e-01
-7.440476482383338863e-02
-6.043925016837694564e-01
-7.600421366373089072e-01
3.673445563478939802e-01
-1.000000000000000000e+00
-3.858637065974129809e-02
-2.034129861241897597e-01
5.894473657374634801e-01
2.609436831026408221e-01
3.167877566607263384e-01
2.981354469113629141e-02
1.466858731564504859e-01
-1.438924751687819525e-01
-1.000000000000000000e+00
-2.267659022016948189e-01
3.117511694333910954e-01
-3.703167835891736370e-01
1.364828546781306495e-01
-3.103556427791501204e-01
4.561686311359284818e-01
1.881642410250154995e-01
6.785909344774485041e-02
1.515822189338806858e-01
-1.106311738579403015e-01
6.947104194824887946e-03
-4.873579727422517882e-01
-3.400461613856681775e-01
3.366587302097359125e-01
-6.853285112658051847e-01
-3.963034541178523940e-01
-7.855842862145049343e-01
6.525804623955243633e-01
-6.741868186321453571e-01
-3.265542116988920385e-01
8.192623276839055002e-01
9.826367391257637696e-01
-8.005165487824265069e-01
5.442302104858409706e-01
7.176731067286264976e-01
7.479163830751178743e-01
2.064254913189836338e-01
3.132357959091726096e-01
8.091624991928700883e-01
7.051911192680613283e-01
-3.742908828862400172e-01
-6.604903585051151715e-01
5.677967796789926691e-01
-9.890376731976699420e-02
1.273732638519317617e-01
8.722291450209421759e-01
-4.318430962408393303e-01
-1.060408976327700536e-01
4.558950708519393658e-01
-7.911946194426073831e-01
5.034798658389415538e-01
2.054849977691919904e-01
3.749812689830456236e-01
-1.623470525719564184e-01
4.635886494746476183e-01
-5.296027768287678850e-01
5.953123771667651054e-01
-6.582240865065526192e-01
3.216397235322369652e-01
4.727566759261552232e-01
2.521284483666398624e-02
-2.141355411214139748e-01
-2.177653158282423507e-01
4.446960851139007964e-01
1.238140206833120566e-01
-4.051627810886641867e-02
-3.673062824306270735e-01
1.250606412360069919e-01
8.652535239000779255e-01
6.682981766565260218e-01
-3.467847858147475870e-01
5.241696316465990213e-01
6.302666452040268652e-01
-2.629107996343105769e-01
-8.463992287240252876e-01
-1.230457949764375974e-01
-9.090890840458564215e-01
4.403251352014263958e-02
1.891473241212964229e-01
-4.228646585040146122e-01
-7.553725718413785151e-01
-6.116533271332634802e-01
-7.991977519656434659e-01
5.372505502698861068e-01
-7.392591495734510687e-01
-4.771919543563439836e-01
8.569621007998017292e-01
2.655749018114517690e-01
7.750219328025545473e-02
6.674788720103185247e-01
-3.505393333683848867e-01
-3.297286223805003802e-01
-4.651137479269612518e-01
-7.325207671968251288e-01
4.576832788799800045e-01
3.097702027041780992e-01
-2.656231889510517474e-01
-9.175380751553625647e-01
7.059160367525307844e-02
6.153879588197646022e-01
-9.150505468406749943e-02
3.289443104448308008e-01
1.188327004704134993e-01
-2.358008855505999424e-01
3.174318558543910429e-01
1.584649574108563663e-01
6.167310326589865443e-01
4.352029837333507567e-01
-2.609116221582103434e-01
4.562035125222047571e-01
-1.193119930236230253e-01
1.887837969706069874e-01
-4.280641052583804285e-02
8.140784538686114402e-01
-4.651162539419867459e-02
1.235442099145547812e-01
-4.615265760301554554e-01
-9.101126013808184811e-02
-6.008718781160808931e-01
-1.252704885272230562e-01
2.037154472042133624e-01
5.683903321562925326e-01
-1.803818233113651526e-01
-1.179585808819419990e-01
1.393026075277592479e-01
-4.601120157158905544e-01
-6.819113469943769434e-01
7.605898488073035146e-01
-1.761720751499374626e-01
-2.152677145287859584e-02
-5.159984557842400843e-01
-6.394551699880603179e-03
8.132129174703289776e-02
-5.167390644094707053e-01
-6.408297921630496941e-01
4.149899102730275624e-01
4.937444043334354160e-01
2.294204311952387498e-01
-1.569093268120394791e-01
-7.396804840545790904e-01
-5.352924558591705129e-01
-1.385783966110078202e-01
8.661284285173230513e-02
2.743705746913548960e-01
1.656386461945047184e-01
8.664941073936975602e-02
-1.005090773324113229e-03
4.626844342895828910e-01
1.660997394075553191e-01
2.536129394830377581e-01
-4.049543441299444102e-02
1.112864238547679185e-01
-2.962992507625412664e-01
6.709747339819132073e-01
3.919543277786136648e-01
5.086164297633648246e-02
-3.592908942680658746e-02
-4.837520769536999832e-01
-6.205817690132912900e-02
-6.290276943517691954e-01
-6.368064876212617964e-01
1.328816540057727036e-01
2.454420016033736218e-01
7.999298887059705376e-02
1.830361360539463633e-01
2.806837465893688988e-01
-4.032415035065136100e-01
7.460389193091563342e-01
4.958439949712196704e-01
-6.174909251539695276e-01
-3.606816601127326161e-01
-2.706563819145926808e-02
-1.358290176584040776e-01
-9.928809598490229149e-02
-7.249461444934945931e-01
-5.145536770394202319e-01
-5.749933016190790225e-01
-5.200122123783387784e-03
-1.380477403413870041e-01
5.836111153627614456e-01
1.724216307923836788e-01
4.061434762724863146e-01
2.645142484040008957e-01
-3.551027261152687742e-01
