-3.492813364392840514e-01
2.929630897111507037e-01
4.947497195633867584e-01
-1.000000000000000000e+00
1.678753144003684167e-02
-2.302240911691924019e-01
-6.725192229561406387e-01
1.180153835049845557e-01
-5.332070773426436094e-01
-1.550719131959069352e-01
-9.987983593993272624e-01
3.257795892170551877e-01
2.767250048099915150e-01
-8.529883210328700338e-01
-2.595724528652773241e-02
6.670029901038618814e-01
8.004607221217048263e-01
-1.553931551176185311e-01
-5.819378373026139195e-02
-8.704633866756796845e-01
-3.646905889264658862e-01
-2.522709422060771534e-01
7.635487774688627383e-01
1.386527163539366947e-01
2.856377423370274476e-02
-1.446984668992916112e-01
1.528853349100066650e-01
-1.095477083321814704e-01
-1.466762136350066581e-01
5.192673465067613181e-01
8.416249237431070451e-01
-6.835681990385894524e-01
7.690072212354309711e-01
7.118582988142774237e-01
-1.630925555185743225e-01
3.888765752457045699e-01
2.834993624286604730e-01
1.814026127095952345e-02
-4.377799121280688821e-01
-2.305196941518151132e-01
-2.042376414892554115e-01
2.723712080549514081e-01
3.002177930239950665e-02
5.408657815003831137e-01
-1.677427834980861066e-01
-9.040182533177440471e-02
1.737241899473123685e-01
-5.609416891702296848e-01
9.485563603905726449e-02
-3.022307085979075714e-01
3.232469910356151610e-01
6.615757012594739028e-02
-2.836889780883707912e-01
3.689300057030628910e-01
-7.032495600707370717e-03
7.747361717097017708e-02
6.866209890036985286e-02
-2.220010736608528934e-01
7.789399390985127791e-01
-2.732131933346722552e-01
1.850849624198317722e-01
-2.357641302944628037e-01
-1.622173615958237558e-01
9.459125727423767227e-02
-3.330105308308830558e-01
1.354615190896115706e-01
2.402475093354301539e-01
7.138379913937722421e-01
7.198581431141579667e-01
-3.468131516038422402e-01
-1.783385611982893706e-02
4.562200478981140450e-01
-4.936042778654740060e-01
-1.980945857873893934e-01
3.700401552254373727e-01
-2.901268565053921056e-01
1.106342091658879673e-01
-2.869651854874912811e-01
-6.458509381698733787e-01
1.508467818298155627e-01
1.169019002307154775e-01
2.113345773713203313e-01
4.011299120473342250e-01
-2.430150142718031092e-01
-1.775882210242304624e-02
4.714701139308857814e-01
-4.255925892983209585e-02
-4.004983946289117913e-01
7.896464421224180796e-02
1.862539911675893667e-01
-1.914181986144529724e-01
-6.688608560289626137e-01
-6.803292913901568539e-01
5.969141298261509965e-03
5.869013151696218511e-01
-2.294303151450891309e-01
1.887013900885948225e-01
-2.791462200140636396e-01
4.901838460652452323e-01
-3.961409042190415786e-01
1.179506115394102495e-01
-1.572311420392360215e-01
-6.883409400728621730e-01
1.377367328783495326e-01
7.146313708104075069e-01
5.232637012188984249e-02
-1.543595971411747814e-01
-4.464392595940702146e-01
-1.077933139301658350e-01
3.344840150640097931e-02
8.173964590551960896e-01
3.438138613789092357e-01
3.568100354870414326e-01
-1.590536717667232480e-01
-2.689253906711738251e-01
1.380162975610704432e-02
-5.951438716891713221e-02
2.152050781523187628e-02
2.999241721316366904e-01
-5.945485609335032784e-02
-2.552465457724223397e-03
1.496184460707331298e-01
1.194807075714694189e-01
4.690137326281061392e-01
-4.028262705026285362e-01
-3.602359633916519255e-01
-5.407708280552243618e-01
-2.942908210198330599e-01
3.165255080587278114e-01
1.705617307107481495e-01
3.293397064438208233e-03
-2.052270577724649991e-01
1.513199864878991274e-01
9.532129566847914737e-02
-1.876415550254056930e-01
3.048983713968603793e-01
5.832193395867356633e-01
-3.192564109458573274e-01
-4.096238128403080214e-01
-2.998370030281365117e-02
-5.270863112467673306e-02
-1.587428764902513167e-01
-1.090516624451979971e-01
-4.832346346418742722e-01
1.482963932575860622e-02
-1.204965230661602105e-01
3.264438299364454954e-01
6.464218088179956023e-01
1.906437457139613101e-01
-3.542763452298497984e-01
2.347430511716715462e-01
6.809343397763588657e-01
-1.943834194176353725e-01
-1.610885644084234236e-01
5.868863846937560913e-01
7.220235419406118016e-01
1.599741361932177919e-01
1.861865444289195204e-01
9.261782932224218445e-01
-1.521511150663968359e-01
1.166034388296871005e-01
-4.382228872346625170e-01
-4.470229743813292633e-01
-5.581783607852806028e-01
-1.547542297414087609e-01
-1.980897347436358369e-01
-8.110241798375822375e-02
-5.075578933412466798e-01
1.374505532935562102e-01
5.428640471573993320e-01
1.256340595312417825e-02
-1.844904924459869755e-01
-9.237539878891781742e-02
-1.692475367973281242e-01
5.546231853120511257e-01
-4.951432353826884514e-01
2.259677716490053057e-01
-8.155599672283478374e-02
-5.859545608551959273e-01
4.077003860518484402e-01
-3.568119696759177728e-01
2.872719147713599930e-01
4.234857758497478225e-03
-4.297846914599894874e-01
-6.706267615017903472e-01
-5.638001051880097148e-01
5.320588801542387447e-01
-5.336365164996593746e-01
-4.085386584541036425e-01
-1.184098185443090978e-01
-3.070169445775082218e-01
-2.930306068706999278e-01
1.339226414257654318e-01
-4.656013576459669401e-02
-5.181554591166046553e-01
6.460780788989382850e-02
-1.218576233819064769e-01
5.807326864877533357e-01
-4.937991504233053552e-01
-1.879293093863685371e-01
-4.067415043708041966e-02
5.660363077346908245e-01
-3.305571238426782688e-01
5.365606414204474595e-01
8.207905643243605942e-01
-1.701210338561461310e-01
3.658583319089911412e-02
3.762940637686358336e-01
3.639409754055930035e-01
-1.737919480203277967e-01
-2.573344360283492671e-01
2.706900441880620845e-01
-2.233685235395745372e-01
4.289106112502319434e-01
2.989461563311259784e-01
-3.920446707775528949e-01
-4.829647353355438488e-01
5.206850757013553599e-01
2.960654705085431493e-01
-1.740248086135083860e-01
-6.218913121226725682e-01
-4.475288015678534626e-01
9.314998260808254882e-03
1.705025465602376111e-01
-3.260256758066085725e-01
1.578336848875981357e-01
2.508375053919026376e-01
4.327266400615165653e-01
-4.821898610851477196e-01
3.247356692658826538e-01
-2.437230781547521097e-01
5.242065253227514571e-02
8.913097801821154853e-01
1.220376840997467044e-01
-5.708195638395415772e-01
-3.670841710950283332e-01
2.759447964898960326e-02
-1.638901168795837138e-01
5.264257827121815447e-01
4.406055068136012220e-01
-6.178112347883712996e-02
1.318528578835596599e-01
5.214261632138836311e-02
-4.002431234243798708e-02
6.627381506797237476e-01
-3.899099624628610816e-01
-1.712109514538380228e-01
7.374075148538823676e-02
4.000505477212297212e-01
-1.610714593646713211e-01
-3.177586232904372476e-01
2.047218139915272794e-01
5.404246493009179364e-01
4.824283313948965479e-01
-4.181298121529656853e-01
4.775461536078259850e-03
1.244444928056588906e-01
-3.265950530335398061e-01
-1.208722202562298453e-02
-1.994054043013540056e-01
-7.179661114201549843e-01
-9.448467158396119947e-01
3.976933493023985799e-01
-3.815895661993676802e-01
-6.302190458726059097e-01
