9.790343847171525948e-02
2.448111213680027598e-01
4.859406785985793953e-02
-3.381665254790551800e-01
-7.512343864228430979e-02
-2.150392521209954499e-01
-1.946051049604083927e-01
6.558621106222395358e-02
-4.138197144428252816e-01
9.575752717058562402e-02
-1.841966452255280884e-01
2.927908951403009330e-01
-4.965293004513972042e-01
-5.422697113577633621e-01
2.395799986268545290e-01
1.903210984699412744e-01
8.539922460246669733e-02
1.706804296618492645e-01
-9.603284419076665857e-02
-1.359358708582515951e-01
-3.888691146675565258e-01
5.289454755762229565e-01
3.561287480691959773e-01
3.767258353507529911e-01
-9.016703696870200790e-01
7.953995632568032770e-01
-2.427237202530798665e-01
-3.979225823464584977e-01
2.172736772624484503e-01
-3.556120437067883944e-01
3.723085998591716406e-01
-8.682675696687860989e-02
-6.262613575093108065e-02
1.162871242157906826e-01
-3.275959157547767009e-02
3.898716759118531217e-02
4.487339722729365155e-02
1.304270589415783554e-01
1.213307932450637255e-01
-2.069998638850631123e-01
3.565393182777486930e-02
-1.810367160771945982e-01
-3.604684333753849779e-01
4.859403482671719177e-01
7.791385833497314894e-02
3.292801162431889528e-02
-2.986182734222163071e-01
3.728285601311506769e-02
2.609853691478185994e-02
-9.651167836259447186e-02
-1.554367383278197901e-01
6.783781303257616635e-01
3.647915530148365670e-01
-2.557538173090706177e-02
9.775342266434436378e-02
1.054634834800291798e-01
-1.064655608982553042e-01
5.650175224023590292e-01
5.018751601750772728e-01
-1.192987060208005878e-01
7.575024637010554507e-01
8.390870060840813216e-02
-3.799884880512081065e-01
2.259355251066771375e-01
7.767868221484647284e-02
-6.849524002850286841e-01
-4.658275833131096944e-01
-4.954719927361116161e-02
-9.221585212109459362e-02
-1.364332643071452245e-01
5.735342263406820740e-01
1.516853917032897348e-01
5.987761246540078686e-01
7.390417866035642325e-03
-2.709421663230443880e-02
1.335530006448925056e-01
4.940738375370632429e-01
-2.386811967781680144e-01
4.843382741859404428e-01
4.046496899098387390e-01
-1.826998757996212419e-01
-2.978871462728445163e-01
3.417974055468829819e-01
4.126309440428232306e-02
-2.432341731004039609e-01
-4.756089138075951517e-02
6.053616030867317588e-02
-1.782122264782339538e-01
5.883062474702508565e-02
3.283540405611201640e-01
1.684173497621570814e-01
-9.643915343697348486e-02
2.577509912995050168e-01
-4.301396568169958967e-01
2.193665569930926817e-01
1.414257897631088778e-01
-1.576146706489688631e-01
4.477954479656968134e-01
2.477201037754466623e-02
-1.257383408439378403e-01
-1.627794455385122296e-01
2.956044331586566570e-02
3.178721230180545088e-01
4.583616717989393297e-01
-6.594544768512310418e-01
-1.764950466627431824e-01
1.720388677799417343e-01
4.504485662498443066e-01
1.635754993483805042e-01
4.178161697677258424e-01
5.525234758537105745e-02
-1.453568525755211949e-01
1.425037953137254509e-01
1.396595550668223162e-01
-7.693313551296870889e-02
4.131436729002449515e-01
3.709648123065552583e-01
4.902508266228606804e-01
4.071631370110742054e-01
-3.498348299939867401e-01
4.518047097812172286e-01
2.551154384956956511e-02
-6.428107389636883440e-02
5.779754045830179932e-01
-1.597433417419480417e-02
-2.611063179993644567e-01
-5.310943500924325544e-01
1.370811133064606113e-02
-3.112628787009070752e-01
-3.609959691571196783e-01
-3.681972674848204008e-01
4.675901130504732384e-02
1.450863092015379496e-01
1.859701832264339383e-01
-6.069021473847002746e-02
1.778160543029843610e-01
-2.034600514920848480e-01
5.725591519825065090e-01
1.423499894050335723e-01
-2.825118657080524787e-01
2.313681349952355637e-01
-2.367224175461195290e-03
4.746373735678120487e-01
9.967624667856368748e-03
-1.061185459249356366e-01
-1.879411221604604942e-01
4.830234679500896577e-01
3.803680098389528030e-01
-2.085888178769291501e-01
-3.161391647292737250e-01
-4.745460424395828714e-01
-6.644931488346826898e-01
-1.688756757883818072e-01
-4.586117548271707589e-01
8.308740968310796005e-02
1.445196429491035495e-01
6.324970497495163713e-01
1.783325936307071646e-01
1.521884394742194502e-01
-8.732603815085622501e-02
-1.112086068055700150e-01
5.055951512300292938e-01
-3.160319025807251658e-01
3.493310422666451309e-02
1.422516684810481991e-02
1.020426021943555972e-01
4.328515149921260408e-01
5.348195724768126658e-01
-3.621432156165487748e-01
-4.497240354080168090e-01
-4.960519085547286933e-01
-2.028555691918352277e-01
1.430069899428537405e-01
2.999838718995164188e-01
3.886241717195212941e-01
3.369971108638771251e-01
4.103794087855930917e-01
1.805905453913620243e-02
1.955380413722860866e-01
1.028687470925010311e-01
1.167734065116304981e-01
4.735808019417663273e-01
6.206633261446529298e-02
4.225947320171111743e-01
3.220922697879836094e-01
-2.590979782637412021e-01
4.581772132269441578e-01
9.228791582618281475e-02
1.106356487713232306e-01
4.396134529244321021e-01
-1.434840851866835132e-01
1.901217397931956321e-01
-3.071691945768822429e-01
2.335468224973619167e-02
-4.974070478326004380e-02
1.360167955267971851e-01
9.165338804392067495e-02
-3.636128605734913477e-01
2.657337249838470083e-01
2.209186821445885962e-01
-1.715978969599898096e-01
-4.166115183612040807e-01
4.806056513437326760e-01
-3.419253693293881624e-01
-1.291417821740223904e-01
-4.394174744314756076e-01
6.589271693989051659e-02
4.132319320264599138e-01
-3.417302027209727089e-01
-4.448485823218409907e-01
6.147641238724257384e-01
3.710177241244486668e-01
-3.502754195470231258e-01
-1.648689789152839036e-01
-7.317527958555103407e-01
-3.084687711875363503e-01
7.037305964368977262e-01
2.759674902071093672e-01
7.514765916665008261e-01
-2.252851787979741061e-01
-1.686396646247655673e-01
-1.378472052594215402e-01
-5.245274092842211466e-02
2.373319384438719870e-01
2.490720951964028318e-01
-3.757172273549100883e-01
-3.992500086535146209e-01
-1.597459777053126251e-01
4.550989302660854441e-01
1.482650435522769594e-01
-8.612460001323906100e-01
2.446420352758093553e-01
6.016920000858294593e-01
-1.451872680050370623e-01
-4.429294972259769092e-01
3.200475695976292001e-01
-1.016255224357543729e-01
-3.428008933619083876e-02
4.630672082405365986e-01
-4.119640033396547163e-01
-3.586360296494167654e-01
-2.578586073564353986e-01
-3.554157124290154290e-01
7.064829751912061750e-01
-3.367978764888931997e-01
1.306897830865804688e-01
-5.770402961032706779e-01
7.702629327384452607e-01
5.618347475632667898e-01
-8.834094608209669408e-02
-2.328715280519301767e-01
-3.545793921786050684e-01
8.309915670887763062e-03
3.351506435646885995e-01
-8.077320838283859050e-01
-2.184048035922536712e-02
-2.254463931424678103e-01
-9.993834412822084623e-01
5.933093392734978266e-02
6.008535368260581322e-01
4.301738863844585814e-01
-3.596899562336055012e-01
4.635611700319451911e-01
5.855634409443073729e-02
2.101374127481286380e-01
