-5.577872795809852846e-01
-3.334546416229328125e-01
-5.088325309363560950e-02
1.236502328754988389e-01
5.989312917094641309e-02
2.147963231481557489e-01
1.685842576236271095e-01
-3.935893872366562074e-01
-2.823190775079675863e-01
3.340326117216951829e-02
1.633690084255466912e-01
-1.958365164230426725e-01
4.120439607841995810e-01
2.625466215474390186e-01
-8.615205361835016895e-02
-2.287859004142936414e-01
-7.696741314834670833e-02
4.193200627465041852e-01
-5.321704456707918030e-02
-1.496709104508295862e-01
-4.116941390570225678e-01
-9.302223573722101513e-02
8.382057276455698314e-02
-1.899391535245258389e-01
5.160590908616331518e-01
4.686438405057599121e-01
3.329624280780634216e-01
2.283632442271522345e-01
-7.745841970668395637e-01
2.646514838025680327e-01
5.270526810040166987e-01
-1.852697005063170532e-01
-4.111249401261195258e-02
1.729081333276935584e-01
2.975538184339538428e-01
-6.504824344893820331e-01
-4.466041202890863593e-02
3.738961465785349825e-01
-4.635976209387053237e-01
1.340534479796211265e-01
-2.926971792005109152e-01
4.740943127683666658e-01
-2.874676052547250338e-01
2.385621720828987880e-01
-5.007241205247494609e-01
6.284832834482788622e-01
4.674341875183854467e-01
-4.047957131851092072e-01
2.936932776106675469e-01
-5.374513518594336015e-01
2.742817318203847887e-01
-4.209550109220415171e-01
-5.626217813063250084e-01
-3.980233025242032596e-01
3.688111395794135827e-01
-5.816607783477488469e-02
4.169871079692250571e-01
-2.239427280697670608e-01
-6.832204762707744239e-01
1.281173040981102851e-01
-1.393668201458332923e-01
5.672124550853596681e-02
-4.248963347334179241e-01
3.045349537228316805e-01
2.323452353882763666e-01
-2.564868246576129662e-02
-3.297917010351684719e-01
-2.313230569331649333e-01
1.398003193186215243e-01
7.183669165920852917e-02
5.648484532610187348e-02
-1.097763881881089060e-01
-3.283921685643552690e-01
-5.997716879795094158e-01
-1.886550668299026845e-01
2.824180931561031116e-01
-1.963656899867520789e-01
-6.481402773753875968e-01
-2.257988373913539515e-01
8.150293098880591336e-02
-1.362819800358559263e-01
2.337151985621060413e-01
9.644145738327236650e-02
5.616883954426558079e-01
1.042374144566868832e-01
1.147241119899670148e-01
-3.369863482847955671e-01
1.042092977248279262e-01
-4.372068452396957183e-01
-3.603386427316611074e-01
1.614196536536095239e-01
1.872152477827024042e-01
4.674048451456833814e-03
8.988360557036551013e-02
-3.340127913904336610e-02
1.340886761654925818e-01
-7.485985642661089345e-01
-7.925821498455781766e-02
-1.635918608103581195e-01
-1.388308639633833996e-02
-3.644109971250691915e-01
1.594242882400137562e-02
-1.118907391748459323e-01
-3.283903387418032893e-01
2.238626971353430140e-01
4.013855777365289423e-01
3.826207139631274678e-01
4.331217581079560008e-01
-5.195523881402922539e-01
-5.175060505866129201e-01
-2.054793845686345433e-01
1.893291297128166517e-01
-5.690172061979822393e-01
2.109648937967089632e-01
2.214005799772440497e-01
-2.450293475375872054e-01
-1.646798246345519690e-01
8.842458717449823424e-02
2.800380124865945453e-01
-9.366933775936316098e-02
1.873149314558213985e-01
4.840258220094140751e-01
-1.585829561938063847e-01
2.935390394584500018e-01
8.134762683791281201e-01
-1.000000000000000000e+00
-4.195364105242396224e-01
6.080956234094048868e-02
1.088263054860320322e-01
-2.021605099464037769e-01
-3.972986844867840150e-01
-1.171736658701784117e-01
-9.180767144001356073e-02
-4.049904587419310142e-01
2.408480791088785655e-01
1.984832699859802041e-01
5.412619660765117802e-01
-7.007437987435590765e-01
1.079517297726977354e-01
-9.690849060947499816e-02
-4.493553280557033291e-01
4.670585969267338489e-01
-7.973959032097119315e-03
-6.240933986930494726e-01
3.800823005681727151e-01
5.325405420619544472e-02
-1.517931527383247214e-01
-1.427304343917317753e-01
2.903186462201454709e-01
-5.147857570309115616e-01
-1.137367905962802100e-01
-9.790493030597630097e-02
-3.196997627728428992e-02
-1.400097399306477475e-01
-1.573128695378939179e-01
2.839347103180911991e-01
2.778449519689226155e-01
1.705403642832537814e-01
-1.212459127388886559e-01
1.665435850678859409e-01
-1.139080443986798252e-01
6.383296739214697757e-01
-6.694203346859715076e-01
-2.026655501934818693e-01
-2.977742009037510074e-01
-8.940890996691182313e-02
-1.854926647098115167e-01
1.882718735903593510e-03
2.579681526379442591e-01
-2.353232185827648648e-01
2.940683899626729547e-02
-7.677616536211181453e-01
2.770730006132113843e-01
3.027567736287473110e-01
-2.870136815143884967e-01
-1.081636160343243946e-01
4.534440489438064104e-01
6.719317076779501852e-02
1.104792861172991525e-02
2.991344479060044637e-01
5.094163495328876134e-01
1.617282584837625992e-01
-1.753469522839513628e-01
2.010227611862183683e-01
2.019706397449858026e-01
2.969960840919563805e-05
1.266488917309870899e-01
4.136508997052429915e-01
4.960972763582290890e-01
-6.019481243160279549e-01
-1.087115518476680642e-01
-1.750008959808528330e-01
5.389335580713858209e-02
-6.428400290568996034e-02
5.762738937161141495e-01
2.196499586846392682e-02
-6.283653560047131048e-02
-3.462788454476776190e-01
-3.132206378269508651e-02
-4.116013862110446953e-01
1.674578141873758474e-01
2.004330179146611712e-01
4.441000324085848661e-01
-1.484475457919529062e-01
-3.781516736800684120e-01
2.261758575425303619e-01
-2.977636449521481876e-01
-4.446324324655775984e-01
2.151706790294742322e-01
6.838899562113238961e-02
1.308783202471154317e-01
-4.658477852280397680e-01
2.714903155414682412e-01
4.799727949458986176e-01
4.642681404576620707e-02
-3.987118945149539795e-01
1.963262040769727101e-01
6.789419218431255731e-02
2.775833989362939125e-01
3.551289288400757416e-01
-2.763126352827898202e-01
-3.301500792922724137e-01
1.099310169699707906e-01
3.800783194782199614e-01
-3.155603891199761368e-01
2.973153026419403933e-01
1.238891856641869960e-01
-2.481898435696310579e-01
-3.573576999234037155e-01
-6.618784288315827935e-02
1.583975875840213099e-01
3.021091803446904756e-01
-3.185543006844777092e-01
-1.783188268512792551e-01
3.905431278371211401e-01
-2.544258966746242856e-01
-1.723625182675933565e-01
4.362180042656940704e-01
-5.875168230821016524e-02
-2.804175327376075000e-01
-6.843576766879179152e-01
-4.522783646280030823e-01
5.831105213279448307e-01
-3.345851152797301165e-01
1.205906892895042271e-02
-2.594375803726632623e-02
-1.144099713213654335e-01
-1.874681312963266400e-01
2.068499211759577960e-01
5.884704666520887244e-04
-3.320289345380541546e-01
8.094377650354898923e-02
3.710889656870801356e-02
-1.987667335005754710e-01
1.460536988490579446e-01
-5.901077360644359227e-03
-2.632431229744812140e-01
-3.834176574669818649e-01
6.767212655278034839e-02
2.814669148139290478e-01
2.003109527468824869e-01
-9.181956105114991162e-02
1.839715040812193170e-01
-1.109077100408499203e-02
-2.561226251654248887e-01
