5.651853752413369403e-01
-1.788585001475941905e-01
2.390786125903568149e-01
7.402047732755055731e-02
5.458642020442751042e-01
3.773542661382559560e-01
1.825947234555314602e-01
5.164030868921645201e-01
5.612099494201016059e-01
-1.000000000000000000e+00
-5.484184736424123630e-01
8.638211767645434525e-02
1.196969965491769261e-01
4.734984813610382259e-02
-3.129426283859071956e-01
-3.416173449438039134e-01
1.784575581363655739e-01
1.404760823335287623e-01
-2.545388548326034672e-01
-5.160272937862629972e-01
1.955888686933675569e-01
-3.918497411651074569e-01
4.255978645439475461e-01
6.446617720833732745e-01
-5.108118980532595499e-01
-2.641812218105294430e-01
5.605901036448266428e-01
1.521650238663128651e-01
-4.999821691057399486e-01
1.174879375391763570e-01
-2.066592053029009113e-01
2.846807911892049736e-01
8.222134677776518075e-01
3.193288913884296254e-01
1.953016794402324258e-02
-2.938357158046997486e-01
1.055490599652951222e-01
3.856542232072980581e-02
3.876082826473651322e-01
3.325572652291195475e-01
-7.197910830760717582e-02
-2.656556004348358258e-01
9.906924297763783360e-03
1.565977386876636901e-01
-1.446201575421996455e-01
-1.565576849080569655e-01
2.892450321913401234e-01
-5.670448879373242157e-01
-3.056665508442625301e-01
-2.527262382097440474e-01
1.853758208929588980e-01
2.431947822555971528e-01
6.660445755400872248e-01
-5.341509621947789777e-01
-3.578622077530391188e-01
-5.233874368467521521e-01
4.131533154219059201e-01
1.000000000000000000e+00
3.674501950970340269e-01
5.698617672399295536e-02
-5.785816322480894502e-01
9.235566274004133325e-01
-1.677928414826970194e-01
-2.380122308468417824e-01
-9.522762514765262809e-01
-5.173957856773441222e-01
-6.878617723612164836e-01
7.264741709922367674e-01
2.788768170807928160e-01
-1.722094630487546185e-01
5.496711693667293286e-01
3.402501484812241461e-01
-5.533290165013240447e-01
-2.205446848195286025e-01
-7.855137984861856326e-01
-6.793243896228448042e-01
-1.967202402236851722e-01
-5.727786595874009290e-01
2.867192378910199957e-01
-6.391072679525559019e-01
-6.063646480441668984e-01
1.000000000000000000e+00
-8.603522372361953607e-01
7.511912781337335421e-01
6.406356042861641731e-01
-3.977775860240687633e-01
-3.731954130343182463e-01
1.000000000000000000e+00
4.144258402789617601e-02
7.714248392028565382e-01
9.669382516646733983e-01
-6.037505641257380207e-01
-3.080208919275505552e-01
-1.777828883783065805e-01
-8.232399701917503254e-01
1.000000000000000000e+00
2.985249085451803785e-01
-3.483872718889534092e-01
-4.348087077727735839e-01
-4.790545923222505054e-01
5.846329280389063188e-01
-6.206514939390210817e-01
-4.914994127175870142e-01
-2.699265506407391157e-01
7.150879365563518331e-01
1.000000000000000000e+00
-8.492250282051159171e-01
-1.392147716294535598e-01
-7.268808396176797970e-01
2.635420850887837396e-01
5.155228595839781575e-02
2.724272923382486389e-01
-3.508493537065462964e-01
4.161380658969542901e-01
4.348783736720832072e-02
2.136684550721857923e-01
-1.197480513154245974e-01
9.134475910665882381e-01
8.773213410829400205e-02
3.739709683668804852e-01
1.863715164061226504e-01
-4.209372851329998833e-01
5.400343222254584685e-02
5.322508211756776797e-01
-6.106321289577096856e-01
5.488134911398857563e-01
6.834075220683718532e-01
-1.355012722475735232e-01
2.446680556167184772e-01
-8.806442354045419529e-01
-7.425871310874541109e-01
-4.524954541843456135e-01
-5.866342819727042857e-01
6.502926910430617546e-01
-1.049227255831174377e-01
-2.342496399340971147e-01
4.788738684456742001e-02
3.648241484361833264e-01
5.242893627500695430e-01
-9.179889726840675390e-01
1.180142495845237921e-01
3.676190778285262813e-03
4.520089320116350562e-01
1.208299002518187781e-01
-8.591450288848040406e-01
3.644767089963352746e-01
4.392549200659786046e-01
-9.487222012754900069e-01
5.417190574216056431e-01
-1.659139148636299133e-01
9.394735337250029739e-01
-5.166834628842027488e-01
4.931500089324117875e-01
5.673749542208976759e-01
1.069552811347312393e-01
-1.953877264751806009e-01
-2.005959008553057088e-02
-5.503592380825753638e-01
6.344893710978336543e-01
5.562339160685316752e-01
-2.644126053193878167e-01
-2.081688338090423862e-01
-2.261060221158043004e-01
1.925303362169385191e-01
-4.435750784749595277e-01
1.066252565088411375e-01
-6.551584783210532281e-01
5.667629404476509994e-03
-8.937063498991065780e-03
-4.328571812421097564e-01
-2.677815690550108263e-01
2.634140546830557872e-01
8.053221994419494933e-01
7.744292181937814101e-01
5.114342672599342388e-01
-7.027442645891418538e-02
-3.774005405856669659e-01
7.012474595574318403e-01
-7.174111350571112933e-01
-8.193738693682531826e-01
-8.476915141306924362e-01
-2.959193387985868950e-01
-8.223587887540628749e-01
3.800380482777366842e-01
3.126913935152352830e-01
1.700262917756190928e-01
6.258531019020776576e-01
-3.104087068372121117e-01
1.269476215510247918e-01
1.273217547441765629e-01
2.042805648365346727e-01
3.024532547062624421e-01
1.635665190783616718e-01
-8.625642435061583457e-01
-7.695963729540107323e-01
5.679611797302977494e-02
-9.077537077817727784e-01
-4.082452749669777115e-01
-7.396577637090532287e-01
5.446617710119903144e-01
5.068130350015704888e-01
9.094006879520473152e-01
1.420985864320149505e-01
2.145397337611272548e-02
-3.616996490055433000e-01
-2.384746938041806819e-01
-3.077251826591384520e-01
-4.179861578955385015e-01
-9.341520743436837471e-01
-4.379459366417253752e-01
-3.600314834026511202e-01
-8.838631683340314460e-03
6.982767403572416320e-01
5.337786199186622671e-01
-8.090469426314945700e-01
4.422944031206310633e-01
-7.743769820034760443e-01
-7.064463857571963157e-01
2.869633598051932188e-01
-4.907141496893320798e-01
-3.453374213379963864e-01
1.794557342472766215e-01
1.000000000000000000e+00
-6.665463003114795448e-01
-5.960317332734025308e-01
1.107978390094627452e-01
4.491015947841785483e-01
-5.519512911826753854e-01
4.669478720708671315e-01
-4.356262615203948182e-03
-5.669927015590281449e-01
-5.970626882065568908e-02
-9.432069327629535316e-01
4.533264955990456979e-01
-2.665718282645202497e-01
3.841996706050426758e-01
3.910146454075951183e-01
1.523147155983959888e-01
-7.887918211502848997e-01
-9.071578285136431274e-01
1.130920929780641210e-01
-3.067150785318357165e-01
1.354542577935940184e-01
-3.529176714804859172e-01
-1.279031770131847448e-02
-2.015223125207322996e-01
1.729237768104401607e-01
2.149543140624753379e-01
1.754550128705089085e-01
-1.000000000000000000e+00
3.958140114177818303e-01
2.384689557964000395e-01
-2.439153376460433398e-01
-7.722337464676573004e-01
6.002637250892158827e-01
4.095955750059557254e-02
-5.134375596762182914e-01
8.506061603920314074e-01
7.783967481390303700e-01
-8.235194719741911751e-01
2.326385047585627364e-01
6.819849480701380973e-01
-5.148760391569897621e-01
1.328415326851949407e-01
-6.804479183972761414e-01
