-3.446633830163252088e-01
2.918663786330384924e-01
2.134648715278501530e-01
-2.163709389337695743e-01
7.914052290839991566e-02
-8.569789528637712650e-02
1.413531189060554874e-02
-5.039242561242995855e-02
-1.611208039792157987e-01
-2.882180092177171749e-01
1.314434571627423887e-01
-2.663405240435213761e-01
1.934265796979145746e-01
1.576906093311230411e-02
1.951286716635747265e-03
-1.935920743721645243e-01
-2.482646203810716379e-01
-5.316402293996587147e-01
-7.786961626548905002e-01
-4.817456161090442612e-01
5.054025875344431151e-01
3.061088555589838722e-02
2.498036066114450171e-01
8.179820571364274095e-02
3.796731702823434307e-01
-2.911065006771551555e-01
-3.699117554720034451e-01
-1.543516704165553421e-01
-1.494390196145135297e-01
4.210893252660657948e-02
-4.765090970283099026e-01
1.973354803360508058e-01
3.922214609137264496e-01
-2.023778353562659671e-01
3.045283149407961298e-01
3.691023291275896678e-01
-4.130826293092632745e-02
-7.114825936177965326e-02
4.972041335069487533e-01
2.381387024866981617e-01
1.036819570501268939e-01
-1.970700273101542166e-01
4.824009212324606999e-01
-4.739617660748230432e-01
-1.795522844769412985e-01
1.295148152811259612e-01
2.992144261667442628e-01
-3.730758035238823100e-01
2.457636276704218969e-01
1.774992409734343218e-03
3.127959857804350485e-01
-1.513142185289347852e-01
-1.549773404548863698e-01
1.149495441669574763e-01
3.794674850482318562e-01
-8.141498490663405529e-02
-2.202955191755585629e-01
-1.741868299438205023e-02
-2.271633660447103797e-01
9.786746144871349973e-02
-3.400923369967135956e-01
-4.295890150710357513e-04
-5.520987016009095694e-01
1.170750338161186399e-01
-2.392619444933117567e-01
-3.963930013032368471e-01
1.772238466183596595e-01
-4.362171524655065746e-01
3.509836650232620731e-02
8.584281786913161572e-02
2.747340543777966326e-01
1.075752837766775789e-03
2.486153732980827258e-01
2.050043933208343938e-01
-1.316919644126756106e-01
2.422252215399272809e-03
-4.823038436229088420e-03
-4.518787486394197639e-02
3.357788359484806806e-01
-1.037059137919169871e-01
-7.653916820777058039e-01
5.759676453789408512e-02
1.166648728054633238e-01
2.927286478749087650e-01
1.501556369377406164e-02
-5.099765044160983196e-01
4.207087416901316712e-01
-1.142388225402668767e-01
-1.832090045942029732e-01
-3.448997809786355506e-02
1.555281458468170952e-01
-3.973199891108940007e-01
-4.110742489902420860e-01
3.470209255077600502e-02
-4.522547720178626274e-01
1.944019856509335981e-02
-1.334539441540773252e-01
-1.314887260783421663e-01
1.473384365139261964e-01
-1.381526206309361404e-01
2.034039184268091605e-01
1.161556830917619826e-02
-3.222441945601808855e-02
2.888133564806330544e-01
5.830085721632678464e-01
-6.783937820915486583e-01
2.406772482733249979e-02
2.146242371104232771e-01
3.360655168709840157e-01
4.794266841192454387e-02
2.135782778002140447e-01
-1.227462491872806025e-02
-1.501941185970930848e-01
-8.153226758730475199e-02
1.796294185636714696e-02
1.919676653254562548e-01
8.595303240955205482e-01
-3.223696063485357310e-01
4.061630021622209680e-02
-3.369410943727088603e-01
2.640268075326475117e-01
-5.726743535478999725e-01
-6.411546326223059589e-02
-2.020610931642047581e-01
2.391999791010043785e-02
5.684017753198090245e-02
-4.105480186776165885e-01
2.454428409726277516e-01
3.429420308446705090e-01
-1.358645663003165138e-01
1.793019806109454883e-01
8.410085233942660166e-02
-5.987063526333812058e-02
-3.702047683284740986e-01
-7.697294929272334441e-02
-5.652864255567982554e-02
-5.271070658545123216e-02
3.059423768632174023e-01
-5.254295667757622607e-03
3.389231563971478178e-01
5.365736890866303066e-02
7.229860748685107419e-02
2.481584093132671309e-01
4.733225351112348989e-01
-3.070248744893931958e-01
1.224224891575259461e-01
-4.413793755365300608e-01
4.237313972024199238e-01
-9.667199793335153057e-02
-1.134833835455831830e-01
-3.740136380982968245e-02
5.160797284449152311e-01
-1.228116259884318995e-01
4.631138135998551508e-01
-2.043205348327787330e-01
-4.994345043075381074e-01
1.343522480371102112e-01
2.408011773701813629e-01
-5.444109994995632862e-02
5.024406980327351252e-02
-2.224170238898749985e-01
-3.626581311685735942e-01
-3.763322224649495173e-01
1.000519610187402819e-01
3.748302388079300940e-01
1.446071581523855343e-01
6.770040240196920902e-04
-4.984454526637160376e-01
1.322659000624870074e-01
1.821718345065703737e-01
-2.065855761831174309e-01
1.010666034294256665e-01
2.413567604339054290e-02
2.920539814791885402e-01
-6.385293346072161424e-02
1.867519778287824450e-01
6.534656463594619158e-01
-1.000000000000000000e+00
2.565289614980010291e-01
4.703406904397787747e-01
-3.820038675103837877e-01
-4.413142197371503483e-01
-3.732974826667503909e-01
2.310490155400337364e-01
-7.829763350246741194e-01
2.900592384969634119e-01
3.761208880916021569e-01
1.509631902709047124e-01
5.661214058620324396e-02
-2.966171444775397847e-01
-3.676746159952560267e-01
-4.434407048769749560e-01
2.274038165575455184e-02
3.642825240190305514e-01
-1.037506398773634653e-01
1.567419992492216085e-01
2.777849826135765920e-01
-3.467893361928992002e-01
-3.144657408734395920e-01
-2.735875739153872388e-01
1.577513103243479986e-01
-1.156698977130174444e-01
-5.164290242659880931e-02
-2.653815334919170654e-01
-2.793235966256502611e-01
-2.631589065892849799e-01
-1.086400507929020931e-02
-1.842649724626103935e-01
4.364972239909707397e-01
2.962798487723212193e-01
-4.666420783000706507e-01
-1.624714711581481397e-01
2.975863970881419129e-03
3.354076142901484814e-01
-1.305342744269050170e-01
1.710456833483969263e-01
-3.367588972378746659e-01
1.303811733765689596e-01
1.334414320849080793e-01
6.165252847776352130e-02
3.685693377793496373e-01
8.762592017652137688e-02
9.727844131260515725e-02
-2.469846961619373837e-01
-2.956251941468107103e-01
3.250143607809230506e-01
-1.800593287273745402e-02
1.668866277454098268e-01
3.111451417652655316e-01
1.356342168251366831e-01
-9.006372597711673200e-02
2.185789097085645838e-01
-1.954058616530287007e-01
2.321044541028856600e-01
-1.756038696427913437e-01
6.372646479142478615e-01
-2.339234323229491541e-01
-9.883714079318858814e-02
5.151731743794812912e-01
-1.053955567976719992e-01
-2.340463466130326409e-01
-4.376524774233796489e-01
2.445364258957720971e-01
1.180947540417003616e-01
-4.045480702680303020e-01
-6.371531247735388870e-02
2.997199471978163055e-01
-3.013845647945184725e-01
5.969330193737694412e-03
-1.302122467750305435e-01
-1.544625728978441248e-01
-2.395947309979454543e-01
-1.534711559359184241e-01
1.848311598372535669e-01
-1.629262361889138311e-01
-7.544791066089687748e-01
1.427987466370674030e-01
6.421339274096489469e-02
-1.232444181848051240e-01
-1.868149702330003659e-01
-6.508951141349492153e-02
-3.914314747199122424e-01
3.280361930771362733e-01
8.158159384479690690e-02
3.300592480584274568e-01
