2.647994307918077536e-02
6.685852174591354335e-02
4.310354907083183140e-01
5.155859304923338104e-01
1.662860265827593442e-01
-1.094857999341528332e-01
1.307622294127096796e-01
5.396086499614105580e-01
-5.004544319737317393e-01
3.451269279300274440e-02
4.520532939379113269e-01
-3.494065741412848147e-02
2.515153719346177597e-01
4.420019952720938283e-02
3.788160876190047044e-01
-3.586300786366080628e-01
2.814013097238622918e-01
-1.173253861973370116e-01
-2.090644228072479488e-02
5.132617712198560972e-02
7.716506163999045653e-02
-7.782569667637860567e-02
-1.649926493181057274e-01
-6.774272808185267947e-02
6.420051860251445308e-02
9.619626142715395622e-02
-3.735931680084083606e-01
-7.299520828341747591e-02
-6.974117982742694677e-02
2.372371224405668277e-01
-3.230251248502441497e-01
1.237938758591831390e-01
3.584950118313984246e-02
2.128740984290883320e-01
3.818671980268664168e-01
3.764560578794119705e-02
1.466973374276527298e-01
5.935783250132185829e-02
-1.337333815843012030e-01
-2.541497765949843890e-01
2.194572075332382188e-01
-2.200764793407756770e-01
-2.118934310913912766e-01
-5.211614094121572172e-02
1.255148239592895343e-01
-3.469971050853637995e-01
4.336576597779121522e-01
5.611135745876836417e-02
-3.669139662615515662e-02
-9.127217240443658008e-02
1.502516832325236362e-01
-2.438034180904005144e-01
1.112011985110571283e-01
-2.154749584373022442e-01
3.204636950786249328e-01
-5.410307358107303149e-02
-2.958721511169634111e-01
2.557461963596891485e-01
-1.605080164039976165e-01
-3.613675543437725457e-01
2.298558688028490560e-01
2.663908369902959206e-02
-1.536455713825408131e-01
-2.866342790780797567e-01
7.953430635210347044e-02
-1.044729875403682673e-01
3.403086827368221323e-01
-1.377406435416550501e-01
-3.641527793265031954e-01
1.257837063233957775e-01
6.583836306956155626e-01
3.087181023793203472e-01
-7.183385669934909401e-02
8.411467659846144640e-02
-1.804110436229835190e-01
-1.607124061716950769e-01
-1.872762965728065887e-01
-1.112598932145097974e-02
2.478007380200876741e-01
1.788476583579655943e-01
1.654630483417080244e-01
-3.501035452957120819e-01
1.637585313238295870e-01
-1.070589245672285555e-01
2.413218404643418386e-02
1.723963355489634419e-01
5.089718662099163016e-01
2.391876100751472167e-02
-9.532565765327642715e-02
6.415600868297960391e-01
-5.502074670034682452e-02
8.036255940188511207e-03
1.708137434117126124e-02
2.019075073628091022e-01
-3.537321897560790074e-01
2.788307700998030741e-02
4.527499932451887754e-01
3.258720828467071007e-01
1.202811305764649452e-01
-1.099420935509856923e-01
-1.096426572916911479e-01
-3.195064937132227612e-02
2.301503490585327383e-01
-2.802240829208424433e-01
-2.785519432795812572e-02
9.264398425092514044e-02
-2.497752745947790509e-01
-6.663340110882498557e-02
1.375664143918413629e-01
-2.944537554956715986e-01
-8.951603532891004578e-02
1.334002411278457922e-01
-3.602822426453218263e-01
1.147797646335895344e-01
-2.819458836588034645e-01
8.521755093296452810e-02
-1.344158529869167173e-01
3.797790401948623884e-02
1.085122624836498406e-01
3.029950738099342900e-01
2.532456057456959342e-01
1.177876849410772753e-01
8.615316078754842177e-02
-1.591239058664136591e-02
1.781799472550825991e-01
3.140424180755383918e-03
1.246204206425490929e-01
1.211895107995234477e-01
3.131781340346312392e-01
-1.892192042182812284e-01
-1.009384767820188655e-01
2.202058531163897381e-01
2.330837323385954174e-01
8.171179295947885723e-01
3.945646887693229354e-01
-4.083900046613916923e-01
1.760543512870576532e-01
1.745314532515191419e-01
-9.046387200319259969e-02
1.812501884434698229e-01
4.794473317131027201e-01
2.093662402842705328e-01
-2.302759704127079199e-01
-3.479984462296223380e-01
-4.305998772655707518e-01
-2.859054568519454054e-01
1.465519995777781470e-01
-7.373830271467832209e-02
-3.514604458765088202e-01
-1.589673813652508760e-01
-2.867221634366611815e-01
1.636325593678164547e-01
3.616729074700395646e-02
3.247994378378789293e-02
5.253004208397912267e-01
4.819296128452031369e-01
-3.087521213087869865e-01
-3.389074497486921911e-01
-2.395260109552234118e-01
-1.129022129390500895e-01
6.030360409869202076e-01
-1.357674155068196442e-01
3.673250824599957887e-02
3.318939800847597321e-01
1.099769250889281041e-01
-2.642759125939439513e-01
-5.295557083501511303e-02
-2.098582265993379214e-01
2.057219842685428512e-01
-1.769937824051126540e-01
-1.186591178290095222e-03
-1.245625274418044048e-02
-3.842411577420730140e-01
4.895725775028046400e-01
3.850830433109467821e-01
6.295075443842444718e-02
1.408101210467407050e-01
-2.258319446990568746e-01
1.291335261942650470e-01
1.238806088903872671e-01
2.337346059550801380e-01
-2.102657280943873719e-01
-9.692199606682256816e-03
5.637863312986997055e-01
2.275869265608781999e-01
3.980922622796521093e-01
2.028707676494622414e-01
2.843644456198746728e-01
1.280940582054980181e-01
-4.291363639086220871e-01
-4.899047173305648428e-01
1.673501063376507669e-01
-3.191615844519192779e-01
-1.061140433357082719e-01
-1.773106465515348618e-01
-1.198445291776071425e-04
3.260023095895543399e-01
4.373414964333980359e-01
-8.514105094222156056e-02
-2.646598553744752280e-01
8.004793749647011458e-02
-1.165146674998589205e-01
-3.085075957677054781e-01
-6.178521678961640395e-02
2.430973023128208121e-01
-4.240112360553784931e-01
-6.617454963796360889e-01
4.391505752980509603e-02
1.456552845862885415e-01
-1.600836640930355936e-01
1.482174443409381981e-01
8.049461094342257039e-02
3.813670021345905159e-01
-5.492213059802854014e-01
-1.049903071861495174e-01
-4.581051488942535638e-02
1.276994652930658891e-01
-1.430287670023018820e-01
6.525292808041981418e-01
1.593913306760245951e-02
-9.264921384839422402e-02
-4.884768542607451636e-01
-3.371574084707100183e-01
1.239276180275754313e-01
4.346721413884209184e-01
-3.747643723802026039e-01
-9.163371060754647024e-01
2.018853648482432372e-01
-1.937009748635464337e-03
-3.079070586940607646e-01
5.968217399767371534e-01
8.614342931115892554e-02
4.456585289625550339e-01
9.828486065609999545e-02
-4.777816400934688512e-01
-5.956272654233389918e-01
-3.661851724660909468e-01
-4.378097710890441197e-03
5.786399275627660543e-01
-2.842440997982782491e-01
-9.503740802292731660e-02
2.468575964029827152e-01
-3.415235838841348404e-01
-2.030376052188373193e-01
-5.511774701951649424e-01
-1.850664780284410893e-01
-1.359374913615080394e-01
-2.219125497426532034e-01
-4.553864822856278777e-02
-3.778259444633206288e-01
-4.392353581983469146e-01
-4.280658888735480727e-01
-1.120084824545791446e-01
8.545277475680489454e-01
-9.799375529452018785e-02
-3.832549890109152035e-01
-6.369227065358467055e-01
-4.438616856547494272e-01
-1.038804968106709081e-01
1.010081078102718077e-01
3.844827975253541918e-01
3.879922546862206185e-03
-1.658123922124135619e-01
-1.934652823022804946e-01
4.402233774596336913e-01
