2.305288477385705193e-01
5.450065757383816267e-01
2.311544800647568620e-01
5.754610702735073469e-01
-7.853132702936713727e-01
-4.152488933413577277e-01
-1.928623533955019786e-01
-1.702866411797456792e-01
-6.541077476492836995e-01
-2.769014542004927248e-02
2.433701896088093786e-01
4.384150106310010786e-01
-2.359589646199111157e-01
5.196397345081857910e-01
2.530581829845126030e-01
-2.264995399603093873e-01
1.713604316718040921e-01
-2.089163699186965539e-01
-1.477947887609152612e-02
-2.544428494841938782e-01
3.060631190215059028e-01
-4.600444602619938594e-01
-8.446012603382961614e-02
-1.913471170354165418e-01
-2.772334155358282537e-01
-4.403954268263840510e-01
7.981985880288406943e-01
-9.360718719887981543e-01
4.975412340440004688e-01
-3.584555559502382582e-01
8.008547439491646436e-02
-1.141705250431858942e-01
2.153459574665203199e-02
8.308264255498543083e-02
5.576122145419478704e-01
-6.042581126642514178e-03
-3.733439807684935108e-01
1.076236986309547228e-01
6.378063442594628096e-01
2.381819484419931132e-01
5.468057979558709203e-01
3.026373130869655093e-01
5.204765981407742936e-01
-7.800088410164501829e-02
-3.778359426357013051e-01
-2.984308241799836225e-01
5.454709355603079013e-01
2.476428059454341690e-01
-1.630204864242598695e-01
3.269108371415756498e-01
3.456624079741973943e-01
-1.980653205624171853e-01
2.425272081500516042e-01
-7.296251768481339939e-01
3.848857476914339659e-01
-5.556097284277017323e-01
-5.421026773845970537e-01
4.473389864018936235e-01
1.591876802145243408e-01
-6.091053999257873830e-01
-6.108437024150731309e-01
2.637976168133489563e-01
-2.721077334586480267e-01
-9.677321623090842651e-02
-6.982453095164209422e-01
1.420239633889691933e-01
-2.562302042258284840e-01
-2.382485955836416702e-01
7.252862914819097062e-02
4.931426930136151993e-02
1.668094779529018801e-01
-2.578182190401258067e-01
-2.833035910196840534e-01
-1.696067788297384374e-02
-3.436304568645345281e-01
-2.338183304168723053e-01
1.795655664361048565e-01
-1.240643001741507934e-02
-5.156117205993783204e-01
4.446850595583085042e-01
-6.891869406294370837e-01
-7.165291334903221010e-01
-3.669729546031035294e-01
3.833475569898293078e-01
-8.550475820876051181e-01
-7.218228917772788744e-01
7.433360809045563844e-01
3.097341663888253382e-01
2.680090717485938967e-01
6.245521483035049171e-02
7.014226708335467020e-01
-4.525871218261669493e-01
-3.673945655821481138e-01
1.985122754309631143e-01
-6.322812521437914945e-01
3.374793188613662842e-01
-5.698238414697662790e-01
2.789864795806790698e-01
5.250403350990541229e-01
-9.704968097991317766e-02
-6.404404558855928409e-01
9.162531643373049428e-02
-8.064936011422582096e-01
-8.287723584363948515e-01
-1.206059217546282814e-01
-3.037683165414252762e-01
-1.102069651426517694e-01
-7.295239984669439348e-01
4.416914715941727132e-01
5.448469687305241421e-02
-2.190524531807067077e-01
-2.850151207207223814e-01
-1.919537569985090286e-01
-6.042595461872061202e-01
-3.104328947137026673e-01
6.789099207646500655e-01
6.520802601551290989e-01
-6.348461056878688114e-01
2.309107308537963199e-01
-6.624489335934088396e-01
4.659754159284671404e-01
-6.343667727709790816e-01
9.317023576706456867e-02
-5.531147960241898920e-01
-1.296328903767732521e-01
1.012105667042608875e-01
-5.888101974257587967e-01
3.479404656623268782e-02
5.166208379242061000e-01
-3.094176974412004011e-01
6.966442837719887260e-01
5.819033931355943601e-01
-3.648509839278611389e-01
-6.541756539205588750e-01
1.000000000000000000e+00
-9.840818984466367936e-02
-1.796487105314776844e-01
-2.599626270032452391e-01
-4.593479886539755253e-01
3.751032579666324640e-01
-8.884023515328823284e-02
-2.902500913421068862e-01
4.667673220763273179e-01
1.824524973654483712e-02
-1.295427440617979986e-01
6.807234322350776967e-01
-7.282687823374264235e-01
-5.188985690710462562e-01
-5.188417413018808766e-01
2.847865049023874384e-01
-4.372798434587989447e-01
-5.245709293746533275e-01
-1.413944658630404139e-01
6.777948261343258451e-01
2.694006076369568348e-01
-2.700294597440737188e-01
5.504192887153274150e-01
-6.616975516888112807e-01
6.988807689430226455e-02
-5.495664473278967233e-01
-5.610606460747222801e-01
4.138326851048588217e-01
3.773520951367402843e-01
-2.800243884242069048e-01
1.495462557147751725e-01
-5.362029248195676612e-01
-3.813861904612908527e-01
6.478380498865969894e-01
-4.037927613666313920e-01
-2.448610507408683912e-01
-1.365061242103310646e-01
3.821745572754010056e-01
3.118021984588971174e-01
7.699156913469550056e-02
-2.454503621684641645e-01
6.255523975359461586e-01
3.716555620304679008e-01
-4.059091654316069331e-01
-8.404045414907626022e-01
-6.643722445947171096e-01
2.578449794167610859e-02
1.190755240995770153e-01
-1.114395854299432206e-02
8.396901961015766636e-02
-4.058270279438767891e-02
4.662062873042165934e-01
-7.360825305041744926e-01
-6.962237858671133095e-01
1.990218103025153673e-01
1.636056433643380270e-01
2.776442769208025130e-01
3.317768027785950036e-01
8.642984785246417001e-01
4.480251065186733883e-01
-3.069111264969761055e-01
-3.780756344673281699e-01
3.533771278723424336e-01
-8.063037964590435980e-01
2.357961947417856197e-01
4.626124143681275419e-02
-7.235633807460838118e-02
2.274351402661802801e-01
5.989838464084048519e-01
4.060249369933757735e-01
-1.512228911483617932e-01
4.398762387696379395e-01
-5.863529306392618601e-01
-1.742757379630426873e-01
2.529032709911380739e-01
-8.239223371750866720e-01
-6.258638904477286102e-01
-2.233931715634324133e-01
-2.600589453134450890e-01
-3.526065540423013456e-01
2.000584920199914851e-01
-2.188189130149851558e-01
1.364706028563617349e-02
2.947136760778039655e-01
3.607915353770616562e-01
-9.725108337129242941e-02
2.122486176211784981e-01
2.444380105642666723e-01
1.644362017378730445e-01
6.107379594630442110e-01
4.904039085959790434e-01
3.965169338531662931e-03
-7.448642703350382144e-01
5.968935546348144161e-01
1.240499215875911056e-03
7.064984736647766939e-01
1.471542921100928436e-01
-8.032848300568348199e-01
-1.213433581345940565e-01
-1.114605874378967465e-01
-6.612834018897071342e-01
6.645003289907214228e-02
-4.904411013651067269e-02
1.752916563034853381e-01
-7.588823428792601522e-01
-5.631442739812968501e-01
-3.288906483957907412e-01
-5.040881719303758057e-01
-4.678625055615177608e-01
5.871622588846142632e-01
-7.115983894197227544e-01
6.341559735707757994e-01
-7.793616906902021135e-01
-5.691921640356549794e-01
-7.320007125479156829e-02
5.834615720817634132e-01
1.682448330578669160e-01
-7.815819520276729993e-01
-5.628967687771775363e-01
1.386645562482435312e-01
-3.450994882210628445e-01
-7.686379089243589036e-01
-7.413520984854014839e-02
5.635000627805586415e-01
-1.787615342262569573e-01
-6.291065859174218566e-01
-1.532886165943519452e-01
5.716858222729076511e-01
-3.106214450928163617e-01
6.669749910722441166e-01
1.640201098849553840e-01
