-3.484779722781801703e-01
2.417660935599862393e-01
1.836193435700179954e-01
-1.533788708055965344e-01
8.070384483831843925e-02
-8.743201487121202153e-02
1.854491341614849728e-02
-9.407862052407027498e-02
-1.029920815535236844e-01
-3.272546175206726971e-01
1.308773063744157472e-01
-2.211462917667078587e-01
2.189501572053265122e-01
7.992360484195801945e-03
4.316147566318824513e-02
-1.839624499324295503e-01
-2.384210303582688650e-01
-5.230997577398232012e-01
-7.451180219569075724e-01
-3.341435431557255309e-01
4.757376500751564485e-01
2.734996880159111347e-03
2.368158571597509254e-01
1.149079802587276988e-01
4.698967315046437832e-01
-2.199818086104378678e-01
-2.965651341621096115e-01
-4.393796435562635772e-02
-1.351157416038263614e-01
-8.832575489844186542e-03
-4.684279415979598071e-01
1.918850401141266870e-01
3.714430090836067788e-01
-1.958356172384695670e-01
2.975313807763977358e-01
3.928255291386597015e-01
-4.573799259050843891e-02
-7.707134029109466433e-02
3.900734620253566431e-01
1.931679535899965550e-01
9.974756176047888667e-02
-2.422461962670040547e-01
4.733625648771666028e-01
-4.144852636632769816e-01
-1.827517865036171196e-01
1.248592635536588114e-01
3.119787044768563833e-01
-3.643567055840035707e-01
1.730071862801457194e-01
-1.474131081913467901e-02
2.955880772018427693e-01
-1.478500637063879242e-01
-1.517203961988146665e-01
9.263430550381242246e-02
2.965840217242581289e-01
-1.588984178696219163e-02
-2.080811764317873069e-01
-6.252707371115476601e-03
-2.099858128281323622e-01
-4.553400706647577068e-02
-3.842273024396176684e-01
-1.045233290770729122e-02
-5.245868071343400274e-01
1.311812587626428606e-01
-2.025957471688136502e-01
-3.582684511649860681e-01
3.189598964105477275e-01
-4.275987827040150235e-01
3.789227415231741225e-02
8.285093571709344074e-02
1.074381447882120921e-01
6.950599510018938554e-03
2.751439777591226377e-01
1.790406911711538429e-01
-1.597636943306872115e-01
-5.671663855361349510e-02
3.438919358980619019e-03
-5.461453418396777088e-02
3.592708432099734339e-01
-1.195436985613380493e-01
-7.201408693143924733e-01
9.294574527382523654e-02
9.196199797563495149e-02
2.873692160339818558e-01
-1.591102651131983681e-01
-5.000464298115570028e-01
4.192842815578622373e-01
-1.558968850869396350e-01
-2.405484729756169338e-01
-2.443879189210378805e-02
1.498003302578193585e-01
-3.768707609506610767e-01
-4.224143637679608210e-01
1.590617057729249162e-01
-4.369294946333017182e-01
1.846510366760297644e-02
-1.741527195456726018e-01
-1.671226188182624584e-01
2.210969793583154597e-01
-1.518742911194181089e-01
2.164593464716986215e-01
7.679349079880480947e-03
-8.629248028907210433e-02
2.844296622705249078e-01
5.649645229686904857e-01
-6.756620441568790270e-01
4.160276508081047625e-02
2.291786444923485933e-01
5.092642526329784758e-01
5.780788395077517128e-02
2.121376748513904287e-01
5.645728927649589987e-03
-1.231605215802528269e-01
-6.165528240056453169e-02
-2.156831792444074969e-02
1.785026189148725961e-01
7.958182437166255729e-01
-3.041304232081969428e-01
6.119620165995278381e-03
-3.613838611977409077e-01
1.911202705022694293e-01
-5.270344698835013331e-01
-3.894145020412996538e-02
-2.013593447080828935e-01
-5.737009852772693985e-05
-1.194681275669527282e-01
-4.415235047431311233e-01
2.433891642217588802e-01
2.723560501934002565e-01
-1.193186631210688270e-01
1.789689704268059567e-01
6.336085437442952328e-02
-4.828843343868746002e-02
-3.858427261793588858e-01
-1.103389317484794185e-01
-8.022791594018693906e-02
-3.479601049251597467e-02
2.207488647443302254e-01
1.146336262086648621e-02
3.648887864000364689e-01
1.350340031945203023e-01
1.041340818455479822e-01
2.213750145033452077e-01
4.545223115367211797e-01
-3.368991017790280429e-01
3.345748424623866402e-02
-5.468720131620952163e-01
4.180626663391835418e-01
-1.162140673016730796e-01
-1.164442304585309729e-01
1.581508182215179276e-02
5.098291969427335424e-01
-1.780757287524972754e-01
5.828907491893826620e-01
-2.170819816527229662e-01
-4.866496394407521242e-01
1.411632659785920785e-01
2.350382060693928243e-01
-2.043905807527328922e-01
3.133939294145837717e-02
-3.197986220844618588e-01
-3.494162395888372741e-01
-4.161073690942652670e-01
1.055049198742493699e-01
3.686469540552458346e-01
1.385323624990260627e-01
-3.316395978997278837e-02
-3.599439471365569188e-01
1.203421896895567333e-01
1.845708401560435530e-01
-2.068795230570001920e-01
1.148423698104183432e-01
-1.457826915829921015e-02
1.378668450798508360e-01
8.700319308656895290e-02
1.254466066474182462e-01
6.388235643837901767e-01
-9.703571520824538776e-01
2.528542524313687756e-01
3.694440068019541612e-01
-3.720068991619880361e-01
-4.623594455429431704e-01
-3.399857609353859611e-01
2.270177793654967746e-01
-8.059528300533892464e-01
2.955731788468859977e-01
3.765340805823235715e-01
2.200923548740522651e-01
7.877029056870507584e-02
-3.193877226974325967e-01
-3.724970920864746349e-01
-4.974065230797453663e-01
2.242965259587805654e-02
3.515448708946660727e-01
-6.245421112310045597e-02
1.391582239641407925e-01
3.428716620679081450e-01
-3.452634391154789650e-01
-3.049794514262044731e-01
-2.649013375624445499e-01
1.493133010203333277e-01
-5.729857191570446318e-02
-3.602300144611980670e-02
-2.305905748046993553e-01
-2.780788082657291715e-01
-2.093581540511936512e-01
-1.414675824457824749e-01
-2.262913103129901571e-01
4.355124159501774783e-01
2.562723382402177230e-01
-4.678346468829224780e-01
-1.427256423995024726e-01
4.345495961585016907e-03
2.057795142043548076e-01
-8.768476319456916523e-02
1.627542825276562799e-01
-2.324083943838427535e-01
1.297742669673668803e-01
1.305832283122894955e-01
7.356771341768726657e-02
3.333609443844712805e-01
1.002782341356091289e-01
1.253211147086276678e-01
-2.348955889691042298e-01
-2.499980514166036671e-01
3.263111484229734294e-01
-4.834965451467105463e-02
1.417141006612132603e-01
3.726654574224169125e-01
1.459046281226900055e-01
-9.821056813883324854e-02
1.838961037397661979e-01
-1.704975178652073375e-01
2.073528020884583545e-01
-1.855650340655551900e-01
6.335308819574902994e-01
-1.445061344745686427e-01
-1.119935574249806276e-01
4.532342382137992676e-01
-7.347190229864039579e-02
-2.214406697263013868e-01
-3.636326539389269641e-01
2.550856754020358608e-01
1.254352671042201495e-01
-4.103170266155689583e-01
2.932858813800919007e-02
2.832135228705799923e-01
-3.067624585596382958e-01
1.239892536830558209e-02
-1.225726614281304194e-01
-1.146740267897760762e-01
-2.711123981816709883e-01
-1.272119273412860574e-01
3.910056668471770247e-01
-2.612231622372122031e-01
-6.897659168857748213e-01
7.824860148503498536e-02
5.692237872501241386e-02
-1.387980082346128019e-01
-7.734124703975123194e-02
4.085799589260941805e-02
-3.911064862632975814e-01
4.367460930081952797e-01
5.491794654870328640e-02
3.269019833288226429e-01
