-6.155460654821086619e-01
-4.295599546305497451e-01
4.115554259267436010e-01
2.485359150393765537e-01
4.495140994232925125e-01
4.514178996657601806e-01
-1.937417276707824043e-01
-6.141259751220657925e-01
2.437082642615499839e-01
-7.112323925631863775e-01
-4.539562090669649885e-01
2.959278076946759706e-01
1.246607355040906112e-01
1.019385654923341405e-01
7.935505139428861154e-02
-1.409421427017170103e-01
2.914790258827403696e-02
-9.649306905616387986e-02
-6.781642741135244234e-01
4.325850377938383895e-01
-5.645942076013719113e-01
-2.551525507625835854e-01
-3.986016375279511498e-02
-1.205703397026762491e-02
9.331746317871595364e-01
1.736099951474950887e-01
2.445690720212716773e-01
3.630135312362338107e-01
-4.084093612179485189e-01
1.746153769278222245e-01
-3.449828145831565496e-01
-3.060257534087615361e-01
-1.348582217371915026e-01
4.374951089699338214e-01
-6.023886586299804780e-01
-3.041513941215625572e-01
-3.275090194490813955e-01
3.445693196126397573e-01
-5.143991476054206140e-03
1.073507823784575765e-01
1.506335258588982484e-01
3.419671889697811218e-01
1.498775804562974545e-01
1.976865713575461092e-01
-2.645225722517219880e-01
1.125508043925336765e-01
-1.319055482532427714e-01
3.445757439100087249e-01
2.401708015944870739e-02
4.771263890136585584e-01
-1.571816852161183053e-01
-2.834042813969900876e-01
6.041258295198631556e-01
-7.218492428153077123e-01
-6.223982347033218954e-01
-1.143482318512657192e-01
3.910112281591441308e-01
-1.905658183974204278e-02
1.025844944201809855e-01
3.610248871131392367e-01
3.985745903399285917e-01
-3.798475670877238253e-01
4.652781087466300036e-01
-2.748228105240000385e-01
3.077240070935209904e-01
-3.769569490295054948e-01
2.918644013078124932e-01
3.289105725795152257e-01
3.097785710639788803e-02
2.867548843341903297e-01
3.145077880657930897e-02
-2.991291936439557930e-02
2.985963992059857408e-01
-4.572320285565165676e-01
-3.174082400388634762e-01
-7.103807243540506411e-01
1.291737446805005241e-01
6.482218180179244449e-01
4.194304652370240971e-01
2.853072934965528717e-01
-5.035674093790969419e-01
-2.785501355760390818e-01
1.691791029763490828e-01
-4.291852377981547617e-01
4.212793774917300560e-01
6.031791670699714336e-01
-4.732599750676346195e-01
-7.990487881434839290e-02
1.778971234178543803e-01
-6.664264769012079315e-01
7.067215342677118928e-02
3.552488860824677963e-01
5.589205574898032935e-01
-3.756251199472960267e-01
-6.138972968691611687e-01
3.251423143216055633e-01
6.237123921052912801e-01
6.967696502816027593e-01
-6.962774559747780811e-01
4.455395123525379142e-01
-6.602730624154200534e-01
-1.597946582656226688e-01
-4.335743614212232422e-01
2.856237689651037193e-01
2.086678939096332508e-01
-3.327864987385428797e-02
5.288277400458740903e-03
-2.697869555680712517e-01
5.148831388647528984e-01
-5.256305065868122073e-01
3.623065039795857478e-01
7.077218458547113178e-01
4.220072365747045695e-01
5.529806556379347482e-01
5.045046485936459657e-01
-2.874356731256810793e-01
2.309646224371443568e-03
2.727241108572254213e-01
-5.189931353481364029e-02
-8.521036898156912620e-02
-1.462844939977251957e-01
1.699234592409109845e-01
-3.493182360258417773e-01
2.219466641907532067e-01
-3.827589163526788907e-01
-5.904618152736479386e-01
-4.813348294259814364e-01
-6.654417789806410521e-01
-5.234768837644415002e-02
6.989882097974200459e-01
-6.058515142984652879e-01
-5.772107964749209064e-01
-6.801687803105116448e-01
-4.421520050144938097e-01
-2.720550999599791533e-02
-6.154589188512413767e-01
-5.006041229084936539e-01
6.446091802774175372e-01
2.173040893668143902e-01
-4.781224787585410252e-01
2.782736839404164608e-01
2.168278550662021686e-01
-7.192151404584842256e-01
6.635898134277370963e-02
2.407655169046565014e-01
-5.714475947594465088e-01
6.111720310713896209e-01
-2.211470989412743227e-01
5.218812877539970030e-01
-4.481820134854199167e-01
5.881515794481563530e-02
-3.220071664735080774e-01
1.787767332712131840e-01
-5.651019455093577726e-01
-2.297095729254006735e-01
2.104785610170211430e-01
7.070468264625842103e-01
7.232782116678140305e-01
-2.106900228770236527e-01
3.718858637878545426e-01
-4.647180622321544496e-01
8.758293539901207403e-02
1.387743333603789209e-01
-7.910404461107968244e-01
-3.692036369793579298e-01
-7.853101262409198924e-01
8.172840013323847685e-01
3.805402710126800647e-01
6.401582756578277911e-01
-2.174566162183762807e-01
-3.122565864142646808e-01
-6.243930045813176344e-01
-5.693544944186781365e-01
-2.875056184498551715e-01
7.182780472753167444e-01
4.383419746209123447e-01
-5.904651934952921677e-02
6.727757217901930709e-02
-2.001668947914645447e-01
3.109071384146652184e-01
-5.189726163645598245e-01
-5.591616787720128379e-01
-3.777001276659169293e-01
5.459198440589518864e-02
-8.227373949437233325e-01
-4.954843740443787836e-01
2.675415152267111574e-01
-4.405676757225862050e-01
-6.080084253891483437e-01
-2.527256511834971020e-01
5.504880647984231601e-01
-1.840039158694151133e-01
4.289669723503701237e-01
-3.324218912433866274e-02
-5.003567042362039308e-01
-4.754958687682616647e-01
-4.915947667949520650e-01
-6.407815978126402134e-01
-5.054997143964764517e-01
6.883085273633332557e-01
-1.462363693239556450e-01
6.669021768847611664e-01
-1.359135601272394855e-01
1.582066574417333726e-01
2.765687215197085713e-01
-3.325391944227084617e-01
5.732180574003917783e-01
-3.707295608140760979e-01
6.020321764632019512e-02
-6.948646171726877152e-02
-5.565796891241936439e-01
-4.747971970167622069e-01
-1.954269888208876593e-01
-5.404508697677579132e-01
-7.512645806453158714e-01
-1.202568290009272886e-03
-1.718420675121773711e-01
-2.342270349996869450e-01
2.905285130344736899e-01
7.548217347073458150e-01
-3.980534757270421387e-01
5.258667120114174365e-01
3.758318105733573500e-01
2.007731527731568266e-01
-6.666328495280439137e-01
-8.701524317168518596e-02
-1.117389597227650411e-01
6.201139917875428953e-01
6.727419803108568575e-01
-9.269687445611910492e-01
-3.383552794302674971e-01
9.372734789843955028e-01
-4.380627156929310928e-01
-7.821401140983884614e-01
-8.318570881196011291e-01
1.350749335651147687e-01
-2.161492077311640003e-01
1.017475746127990271e-01
-4.512571043529327031e-01
-4.154625380880868635e-01
-1.951639164112194125e-01
6.348703332506204500e-02
-6.934702794021718741e-01
1.120903949985075157e-02
2.549411569009389922e-01
-5.375059910370590943e-01
1.733472419336576087e-01
4.062838062826675256e-01
-1.215870668178794245e-01
8.614122231312743017e-01
-5.314365551194379922e-01
-2.615981837635015239e-01
-2.033306598235443408e-01
7.152281842006762425e-01
3.643310302334171191e-01
-3.129174473733362660e-01
-3.438463448665134842e-02
-5.952336085082997608e-01
1.403074722954699705e-01
1.560820056811083323e-01
-3.227498152090506611e-01
2.782964026303213351e-02
4.864836267425756700e-01
6.179585807286496202e-01
-7.305203194224388005e-03
