-7.489111375356789502e-01
-4.225007174933460563e-01
4.441769577006898784e-01
3.796294197269329818e-01
7.153505862232828472e-02
6.935274644312008352e-01
-1.021782326856536666e-01
-6.771665527608974333e-01
4.837855850110668321e-01
-5.177395919771354826e-01
-7.369481810508394792e-01
2.911609990620110389e-01
2.460147351625820156e-02
9.743544928691090512e-02
-3.131644343283631615e-01
-1.574833484708519360e-01
-2.713265365813213315e-01
6.677290379177629187e-02
-7.345660289268992615e-01
3.867978963533131309e-01
-5.489148376221417713e-01
-2.317648405801030764e-01
1.011995384578104062e-01
-4.812692950629039457e-01
8.620458248686865277e-01
5.190147879009563425e-01
3.102827679101905489e-01
6.010730626954505773e-01
-5.937279196193527842e-01
1.115097712390298867e-01
-4.628583583621288522e-01
-2.629492817958486439e-01
-4.954767451421830393e-01
4.212314386210575523e-01
-7.642263152026516071e-01
-6.572426969565829946e-01
-3.837350164044850409e-01
5.571463037180582334e-02
-2.338966327274764612e-01
8.264526874767907927e-02
1.053196629416009306e-01
4.443273372149345035e-01
1.557102999933071552e-01
3.174534758446166949e-01
-3.911809376716692821e-01
-4.875158491042334147e-02
-5.173146164642385830e-02
2.906502617879376249e-01
6.450124580890916060e-02
4.844615514485867136e-01
-2.145988741102539676e-01
-3.673875310222519119e-01
6.072334425163445903e-01
-6.580463345528365648e-01
-4.216849770199241343e-01
-2.208709556581690270e-01
4.786708409946566212e-01
2.280458930466360834e-01
5.243360303173910664e-02
4.282852767065186694e-01
4.490396120580708583e-01
-2.939327274377433463e-01
3.294531314557749835e-01
-3.905480338918217165e-02
2.473002560057138699e-01
-4.791793070273378530e-01
3.009544726634484912e-01
3.455487614290869008e-02
1.871118065377575246e-01
4.233190167702459150e-01
4.476226064362184148e-02
-3.757130074707928369e-01
2.960749583278562413e-01
-3.940735115459658156e-01
-2.261842201451667311e-01
-7.581669628544099870e-01
-1.196675038615103992e-02
5.146565512368757034e-01
6.211407021273873674e-01
7.696110369410229524e-01
-4.709027104293388999e-01
-3.334080878886899052e-02
1.825489612184605370e-01
-6.327374072077850409e-01
4.299590646986364284e-01
6.416732700482978835e-01
-6.010445376220346914e-01
-2.080038134447296516e-01
1.365159039321992562e-01
-6.351112797583601255e-01
1.032151752479238890e-02
2.019695792391944522e-01
6.123295499924522600e-01
-4.297709068441721292e-01
-6.493783379779443088e-01
1.658729687936878749e-01
6.437443605456125706e-01
6.778905982573799616e-01
-7.357095441102794453e-01
7.287619961561027093e-01
-8.403440358242197927e-01
-1.560169229237782229e-01
-4.629976970438236528e-01
4.870645265751075703e-01
2.898417890527730245e-01
-3.186449948992290532e-02
-3.811054484993973146e-01
-4.905258541649436255e-02
2.691773818065536505e-01
-2.971630171056839909e-01
4.817722114098356712e-01
7.668898330744940983e-01
1.493646478063370420e-01
2.998401377285153657e-01
6.196551106963400501e-01
-5.605353386008943284e-01
-1.972046195955578785e-01
4.565089165728762333e-01
-1.274741896671809926e-01
4.293702557092080041e-02
-3.922762393650223167e-01
2.750380863281404742e-01
-3.065510235149689344e-01
3.578022002034592780e-02
-1.471478371970001420e-01
-5.761588113224889174e-01
-4.998625500128837107e-01
-5.489964927934131156e-01
-2.316067416348982499e-01
8.630529058544762488e-01
-7.848278636038188427e-01
-6.081853850630518643e-01
-7.998725195566795954e-01
-5.466094743712630599e-01
-1.575108635460331641e-01
-6.042126012416544345e-01
-5.721887994997094662e-01
6.291944326487666217e-01
1.612989045110001241e-01
-1.107095073585464065e-02
2.163535238149562612e-01
3.606575901999741762e-01
-8.398525908350616964e-01
8.467094067718648753e-02
2.866280731100901980e-01
-7.615670046322163822e-01
5.816023569915667046e-01
-1.043453507501130306e-01
6.396848984039358310e-01
-5.531873213347829887e-01
-3.716072637729165296e-01
-9.292002163248750390e-01
1.806939558552740910e-01
-5.858235899557669990e-01
-9.185644563245627670e-02
3.670726124527085577e-01
7.194291563877615037e-01
5.316945626945386305e-01
-2.923574188066555557e-01
4.103336737556346203e-01
-4.603806959322477299e-01
4.928769631412661251e-02
1.930322474007299949e-01
-9.319339947664994073e-01
-5.479945855797747623e-01
-8.739618196311711440e-01
8.819703522635453652e-01
6.481624998484621925e-01
8.261816511000448227e-01
-2.242317713249406541e-01
-3.482364292569660180e-01
-5.549045924983495581e-01
-6.007782604077767097e-01
-4.210157616354929244e-01
7.386440380749674794e-01
5.805626404014888609e-01
1.628447413817473710e-01
2.700513601569737854e-01
-2.823352888860891086e-01
2.241908760764950992e-01
-5.251088729091468732e-01
-6.495559270116038064e-01
-4.852392274259840210e-01
5.293436825781422383e-02
-7.639348996120731705e-01
-5.929721570419453913e-01
4.901944525441100931e-01
-5.903521527240120914e-01
-7.508969646071378401e-01
-2.365640712007513191e-01
3.506245191461917488e-01
-3.559210465748770535e-01
3.245712267001359952e-01
7.112591045556343472e-02
-5.606678496943735546e-01
-7.116456583075831954e-01
-7.328993697928439799e-01
-8.342783842133578709e-01
-7.670693744502029565e-01
8.886848721327387235e-01
-2.310267751160089145e-01
7.887327561448341795e-01
-3.937171063298282314e-02
4.385371172584661553e-02
3.710672298658630464e-01
-6.229724338111468640e-01
5.679150860732037343e-01
-2.827911096000104152e-01
1.366352854162905528e-02
-3.637619382823698566e-01
-9.197145501941830226e-01
-4.421904801594958578e-01
-5.020792796121098522e-01
-7.016521031572331424e-01
-4.320263696067713211e-01
-2.468759054082349247e-01
-3.158121229709064393e-01
-4.009862824363367162e-01
3.809843183416771195e-01
8.423601565202302188e-01
-4.049136048318095482e-01
6.651615631312930432e-01
2.916028834515514978e-01
3.762590187870397118e-01
-7.324873599655250533e-01
-2.636747432798425828e-01
9.648381414251642682e-03
6.221590099834909404e-01
4.669940825815468988e-01
-9.505395523256828794e-01
-4.630147158816174668e-01
9.110424447918289426e-01
-4.911404339870683033e-01
-8.706032191688218846e-01
-7.703470772132426925e-01
1.474153493603263532e-01
-1.301619699591941015e-01
5.872352656993429926e-02
-4.137357822522375606e-01
-4.469533307891981333e-01
-2.090008838920979217e-01
2.913078644873496881e-01
-7.666675959305828680e-01
5.728379737468004135e-02
5.874414530734681783e-01
-5.451739782011362223e-01
1.788427013948369337e-01
6.885957843424593827e-01
-3.051722245758656249e-01
8.414701845204870523e-01
-5.860361314206588013e-01
-1.168876768341837458e-01
-1.926800294229223109e-01
6.756366404951509308e-01
3.840996752026913930e-01
-8.816993098519962380e-02
-1.086999937462408555e-01
-6.451823367980619173e-01
5.794100524989216350e-01
1.673093587812476413e-01
-4.653928884030901214e-01
-6.304095801177475589e-02
4.744506812133310603e-01
5.875017992368061215e-01
-2.917778882988618372e-02
