-6.535813811147342944e-01
-4.206647365945540562e-01
4.377967815628813764e-01
4.621568932554326326e-01
-2.686251339661986648e-03
6.498618036838450518e-01
-2.033871822493624471e-01
-6.551045500406437183e-01
4.573590524124060974e-01
-5.145310581045022813e-01
-7.106029143208000276e-01
2.847833400460526576e-01
2.657223693795139965e-02
1.326427394881843635e-01
-2.552213432784854463e-01
-1.383990310681466884e-01
-1.889381791501343888e-01
-4.042166339978634643e-02
-7.302867219314678193e-01
4.360275867942086658e-01
-5.814334083361275551e-01
-2.256976263362722446e-01
1.277799614145226914e-01
-4.755767418905618715e-01
8.663939901282039502e-01
5.287112940444371745e-01
2.420072608395050506e-01
4.655063357300182614e-01
-4.825837862525010347e-01
3.505613485979130473e-01
-5.094228776812692594e-01
-3.501157983903672166e-01
-5.030902416507162522e-01
3.285230423505594577e-01
-7.002145990277468535e-01
-5.719906812303895416e-01
-4.029269728249978977e-01
3.318745577473053987e-01
-1.493170341305536941e-01
1.010985157793688749e-01
1.057476006664682389e-01
4.985711717018759259e-01
1.451496141964397912e-01
3.093272957206749108e-01
-3.814758654370413171e-01
-5.557378538770620796e-02
-1.027711348305914915e-02
3.071783470682317163e-01
5.821950422749903181e-02
4.183994172016610169e-01
-1.113316101395630670e-01
-3.395336127487916800e-01
6.441354062176993800e-01
-6.836588865965991246e-01
-5.423368755773915195e-01
-1.455411326165414465e-01
4.342231089880613237e-01
9.383211959973772331e-02
1.362809346263717247e-02
4.537294592096255963e-01
3.914643282023722026e-01
-3.279477869060269390e-01
3.541557582859219400e-01
-1.414863832895011386e-01
2.158960664059949019e-01
-4.049511579023450381e-01
3.009685928428270651e-01
4.600806264215076546e-02
2.176692296193658560e-01
3.677134713228119578e-01
4.931392518595391350e-02
-2.900794726340282237e-01
3.294483360284324869e-01
-3.699570375544942724e-01
-2.164859480601374897e-01
-7.442617553632713268e-01
-3.066775360765718050e-02
7.062374988351536320e-01
4.729174684637498793e-01
7.570542996658425894e-01
-5.540538275024872172e-01
-3.329462842291940755e-02
2.794373135957419763e-01
-6.536084957777674731e-01
3.306800358762187475e-01
7.410385330433352236e-01
-6.127092506103335445e-01
-2.514591721982732397e-01
1.769592246217637499e-01
-7.157588345851035871e-01
8.228409008332455282e-03
3.781481075634433031e-01
7.156318901143704503e-01
-4.359812970004682819e-01
-6.502493064023383562e-01
2.063874665258022822e-01
6.787718722801108218e-01
8.146317444599249225e-01
-7.634069265280426508e-01
6.409382609954636933e-01
-8.171915755084250277e-01
-1.875434910865359794e-01
-4.448982074282848420e-01
4.532211286271474182e-01
1.283687221297187264e-01
3.071448571079533549e-03
-1.307835751736221575e-01
-1.669129246417203338e-01
6.512421578202276518e-01
-6.038479891657022591e-01
3.271768120592219442e-01
7.927515248599226183e-01
4.953759808956011423e-01
4.625962980455363693e-01
6.142384686863355814e-01
-4.204725589643924510e-01
-5.656154486420574001e-02
4.304685491067860026e-01
-1.289788959577854166e-01
6.605932706463758797e-02
-3.637609561423348348e-01
3.494337070475444507e-01
-4.325899180377126285e-01
1.768469550206714647e-01
-2.044819853934126686e-01
-6.751854151073131138e-01
-5.780296718921700272e-01
-5.685567629524221900e-01
-9.411843553532558970e-02
8.108459550448785524e-01
-7.952678593368909254e-01
-6.326977380037306364e-01
-8.035072174801298761e-01
-5.751033084728295330e-01
-1.122223952022195215e-01
-6.243112940393943378e-01
-6.406158608385268405e-01
5.714730831242272879e-01
1.830313277791899840e-01
-3.546176852554234205e-01
3.025683916671405016e-01
2.463045216327893194e-01
-7.955318436895546519e-01
-9.268925015765761000e-03
2.544348961080512561e-01
-7.240787449434538114e-01
6.710895485925193471e-01
-2.221595686687961035e-01
5.680366500640574579e-01
-5.842632521941175661e-01
-3.358706433514279110e-01
-9.028141499747429632e-01
8.632363014198365936e-02
-5.676337465378432645e-01
-9.720890867725652529e-02
4.274383613738177434e-01
7.147974787407940234e-01
5.441800978657020949e-01
-2.860717243363142814e-01
3.190505504558978078e-01
-4.725718809847699875e-01
5.504379164783052003e-02
2.556449604059574665e-01
-9.030207506823986208e-01
-3.583584193084981551e-01
-8.143942567105459940e-01
8.736461987478635338e-01
6.107717760392292750e-01
7.273581085017235548e-01
-1.647372637060187939e-01
-3.331377855358439444e-01
-5.320644948427252219e-01
-5.314805770250579098e-01
-3.017296207240074413e-01
6.866230356084768172e-01
5.219355483957464070e-01
-1.570720992285599971e-02
1.429583490358359299e-01
-2.227775621169976461e-01
3.830679223915253173e-01
-5.500585056947858709e-01
-6.402539897720687101e-01
-4.924817032555156571e-01
5.528627831900433803e-02
-8.412736481845446423e-01
-5.317412299800567954e-01
4.570493904476397029e-01
-7.295198375951931213e-01
-7.348482596479188889e-01
-2.208909502032990191e-01
6.067716065829038552e-01
-3.782226514926184668e-01
4.100041315157352817e-01
3.772631264562102682e-02
-6.727509450550166470e-01
-7.144539649803587356e-01
-7.654303295085079784e-01
-8.256194830638954318e-01
-6.975174293905705980e-01
8.294183317248350340e-01
-1.889367706596492003e-01
7.883486522619552739e-01
-1.383272536206995307e-01
1.778643007610229421e-01
4.056830884069410059e-01
-5.367733103354441759e-01
5.688349738897298113e-01
-3.730929210962857234e-01
2.379538022058716451e-02
-3.465195008056866088e-01
-9.103578826074891772e-01
-4.606848489766625643e-01
-5.369970619546043933e-01
-6.454855987263993233e-01
-4.528303792221244350e-01
-2.233427344752480226e-01
-2.788863631645113195e-01
-3.197347604931005116e-01
3.457044765420815291e-01
7.758015472996855344e-01
-2.708574430006328582e-01
5.934229484913751129e-01
3.988746098201923496e-01
3.871083392348528829e-01
-7.236265682317993830e-01
-2.068734269287312022e-01
-3.174201873815118979e-04
6.634662409644060954e-01
4.569172337999004019e-01
-8.350290832964758492e-01
-3.485204032748394631e-01
9.112389059672513225e-01
-4.833681539588247644e-01
-8.408267166228953204e-01
-8.569890283376363493e-01
1.443241045368323094e-01
-9.871452845378327068e-02
5.365908940068931515e-03
-5.544695203818582607e-01
-4.622287935477325527e-01
-2.323177018782449921e-01
1.391161513033658537e-01
-7.693493439302210302e-01
-4.184039101075965467e-02
4.862132092599057431e-01
-5.401229324530704146e-01
2.390814550088631862e-01
6.343405510799468017e-01
-3.234342951855170289e-01
8.739437026797405306e-01
-6.022924398977571592e-01
-1.714852598304971165e-01
-2.218745465979909404e-01
7.283096052322380887e-01
4.473397907933779338e-01
-2.268903625226340592e-01
-1.780194835473664777e-02
-6.501785266500788030e-01
1.738552784926483130e-01
1.568244715482698948e-01
-4.888822406440168078e-01
6.466710389536915737e-02
5.015108192020949485e-01
6.355067724757940129e-01
-1.566909694420723365e-02
