-1.293371856131276809e-01
-6.391234308150975929e-01
-9.446698128000056982e-02
4.838445606055373771e-01
8.691495689930810453e-01
3.625663762664821377e-01
1.249795746340583713e-01
-2.231795911953944334e-01
4.398214477663537902e-01
-5.631298380939784298e-01
4.324900991780212811e-01
9.206654578795763211e-01
3.206329528256599559e-01
3.174638108357181188e-01
-7.517507495320341349e-02
-3.489469207362018155e-01
5.799873533293773420e-01
-1.587006203680866034e-01
-3.624846338357047837e-01
1.441512992475298405e-01
-1.908487439397110463e-01
1.723583650709908655e-01
7.717278734120758266e-02
1.756697177361440376e-01
5.079438329257640605e-01
-1.833153902269501201e-01
1.000000000000000000e+00
5.991714188312530220e-01
-8.573968251144936659e-01
-3.616776666403623275e-02
1.417413128491983310e-01
-7.891859689265638966e-01
-4.284333557229220157e-01
2.874919110865831740e-01
-9.476340902497785157e-01
1.050736713943025424e-01
1.456608158457181612e-01
7.634774088907402279e-01
2.158709906984425039e-02
1.237682508739393894e-01
-1.000000000000000000e+00
7.420209366022056940e-01
2.761115340352867098e-01
1.789799447600339266e-01
5.469984523908514307e-01
5.585746661307772198e-01
-3.499657891645757690e-01
5.033106381460712431e-01
4.349149072632426671e-01
-1.307566239911110983e-01
-6.466206210096745455e-01
1.000000000000000000e+00
-2.971917744098815373e-01
-3.922269763756625061e-01
-6.605171552321752459e-01
4.204327798237146308e-01
3.640646540843547330e-01
-2.057817391075659752e-01
-5.446343531908388602e-01
-2.697172098230427029e-01
-8.103840646060864739e-01
-3.678600401222190674e-01
2.819721881161837973e-01
-2.825458676465211760e-02
1.456929054191024586e-01
-4.307572486143455143e-02
5.240599417180268338e-01
2.006367506904952192e-01
-7.092194455956036814e-01
2.831936236363099546e-01
-1.342102743130544895e-01
-9.516098101380476848e-01
-5.640826708773780673e-01
-1.623358365911414802e-01
8.019474976374779684e-01
4.612587517633526257e-01
-7.353948984139697664e-01
9.765086498802306725e-01
5.381253215436672122e-01
-1.125072407119716011e-01
4.187542323031699931e-01
-8.055665111608824036e-01
-6.587976457113187134e-01
-2.718641028353157019e-01
2.306747516371281670e-01
-9.800743596667471635e-02
5.974478466029781165e-01
7.086188894208274025e-01
7.161394084423439166e-01
-5.161731290908785352e-01
2.045930465432732603e-01
-7.950504441035782799e-02
-1.000000000000000000e+00
-1.000000000000000000e+00
-1.000000000000000000e+00
-6.652518465008276927e-01
-6.276869423302106066e-03
-2.511188043233701928e-01
7.839354884112625932e-01
-6.900735071770862650e-01
8.369699433078487960e-01
-4.226923093213372229e-01
3.675582455627945944e-02
2.265567466325995871e-01
7.455777184003171687e-01
-7.662150359824382306e-01
7.603712143191496131e-02
-9.348320027209982008e-01
-3.881169201611787134e-01
1.346531169898918245e-01
6.459542832552618574e-02
-9.078160737454705753e-01
-5.898169623706392972e-01
5.312242584693053216e-01
-4.708288541515769920e-01
-1.680954617153924691e-01
4.415659575695070060e-01
-5.355322949370021623e-01
-2.120153074631201881e-02
-4.204698910430796355e-01
7.654199217044880266e-01
-8.158892980286982510e-01
-3.901934597161730300e-01
1.000000000000000000e+00
5.366912744030076787e-01
-7.939353535892017533e-01
5.722179595859515633e-01
-3.455405336559000951e-01
9.377383091280459826e-02
-6.907349932022264216e-01
8.151938664644280408e-01
-4.182968343998703653e-01
-7.874158531440403896e-01
-2.788712334053858877e-01
-6.210620604410943546e-01
-1.584558474601274192e-01
5.095400737475318520e-01
3.169524797808548899e-01
9.548336261757391086e-03
-4.847532623627621717e-01
4.152087515677478358e-01
2.619324672391031839e-01
2.853231295481029051e-01
5.234141668359333366e-01
2.487190244727306987e-01
4.906551455077459156e-01
6.005567975272305820e-02
-2.805755247501698912e-01
-5.328724317237467645e-01
4.127418534174417952e-01
2.945786322355030684e-01
5.390247855845469171e-01
4.210574276979518749e-02
-4.605285455093028890e-01
5.109007925826541952e-01
7.519100130472555765e-02
2.235258273654504579e-01
5.647041829024308512e-01
3.183300814840963056e-01
-6.690750922535541045e-01
-3.762813347156014898e-01
8.041924536253269862e-02
-9.078602894404136370e-01
-3.046613793710474249e-01
-3.039423645103614402e-01
-6.714087246236516426e-01
-1.719924297552698905e-02
-3.614026139643534696e-01
5.166068252000783484e-02
-1.264578697193607382e-01
1.687194041870108685e-01
3.562058933598293287e-01
-4.955083534286178204e-02
-5.177582024860404031e-02
9.566394073519458863e-02
-6.918749766418725855e-01
6.800687143093811504e-02
4.246345567623877049e-01
-3.494017305960749886e-01
-2.838113434122671586e-02
1.899982396317555222e-01
-1.089776164733829433e-01
-3.933234852274358762e-01
7.853594631398556070e-01
-2.642916589802421501e-01
-2.790395587200026339e-01
2.690974063909955527e-01
4.635047706429423209e-01
6.165694789838236378e-01
3.233316874288892917e-01
4.307791136607248550e-01
5.276126617516634365e-01
3.968325607756352236e-01
9.818408386911520180e-01
7.135641182714557162e-01
-2.986941412317192235e-01
9.861624866343610130e-01
5.285652631482724573e-01
2.071772887124818663e-01
-7.703237609318347445e-01
2.960336088380596808e-02
6.502386394593809849e-01
7.031922640546266479e-01
-1.891125064495048635e-01
1.244053012365947120e-01
2.502854997041900065e-01
-4.811097527292537701e-01
5.799255999123660299e-01
-9.224731124376434055e-01
6.502061218949415355e-01
-1.579801389647438326e-01
-7.877696384426596810e-02
4.570424125348493405e-02
1.666461033118073753e-01
-3.248356308435695339e-01
-2.926251499261076638e-01
2.570460194079089433e-01
-1.506692453628838968e-01
8.271632955890192429e-01
-7.813212095104335453e-02
-3.667858773601347100e-02
6.304792634391236383e-01
-1.883197473195878657e-01
1.394459719341939463e-02
-3.820533639958078043e-01
6.823525286504709131e-01
9.424457581759959623e-02
-7.982360932820502519e-01
1.000000000000000000e+00
3.210728818923759276e-01
-4.881775513049200210e-01
-4.846652856577216006e-02
6.492531430348462695e-01
-3.236772664447516989e-01
2.906314316401908959e-01
1.421392858981692653e-01
-6.637308384479874146e-01
5.088895820250236568e-01
1.535787277960480313e-01
1.953148703579921652e-01
8.407838147867787715e-01
-7.708665733153410304e-01
1.823108452489258791e-01
5.160781961002769425e-01
-3.388981878652385094e-01
3.926005195527583203e-01
-4.996856786875404910e-01
-2.506349255245532426e-01
2.732143854168606056e-01
-2.867709412189780593e-01
-1.839196620010211669e-01
-1.907156169546998514e-01
-4.626411788905894218e-01
5.402220563922793817e-02
-5.177162034125067924e-01
-2.117405771385365010e-01
2.797084309419541892e-01
4.142198581558382275e-01
-4.291824384563441841e-01
-2.429192773447038101e-01
4.837820084881477856e-01
3.783022549376063859e-01
-4.772745426176470684e-01
5.280727283368056302e-01
6.355024178438362092e-01
