-1.293371856131276809e-01
-6.391234308150975929e-01
-9.446698128000056982e-02
4.838445606055373771e-01
8.691495689930810453e-01
3.625663762664821377e-01
1.249795746340583713e-01
-2.231795911953944334e-01
4.398214477663537902e-01
-5.631298380939784298e-01
2.209192817883163795e-01
9.206654578795763211e-01
3.206329528256599559e-01
3.174638108357181188e-01
-7.517507495320341349e-02
-3.489469207362018155e-01
5.819854584779335926e-01
-1.587006203680866034e-01
-7.396421099965129475e-02
1.441512992475298405e-01
-1.908487439397110463e-01
1.723583650709908655e-01
7.717278734120758266e-02
1.473076419936340531e-01
5.079438329257640605e-01
-1.833153902269501201e-01
1.000000000000000000e+00
5.991714188312530220e-01
-8.573968251144936659e-01
-3.616776666403623275e-02
1.417413128491983310e-01
-7.891859689265638966e-01
-4.284333557229220157e-01
2.874919110865831740e-01
-9.096093589610170227e-01
1.050736713943025424e-01
1.456608158457181612e-01
5.667697623186758182e-01
2.158709906984425039e-02
-7.864674240826333151e-02
-1.000000000000000000e+00
7.420209366022056940e-01
2.761115340352867098e-01
1.789799447600339266e-01
5.469984523908514307e-01
5.585746661307772198e-01
-4.096204906438959958e-01
5.033106381460712431e-01
2.262699869952498055e-01
-1.307566239911110983e-01
-6.081120356182810882e-01
1.000000000000000000e+00
-2.971917744098815373e-01
-3.922269763756625061e-01
-6.605171552321752459e-01
4.204327798237146308e-01
3.640646540843547330e-01
-2.057817391075659752e-01
-5.446343531908388602e-01
-3.002202132639972820e-01
-8.103840646060864739e-01
-3.686896339308242121e-01
2.819721881161837973e-01
-2.825458676465211760e-02
1.456929054191024586e-01
-4.307572486143455143e-02
5.240599417180268338e-01
2.006367506904952192e-01
-7.092194455956036814e-01
1.614186289137202746e-01
-1.342102743130544895e-01
-9.164013378320454706e-01
-5.640826708773780673e-01
-1.623358365911414802e-01
8.019474976374779684e-01
4.938741469689000851e-01
-7.353948984139697664e-01
9.765086498802306725e-01
5.381253215436672122e-01
-1.125072407119716011e-01
4.187542323031699931e-01
-8.055665111608824036e-01
-3.917053376597473546e-01
-2.718641028353157019e-01
2.306747516371281670e-01
-9.800743596667471635e-02
7.226513908776976969e-01
7.086188894208274025e-01
7.161394084423439166e-01
-5.161731290908785352e-01
2.045930465432732603e-01
1.153019430295434411e-01
-1.000000000000000000e+00
-1.000000000000000000e+00
-9.876791847138812752e-01
-6.652518465008276927e-01
1.114567110699939967e-01
-1.691359060301849127e-01
7.839354884112625932e-01
-6.900735071770862650e-01
8.369699433078487960e-01
-7.153450449787159826e-01
3.675582455627945944e-02
2.265567466325995871e-01
7.455777184003171687e-01
-7.662150359824382306e-01
3.029952123806072262e-01
-9.348320027209982008e-01
-3.881169201611787134e-01
1.346531169898918245e-01
6.459542832552618574e-02
-9.078160737454705753e-01
-5.898169623706392972e-01
5.312242584693053216e-01
-4.708288541515769920e-01
-1.680954617153924691e-01
4.415659575695070060e-01
-5.355322949370021623e-01
-2.120153074631201881e-02
-4.204698910430796355e-01
8.841676856541761387e-01
-8.158892980286982510e-01
-3.901934597161730300e-01
1.000000000000000000e+00
5.366912744030076787e-01
-7.939353535892017533e-01
5.722179595859515633e-01
-5.153572317831071059e-01
1.215117704105986296e-02
-6.907349932022264216e-01
8.151938664644280408e-01
-4.182968343998703653e-01
-7.874158531440403896e-01
-3.677796254218599903e-01
-6.210620604410943546e-01
-1.584558474601274192e-01
5.095400737475318520e-01
3.169524797808548899e-01
9.548336261757391086e-03
-4.847532623627621717e-01
4.152087515677478358e-01
2.619324672391031839e-01
2.853231295481029051e-01
5.234141668359333366e-01
2.487190244727306987e-01
2.893938973502990786e-01
1.204858734058073116e-01
-2.704974154006776210e-01
-5.328724317237467645e-01
4.127418534174417952e-01
2.945786322355030684e-01
5.390247855845469171e-01
4.210574276979518749e-02
-4.605285455093028890e-01
5.109007925826541952e-01
7.519100130472555765e-02
2.235258273654504579e-01
5.647041829024308512e-01
3.183300814840963056e-01
-6.690750922535541045e-01
-2.171201428947377443e-01
1.824121746363214225e-01
-6.736435218378487022e-01
-3.046613793710474249e-01
-3.039423645103614402e-01
-6.714087246236516426e-01
-1.719924297552698905e-02
-3.614026139643534696e-01
5.166068252000783484e-02
-1.264578697193607382e-01
1.687194041870108685e-01
3.562058933598293287e-01
-4.955083534286178204e-02
-5.177582024860404031e-02
9.566394073519458863e-02
-6.918749766418725855e-01
2.110040801815073197e-01
4.246345567623877049e-01
-3.494017305960749886e-01
-9.050894267155143447e-02
1.899982396317555222e-01
-1.089776164733829433e-01
-3.933234852274358762e-01
7.853594631398556070e-01
-2.642916589802421501e-01
-2.790395587200026339e-01
3.628860417334786037e-01
4.635047706429423209e-01
6.165694789838236378e-01
3.233316874288892917e-01
4.307791136607248550e-01
5.276126617516634365e-01
3.968325607756352236e-01
9.818408386911520180e-01
7.135641182714557162e-01
-2.986941412317192235e-01
9.861624866343610130e-01
7.652439083328466118e-01
2.369613987890634155e-01
-7.703237609318347445e-01
1.965742809871003915e-01
6.502386394593809849e-01
7.031922640546266479e-01
1.482716480455531505e-02
1.244053012365947120e-01
2.502854997041900065e-01
-4.811097527292537701e-01
5.799255999123660299e-01
-9.224731124376434055e-01
6.502061218949415355e-01
-1.579801389647438326e-01
-7.877696384426596810e-02
4.570424125348493405e-02
1.666461033118073753e-01
-3.248356308435695339e-01
-2.926251499261076638e-01
2.570460194079089433e-01
-1.506692453628838968e-01
8.271632955890192429e-01
-7.813212095104335453e-02
-3.667858773601347100e-02
6.304792634391236383e-01
-1.883197473195878657e-01
1.394459719341939463e-02
-3.820533639958078043e-01
6.823525286504709131e-01
9.424457581759959623e-02
-7.982360932820502519e-01
1.000000000000000000e+00
3.210728818923759276e-01
-4.881775513049200210e-01
-4.846652856577216006e-02
6.492531430348462695e-01
-3.236772664447516989e-01
2.906314316401908959e-01
1.421392858981692653e-01
-6.637308384479874146e-01
5.088895820250236568e-01
1.535787277960480313e-01
1.953148703579921652e-01
8.407838147867787715e-01
-7.923405318144061127e-01
1.823108452489258791e-01
1.400355468410640625e-01
-3.388981878652385094e-01
3.855072758024217228e-01
-4.996856786875404910e-01
-2.506349255245532426e-01
1.872722906003204124e-01
-2.867709412189780593e-01
-1.839196620010211669e-01
-1.907156169546998514e-01
-4.626411788905894218e-01
5.402220563922793817e-02
-3.284530956515406830e-01
-2.117405771385365010e-01
2.941378885968420898e-01
4.211119848456768011e-01
-2.235429564827004500e-01
-2.429192773447038101e-01
4.837820084881477856e-01
3.783022549376063859e-01
-4.772745426176470684e-01
5.280727283368056302e-01
6.355024178438362092e-01
