3.470196318803215885e-01
-3.114743341603311566e-01
-4.652426385616922899e-01
-4.062828092232260158e-01
-3.100957060801393661e-01
-4.394879310110259146e-02
-2.526254617759879362e-01
4.866821937488642336e-01
-5.231016564752617448e-01
1.772894227861924188e-01
2.748284767406822260e-01
1.595204117816095002e-01
1.302122028401979104e-01
3.898132119455424704e-02
6.687992417083475638e-02
-1.115901169724795305e-01
-9.819705445860313353e-02
1.335764947704797534e-01
-1.590673531959468368e-01
2.229554546219799163e-02
1.284216127387187989e-01
-1.097775083125355211e-01
3.846132175985020885e-01
-9.669450631619357084e-03
3.392786921978926395e-01
1.788005423905443814e-01
-1.892672561783499408e-01
2.394218848668424604e-01
-2.296902951141916172e-01
-1.511701645383267678e-02
1.351797896779638186e-01
4.001959744262326146e-02
1.849910792408047955e-01
-1.899529578057684021e-01
2.447109684170495902e-01
-1.961605913764813969e-01
-6.485617865271056659e-02
1.689725393166420786e-01
2.614461153382808406e-02
-3.169958164352089380e-02
-1.639280947540487088e-01
6.429590186017550280e-02
2.643626872485149021e-02
1.589418168684451071e-01
-3.204903160926693695e-01
3.236279052808463397e-02
1.115846308941227938e-01
-8.213752375218522084e-02
-6.774344772046242413e-01
-3.172011361494776055e-02
-5.154413709726007875e-01
-5.067532862777199831e-01
-6.652259573733304565e-01
2.030854223287425764e-01
-2.194830538359388572e-01
-4.130080625264497263e-01
4.608542129046776514e-01
-4.554235600562042130e-01
-3.217040693019254105e-01
-1.692920266133120244e-01
-3.602444235011804663e-01
-1.850148237741129353e-01
-8.358352650008957219e-02
-4.318532260607289563e-01
-6.225259597314992677e-01
2.333292753943889408e-01
1.438787394746354198e-01
-2.041996486385931064e-01
4.007596383349790736e-01
-1.474734325429253590e-01
-1.773328478670378461e-01
8.204284991248948777e-02
-9.755115918443141299e-02
2.389083906935637602e-01
-3.490203397811377645e-02
-6.144905008062410273e-02
-1.542485464218408819e-01
-1.562874995391133615e-02
2.564484029026081746e-01
5.504045650199156370e-01
3.029206702965906994e-01
-2.059377053522609136e-01
2.436812109161525797e-01
9.456028579631084452e-02
5.817247516666214091e-01
2.649204426679905300e-01
5.857481549167901924e-02
-1.148774798100196393e-01
3.808982968196206187e-01
3.232146789662160291e-03
-5.460004744569884050e-01
-2.064722694732556152e-01
-1.593293313509981934e-01
-6.320078197295522782e-02
-6.545938752538230099e-02
-3.134456910259376672e-01
-1.057014547318009812e-01
2.504521566189202852e-01
3.826207185838242375e-01
-1.132413597626802521e-01
5.624854253557709516e-02
-1.681736766077873979e-01
-1.734723731843985928e-01
-2.519398628882170421e-02
-1.498507012133067640e-01
2.711077658634130083e-01
-4.019350770713658316e-01
-9.343837504544591499e-02
-2.526943075612969603e-02
-4.011206589192605754e-01
-1.521116161532176103e-01
4.838806591887279684e-01
-1.527444179973403426e-01
8.990061910825071501e-02
-3.642066235688454223e-01
1.377058289532186175e-01
-3.476066910849258673e-01
-1.927917581818789916e-01
-2.919984843420450060e-01
-3.091529245790967106e-01
-3.138171289257850327e-02
2.806897504899752982e-01
6.964577448463692422e-01
-1.096549816298359181e-01
-9.418430106375486055e-02
-7.966817379334185933e-02
-3.316181060824326399e-01
-3.670425426192908385e-03
2.250434732167204133e-01
-6.052901575591226879e-03
1.142368625306474927e-01
-6.388360260819017644e-02
-3.563817054000245621e-01
5.974318296470846335e-01
-5.034267413471152919e-01
-4.357776861482348663e-01
1.272964083683735537e-01
1.120041764213373092e-01
-5.548126618511736163e-01
3.514599406997855890e-01
3.594159161305927608e-01
-9.089895258876479200e-02
-2.500090808000960951e-01
5.581146647654526838e-01
-2.750560859028352775e-02
-3.127766424590200378e-01
8.579162324057207356e-02
-1.825763749516552958e-01
-4.121479603372382727e-02
2.061847738705673838e-01
-7.341079224764987532e-02
-3.643158190814828612e-01
-4.498957271933622937e-01
-8.335352839872924025e-02
-3.443321180926886549e-02
4.626918753100203729e-01
-5.182493225299051876e-01
-1.130200853832981911e-01
-1.594267301234138234e-01
5.901412589208810955e-01
-3.842015147694564092e-01
-2.702103803174184526e-01
-5.124765026236862558e-02
7.944848046846784279e-03
-2.107005066662312187e-01
-2.707314360563972122e-01
4.842038533575875325e-01
-4.299520255168897687e-01
2.679631517427242052e-02
-3.914650983123083572e-01
-3.521817601809846821e-01
-2.280704167568553542e-02
4.559226198594522328e-02
2.340522169252631235e-01
2.497762631384132237e-01
2.211988223167804801e-01
-2.538754110337608505e-02
-4.215148526242455673e-02
-3.726082082049811395e-01
-2.129829677703709290e-01
2.523606481898768572e-01
-1.185395089495417525e-02
-3.317604727210760607e-01
1.555505857768750208e-02
-2.697824532295122618e-02
2.369486335970112378e-01
-1.271669880949043152e-01
-1.420349638795465608e-01
-5.088335654541856212e-02
2.751697356842803255e-01
2.875398476868431530e-01
-4.028470039232903144e-01
1.501656703076700849e-01
1.699897340749316754e-01
1.576889992635640558e-01
7.873390016254810941e-02
-4.511544070408622376e-01
5.082597139257702956e-01
-3.490681613133628236e-01
1.051457614558599582e-02
1.743383051348538215e-01
-1.218929594312459785e-01
-7.106000647295383776e-02
6.038332290840725536e-02
1.063326581799639292e-01
-1.099396644365167042e-01
3.122970475599669005e-01
-2.819879739837843347e-01
-2.847135662166087600e-01
5.855076047142899753e-01
-5.114467784836569386e-01
-3.879668970894709079e-01
2.293100298125889600e-02
6.757037585863732154e-01
4.629349174752798723e-01
-8.656727534281032088e-02
2.288991389835157153e-01
3.480211862317846294e-01
7.847189575234109205e-02
-1.193170271959037021e-01
3.302514101685192216e-01
1.944386186076514922e-01
-1.379137219448143825e-01
-5.744424479819486284e-02
-9.872440854816158518e-02
-2.600953594157945359e-01
4.729891452152478193e-01
4.820701513975839125e-01
6.871990180419703664e-01
-1.326782415836474105e-01
8.612747441969097195e-02
1.051378203221029622e-01
2.912793049244987165e-01
-2.526678084696103443e-01
-1.361288658126464934e-01
-2.798318198119703615e-01
-1.913807837553801183e-01
-1.297441207365294946e-03
-1.317700065098335038e-01
-5.945578234562622910e-01
-2.487552994776571769e-01
5.601909051844760068e-01
-2.815399786029058049e-01
-1.622362474008382655e-02
-3.547196487703348500e-01
-2.537083281865216700e-01
4.353440087373032230e-01
-3.576378454452787126e-01
3.458064643507820501e-01
1.173318647211025745e-01
-9.807732663109154647e-02
8.057523430105681395e-02
8.071497369781595321e-02
-3.798747254881612578e-02
3.079741339893617980e-01
4.502500201721369999e-01
-4.698354774952266388e-01
-5.053718192575535895e-01
3.631702131103376474e-01
1.279787355801177418e-01
-4.303368569107680619e-01
-4.675431075896017696e-01
-2.581205289585157270e-01
2.651168560652256145e-01
5.257087611511390701e-03
