2.513896125857319475e-01
1.460833818832565911e-01
3.364665290360441263e-02
-7.645645579329832797e-01
-4.795095636337541878e-01
-4.364743128222604018e-01
-7.064004791620569490e-01
4.021440794827413345e-01
-6.872264233341258688e-01
4.332400188319071588e-01
4.673063939076780859e-01
3.628451216798928569e-01
4.515065740338851386e-02
1.655936284773917855e-02
2.880868737690298054e-01
-2.040432112399787057e-02
-3.042928083826981212e-01
-1.783890331840053481e-02
-1.883718598443586689e-01
1.605678832802628353e-01
2.087006692932649177e-01
5.812170648721746991e-02
2.984551886990023384e-01
-2.519407491156401835e-01
1.838059933268367252e-01
1.099941279774243746e-01
-1.784551536469579647e-01
3.938831874098205899e-02
-1.718841847544023138e-01
-1.931820584377377248e-01
1.473730700617880696e-01
-1.816666175064434730e-01
2.663163507509488936e-01
-3.370309562907323198e-01
2.492568180949609746e-01
-4.379301679590243412e-01
-1.399273988608301378e-01
-4.492413192438278469e-02
1.604666997451416333e-02
1.902015952569905688e-01
-1.595781842025126296e-01
2.995089383221016255e-01
1.049456524142853286e-01
2.222027028446645069e-01
-1.748350796516521810e-01
-5.563893667067568161e-03
5.895332094763473113e-02
-1.925057060174801826e-01
-6.866084474463498566e-01
-4.315332383358011503e-02
-1.734996377742178686e-01
-5.009985184078347142e-01
-4.169308157685839844e-01
2.915136951617951500e-01
-8.369299526364681885e-02
-2.505366667079887977e-01
3.282154600779354503e-01
8.979992648648697784e-02
-1.428616610406392706e-01
-1.755153360493114101e-01
-3.928468815627546989e-02
-1.036314617913882893e-02
3.845064512556592429e-02
-4.963027985010735055e-01
-3.665401874717294506e-01
-1.372709318084184005e-01
1.674720032007472881e-01
-4.704576766397265686e-02
4.070924887273563719e-01
-4.939894457278305728e-02
2.939471498954429607e-02
1.767045562196227840e-02
-1.479420555072363981e-02
9.619853054064812781e-02
-2.417367797123820827e-01
1.236242552804655420e-01
-1.379567690270000202e-01
-1.461808152416174678e-01
3.672359868536387295e-01
4.583034414644773791e-01
3.703929316507968417e-01
-3.639180273212256345e-01
2.256103836398111462e-01
-1.719504013635541617e-01
1.000000000000000000e+00
7.964760580526643041e-01
9.620821586028360795e-02
-3.451642374156638216e-01
1.680614776635132590e-01
1.134459323062152053e-01
-7.343119485869210594e-01
-2.759833379713970414e-02
1.071279245377592532e-01
3.355555058624304365e-01
-3.573633876623947270e-01
-2.234573500637697663e-01
-8.111983809994302574e-02
6.493608669219566032e-01
6.801650048769096735e-01
-8.192782070789600413e-02
-6.807835857287378167e-02
3.916272751152195530e-01
-3.857061863052637651e-01
4.325748849293059584e-01
-5.041563110548236137e-01
2.459064970926635729e-01
-6.623687231205537262e-01
-3.608179784344236474e-01
-4.436931551616907776e-01
1.593809277367351784e-01
-4.998670314934923198e-01
4.195255214178045255e-01
-5.774442417172722664e-01
-1.258187292389328915e-01
1.843102961008066254e-01
3.629117357500954988e-01
-4.872873078953623427e-01
-3.939878770190113344e-01
-4.642208719224681368e-01
-7.587142593086112496e-01
5.243411445084887601e-02
1.000000000000000000e+00
7.829397498110228781e-01
-4.218269455030062010e-01
-3.699904056092466476e-02
1.945980364040488519e-01
-3.149069664206036179e-01
-2.813892677996793212e-01
-2.667011124461933225e-01
4.261968681986182117e-02
3.946576702973441098e-01
-1.658115460182952861e-01
-5.476057821021221850e-01
4.124179082767207016e-01
1.053852666703889718e-01
-4.624247237206418615e-01
3.868840297333233091e-01
7.087778130139776867e-01
-4.853419143228399069e-01
3.761725370508408051e-01
4.946394151645313597e-01
2.974247450324990494e-02
-5.972147425950162791e-01
4.305982489227707655e-01
-2.428938840206124050e-01
-5.713684104860307089e-01
1.251047938994040987e-01
-3.434731968940604729e-01
-4.151150924875902648e-01
2.434323288864519430e-01
-3.527685353011324465e-01
-5.454774420560142278e-01
-5.046409573041132912e-02
-4.005931720217311698e-01
-4.022343677082458324e-01
4.799195442791102106e-01
-4.152644234815354718e-01
-9.706330669517260201e-02
-4.496081592479492239e-01
3.969228721006035077e-01
-3.415713784917671081e-01
-2.478014682905701344e-02
1.633440937158322503e-01
-6.812152254897863024e-02
-3.973738413165975314e-01
-3.406794690391066194e-01
4.026770846162844864e-01
-4.282220427872593382e-01
1.410271677503703858e-01
2.133632857467876454e-02
-4.731026827316110461e-01
1.092097644966472103e-01
-1.190708542352606480e-01
3.215245099958335961e-01
3.705930418819423089e-01
1.583991016990816125e-01
3.760965806962850936e-03
1.036732873594111426e-01
-3.504321545628956702e-01
-2.696455832851538462e-02
1.491425687274116063e-01
-2.371184067273428286e-01
-3.943245172297475953e-01
5.817607864949159158e-02
-2.625840792529138615e-03
2.611928447743577242e-01
-1.167608172114035503e-01
-1.331163964989368342e-01
-3.431277841825574604e-01
7.809109918164872099e-02
1.135154653455158064e-01
-4.562968147756408799e-01
-1.900883167832308207e-02
1.298330396938204845e-02
2.191034513984230214e-02
-8.754847193512382830e-02
-4.157156714931752317e-01
3.654876816056560895e-01
-1.877814214618094280e-01
1.066433295643856027e-01
2.317630120122491644e-01
-2.905001962842156393e-01
-3.770328304933169283e-01
9.691410296840158312e-02
-1.440163731646765602e-02
-2.607161741623292839e-01
3.028332791874019936e-01
-2.407768853847387369e-01
-5.351336596239373300e-01
4.746718644776819485e-01
-4.907999383081080857e-01
-4.619844633682824719e-01
1.186730187679148861e-02
7.830566021706604207e-01
4.727053719884657945e-01
1.773549061138053884e-01
1.677146535554627782e-01
3.178124957167847708e-01
9.456031911492063236e-02
-1.140043765700955031e-01
4.382401936261149933e-01
2.469817538131114931e-01
7.826456859536953803e-02
-9.944351358678268915e-02
-2.685319520898969969e-01
-3.984430458659848906e-01
4.164842599049305427e-01
4.722511874571635460e-01
6.317672863166113872e-01
-6.420056086173868415e-02
-2.519905304083175368e-01
3.365537786062254288e-01
5.283111373137798772e-01
-1.367596472095364002e-01
1.175056215619317973e-01
-5.519112408067912146e-01
-3.944525919937683645e-01
3.077953724001094085e-02
-2.925921915805428375e-01
-5.400869695996988185e-01
-1.263499301394415963e-01
2.769056016434239265e-01
-2.509784791291246875e-01
-1.746774464636526303e-01
-2.494751820273675980e-01
6.010475985676466681e-02
5.402223403384542877e-01
-2.979440957253949862e-01
3.200740579457265755e-01
1.687868894625251803e-01
2.128955429631772603e-02
3.311497917775154121e-01
9.675321859406631197e-02
-1.718502196989312725e-01
3.213288062988348126e-01
4.572179862933977157e-01
-5.573738719212528725e-01
-2.167994700971103139e-01
2.634209863289205256e-01
2.379704311585614795e-01
-6.370446222099781508e-01
-4.471712869399474544e-01
-2.328121983623560598e-01
1.125439276723856352e-01
-1.575167308168304303e-01
