4.211112704656134742e-01
-9.500857213288756153e-02
-3.926859586750902631e-01
-1.102687038205093228e-01
-3.287550759154016511e-01
7.847365545550082089e-02
-4.151265517511735226e-01
2.687293589914210856e-01
-3.565945960560370498e-01
5.836432280936867945e-02
3.785519179457891292e-01
5.765810520692986607e-01
-8.549987101037398451e-02
-1.553695398400263550e-02
3.092925981946721414e-01
-1.016957232104123698e-01
-1.980187254342321845e-01
-2.079527767791067988e-02
-9.304652039860038248e-02
2.162428185355791121e-01
3.702672952461106837e-01
1.065137683193132928e-01
3.005328986483057907e-01
-1.429858763643975239e-01
1.495386835436486594e-01
1.236489710284455201e-01
-5.404866875250303737e-01
3.145136817628760850e-01
-1.757182770795283622e-01
-1.709902350329438048e-01
2.929235649372351480e-01
-1.769467539668683753e-01
1.727436753713114392e-02
-1.334294257363634051e-01
1.122437873225677202e-01
-5.248398631439079587e-01
-8.516006697526179448e-02
-2.389525415137545156e-02
-1.926905224271985989e-03
-1.449658200680797870e-01
1.777199206021322087e-01
-1.126961330240318013e-02
1.759927032726197327e-01
3.893985219416915000e-02
-1.341141607118802592e-01
3.231387995692284326e-02
1.260510249622273996e-02
-1.907236723905296194e-01
-7.210570207339981330e-01
-2.063733892215728269e-02
-3.938647307778829210e-01
-5.380281755655965670e-01
-5.018152413992758021e-01
-1.666542326102710136e-02
-4.768823636707024416e-02
-2.552778144883864897e-01
3.448678226696256233e-01
2.786796796701054291e-01
-2.428187646586114079e-01
-2.139191248879075968e-01
-1.986211517771659940e-01
-5.041392287727569643e-02
-6.021986890846134366e-02
-5.020881813667753546e-01
-4.260677807351668234e-01
1.511489143248012090e-01
2.826112229221768302e-01
-5.292528139241187146e-02
5.883075166553537461e-01
-1.137396851660221336e-01
1.151817952485748586e-01
-1.125097792617014286e-01
6.625362237268023202e-02
5.081311298983496316e-01
-1.671442522272242048e-01
5.117612910826518924e-02
-9.509249104853714774e-02
-1.241216288170446658e-01
5.620058124915592312e-01
4.665062965011907981e-01
2.858452879231575539e-01
-8.192675267727447808e-02
5.651391492758978119e-02
4.428366101448075881e-02
5.472739356752469586e-01
2.688622951820622275e-01
7.844491709627543496e-02
-2.919374526055534269e-01
2.888489261800966657e-01
9.805502031548238642e-03
-3.372995831572985215e-01
-1.013425817805210100e-01
-1.241935676276147149e-01
3.609052548151771983e-02
-3.105970191614885745e-01
-7.496924432936520333e-01
1.920237150145866212e-02
5.147148687181635207e-01
5.961115900000071299e-01
-6.612585354478273114e-02
-1.403739662425154133e-01
3.609873218829255936e-01
-3.892977004368151084e-01
4.050776139196402559e-01
-5.020560686244809889e-02
3.478447135691293268e-01
-4.720987900610087440e-01
-2.077158331067787689e-01
-9.123381713589259756e-02
-2.412779386316681873e-01
-4.460920988916544649e-01
3.162255678069097464e-01
-3.316203399496546744e-01
3.058403686558074097e-02
-1.887624677556235253e-01
3.450903541943867170e-01
-3.509220493372143812e-01
-4.006588562563148104e-01
-2.802511718171895594e-01
-5.492164702695701006e-01
-2.129556179793663795e-03
4.732041630245634733e-01
6.572419238273207176e-01
-3.445234329580053045e-01
-9.926092692589280619e-02
1.784435314591653610e-01
-5.822389547446432667e-01
2.068102082932931143e-02
-2.697318560442580337e-01
-1.936293222301460615e-01
-1.045218116473028980e-01
-2.422388794786455857e-01
-5.448112537506399899e-01
2.261814371008040170e-01
-6.423417850348006608e-01
-2.182731493616989760e-01
5.102732272792986912e-01
5.667251743858502389e-01
-7.403312874905768615e-01
4.222331223836736647e-01
5.076765748928672162e-01
-5.890227692349647021e-02
-3.333681639041110034e-01
5.137662941494099966e-01
-2.653026716538663954e-01
-4.299860902212019331e-01
8.686193138425425675e-02
-3.225443561647670654e-01
-2.056285340626785307e-01
1.733648145398602736e-01
-2.112104288148116127e-01
-5.019095836004119349e-01
-3.735314159611226037e-01
-2.097337955428817957e-01
-3.688407252633314481e-01
4.728626320319979648e-01
-3.880336026799674487e-01
-1.064820223225999563e-01
-4.098020101849236818e-01
5.042209043312588790e-01
-3.795958469716558259e-01
3.990766836329027317e-02
2.161574806428804285e-01
-1.264320547923026006e-01
-3.072557293538252243e-01
-5.473490954993800450e-01
2.234938209078543292e-01
-4.472479763764267702e-01
-1.822339009335320059e-01
-2.778740220225149882e-01
-4.798407674996741368e-01
8.824042798420983491e-02
-1.472601072104755271e-01
3.042337197344064381e-01
3.701089170157493280e-01
1.120367919819893754e-01
-2.236524459310060969e-02
1.237055133638567672e-01
-2.584310476445071947e-01
-9.784149244458045791e-02
1.871893068075610733e-01
-5.351352646012250691e-01
-3.123552125179017702e-01
1.277930853549412785e-02
2.988957275430241534e-02
3.020139413647021098e-01
-9.703317436434394372e-02
-1.652588989438613931e-01
-3.734654785096250262e-01
7.652758290723207790e-02
5.346311025672827177e-02
-3.652674715429446439e-01
-1.174007937970665549e-02
1.922521393723240490e-01
2.442424732638560081e-01
-3.921024000907133433e-02
-2.403708747342302998e-01
3.236665031923012803e-01
-8.299222906187379845e-02
-1.557068272245185347e-01
9.496852208947920149e-02
-2.984135551555440746e-01
1.276619140349636583e-01
4.095235416284304097e-02
-1.441124520760442840e-01
-1.936581255073435148e-01
2.157764111861825707e-01
-2.961256959692539770e-01
-5.179369988881267206e-01
4.310412465609029242e-01
-3.254969099935308696e-01
-6.264594494790109991e-01
2.118858130947035845e-01
2.226645400659469365e-01
4.501583601085094033e-01
-1.576201829508634411e-01
5.864478971910633831e-01
-8.888345124777026485e-02
1.690761329378409894e-01
-1.173001696874255151e-01
4.740153002269862914e-01
1.480411536053027610e-01
1.120774419318759096e-01
3.138543716498978786e-03
8.504403993828454911e-02
-5.236792520668710482e-01
3.368658212196483648e-01
4.532281748625038853e-01
2.158945097780651246e-02
-3.605343018472063066e-01
-4.527760807925816644e-02
4.718677144810504709e-01
2.890547278167688861e-01
-2.121676213460496618e-01
9.920289709999086103e-02
-3.502744312893912304e-01
-1.643675830582415620e-01
-1.036136158186517497e-01
-2.748357055980566455e-01
-2.809923280698868320e-01
-3.691643137017856513e-01
4.098819058974981222e-01
-3.659885589018184171e-01
-7.039106535602304704e-02
-4.205252068341586158e-01
6.017229226342200171e-02
1.921659456841288416e-01
-5.047402604387951630e-01
-2.828796498574439114e-02
-2.356423276574170778e-01
1.351047701062115525e-01
2.458030235993420298e-01
-1.400904483256482369e-01
-9.259802423418533879e-03
4.637568010556680775e-01
3.726181391735298165e-01
-5.789435544588115157e-01
-2.857556117308199806e-01
-1.892800747021444741e-02
7.867292810254729318e-02
-3.834044333547810268e-01
-4.524563006397177567e-01
-1.487555801716264336e-01
-9.354949425448028100e-02
-1.466804373665899219e-01
