3.210074977375130256e-01
-2.178528630761365215e-01
-2.912162871546432052e-01
-4.513124179772743383e-01
-2.721417443801932290e-01
-9.117223216382870643e-02
5.046764994410024574e-01
3.930405830581645832e-01
-4.588323681490962258e-01
-6.887454581936326703e-02
7.592180324035700638e-03
-1.916704669090778523e-01
8.472188983773334958e-02
6.501688501261067010e-01
3.198444199047485031e-02
-6.483098965769413802e-01
-7.743732102624266422e-02
2.641840946636142551e-01
-2.448808469358375872e-01
1.046876180522474664e-01
-3.407257462317222485e-01
-5.840069463570429775e-01
5.516637792157818021e-01
7.099350950606460042e-01
8.098597687398911837e-01
1.461272080108959037e-01
-2.584169452638572784e-01
-3.182815650236191507e-01
1.736633891749708170e-01
6.503243846502084757e-01
-2.068148396033569481e-01
3.660034507360804823e-01
4.941635634462357429e-01
-4.770617308024971415e-01
3.392423559253240906e-01
5.513160120552276222e-01
-2.853326553591383208e-01
1.275973801379963191e-01
-9.712730010010336978e-02
1.090180551088278660e-01
5.149959377147256268e-01
9.994659028087718444e-02
6.881726750350947164e-01
4.121382238776647444e-01
-1.690623109203398811e-01
8.079667960616181144e-02
-3.244605154568545174e-02
1.346965390252708727e-01
1.004079491146543379e-01
-3.670986650773271909e-01
-3.035127510722355204e-01
1.135937701677522532e-01
-3.504925464167885085e-01
3.435233257985014776e-01
1.718521845843015185e-03
-3.922737827982211711e-01
7.764257613895065857e-01
-7.355824257191011517e-01
-4.076497264812761236e-03
-1.864134690994226906e-01
4.274127313026208214e-02
7.092713059500688200e-01
2.033662957858694276e-01
1.592385284176011662e-01
-6.058480917699571311e-01
3.728768040604667211e-02
-3.882178030541902913e-01
-7.474443113743399758e-01
-7.154696383346484390e-02
-4.911948300916999521e-01
-6.350460258838852567e-02
-5.370418463927949942e-02
-8.791115671871646553e-02
5.901108480425280023e-01
3.299065121490580288e-01
-2.782791809813777162e-01
-5.276737711277288412e-01
9.941477400336537484e-02
2.218519223611435109e-01
7.365223583836358889e-01
4.813529721944785345e-01
-5.801299254796810079e-01
5.255844555939307439e-01
8.143256489195978276e-02
8.595906767664429626e-01
6.820862069876800771e-01
4.161798966360261143e-01
6.039405287897604557e-01
1.371252650164972442e-01
2.410430611625846709e-01
-8.311890945771950312e-01
-5.987011387501270931e-01
2.999586822373941364e-01
9.974514295294613364e-02
6.469147682609820427e-01
3.547248902505250046e-01
-8.547335603180087338e-01
-9.085920679156014867e-02
3.300652313131245408e-01
-4.788942366073474788e-01
4.306715385204671898e-01
-7.460081861898085753e-01
-2.383334942402387802e-01
2.211822076614961552e-01
-5.535122546603922222e-01
-1.430754506173143592e-01
3.477052244117654345e-01
-7.833458544345297536e-01
3.242409796971132963e-01
-6.114571749407722301e-01
-1.818788048351509812e-01
7.637455432594190130e-01
-1.454387323889202444e-01
4.634677670641799141e-01
-8.354764464045068006e-01
-3.406019329339011192e-01
-5.615369175067386198e-01
6.827205637998432497e-01
-4.982395305718924083e-01
-8.658451178537909798e-02
-4.292795003114697749e-01
-4.145210768926606004e-01
8.637690590012265801e-01
6.413175604557379561e-01
2.220365835483004424e-01
-7.325364796429649772e-01
3.803922222438285150e-01
-4.925488941478549376e-02
7.075628214297743357e-01
6.045213023184424772e-01
7.891454228067878995e-01
-5.935356231278650085e-01
-9.700242254732748259e-01
7.318481490867181360e-01
-9.132750422850767213e-01
-6.001024633654044038e-01
5.976454659740697561e-01
9.294074487427748110e-01
-9.981965658229214888e-01
6.071969670311332390e-01
8.864129570248833190e-01
-3.232792921652349882e-02
-2.854340325100130915e-01
7.719831159843473234e-01
-3.380192937086687888e-01
-6.128935504240387022e-01
1.696684468455607053e-01
-3.094988673495415177e-01
-7.106670149787179813e-01
2.212551818412533677e-02
-6.271051511270642198e-01
-1.000000000000000000e+00
-2.692589067471531372e-01
-4.603659098101986480e-01
-7.989005988190618357e-01
6.776354869377766432e-01
-6.942208260942660525e-01
4.852621024675662920e-02
-8.706397190298482691e-01
6.122965348013489351e-01
-7.881900171285900480e-01
-2.942706628442350869e-01
4.506066876254597453e-01
-9.102971161206572237e-01
-9.520217682977873963e-01
-8.999436556734752291e-01
6.577799353938695859e-01
-6.595130585318201843e-01
2.811033640451440080e-02
-7.742408738747583730e-01
-5.848859922766885822e-01
-4.223577766849497817e-01
-5.865578254345563680e-01
5.672498534664656145e-01
8.852877326344246178e-01
-6.429706990376851117e-01
2.091557731066387982e-01
5.488068238014600642e-01
-7.480964271681247446e-01
2.707490151310442683e-01
6.278997680252154101e-01
8.436994513300012377e-01
2.648664073452056122e-02
-1.409021092915955509e-01
1.682874457516079780e-01
-3.066823358218822571e-01
-2.710975266703765651e-01
1.385114386683048218e-02
8.849261605738723002e-01
8.837857535805895282e-01
6.992831083264898773e-01
-3.814207654781512913e-01
6.171190586215912210e-01
2.997786416479887861e-01
-3.437178038529803414e-01
5.954808335137015129e-01
-3.222459265192421096e-01
5.167416616665553297e-01
-7.468879606897957935e-01
1.583468999788590348e-01
3.416795601289950302e-01
2.657544342402152204e-01
-2.721009699573144758e-01
-3.521283874840879236e-01
1.705253733539566496e-01
4.466541845460650917e-01
1.000000000000000000e+00
-3.862765036420171549e-01
1.385232694546398857e-01
6.593646807749286021e-01
-6.153129058007422714e-01
-1.063616588735291357e-01
-9.726973735272199939e-02
5.735798491213476291e-01
5.580444779918054543e-01
-5.866145328607258458e-01
2.132161061926629575e-01
4.554770206480354133e-01
4.060620756641420415e-01
4.309156213722296069e-01
6.437523180537714218e-01
2.617594888012657606e-01
-4.336966192466262249e-01
-2.500224339679874008e-01
4.963374397369310076e-01
3.594658991361669026e-02
6.076519442184612485e-01
3.885821700259610156e-01
4.587143831232811109e-01
-6.482289758346659880e-01
8.309079269862505723e-02
-3.114606246945154089e-01
5.630928355955591713e-04
-1.536005394074966834e-01
-1.994390280312999808e-01
-2.897732180601176877e-01
8.833015321083051430e-02
-2.245629410890836730e-01
3.878816348394878433e-01
-2.164530717802102822e-01
-6.332347528772452883e-01
4.627544001495661474e-01
-3.565773215934608387e-01
5.145798361944585453e-02
-7.133550972311294425e-01
-3.864626726104658516e-01
1.875105432094595348e-02
-2.820894041487487791e-01
6.516002444346493672e-01
2.333599603126745858e-02
3.772829423007958982e-02
-5.503644589595821923e-01
-1.504665628825112567e-01
4.241200983870757613e-01
3.376817052904866334e-01
-1.298525656783642845e-01
-3.165583376028193729e-01
-8.051364069555271286e-01
7.001447180428225225e-01
-2.833722530107899984e-01
2.450842661450082227e-01
1.319904542475277553e-01
-1.008549808235072003e-02
4.729039521840981419e-01
3.241347987527596342e-01
