6.747589294281204353e-01
-6.908994515548085857e-01
-7.589750259904461949e-01
-6.904313680757155902e-01
-6.767967875593203786e-01
-2.710189651507015074e-01
-8.007861713565611606e-01
6.969850398423278470e-01
-8.324730583950847862e-01
5.391267200107840996e-01
3.790454811514412103e-01
9.777107994142566483e-01
-4.801716068451390429e-01
-5.060386455365586400e-01
8.872763602909488068e-01
-6.701070841871031858e-01
-8.359578649683048202e-01
1.512722970018598456e-01
-6.649618332718756353e-01
8.076005186507297928e-01
-4.921080900342518216e-01
-3.854097500781701324e-01
-2.021863887760302347e-01
-3.140526380694202424e-01
9.066408583872562765e-01
-6.222393465937939849e-01
-5.651375435907293188e-01
7.057369398732997734e-01
2.910906897600497034e-01
-8.362979783411887968e-01
-6.910476831960279398e-01
2.625575263338177923e-01
-9.137732610134348121e-01
-5.059282745224894517e-01
9.542247537422261505e-01
-6.554038065031524418e-01
-6.903222661710861630e-02
6.139468927206066517e-01
7.221584593822172327e-01
4.419917388388021617e-01
-7.371582969317713729e-01
7.563782666178897607e-02
-7.355223328527979998e-01
3.084879118679952903e-01
-6.499445702270505443e-01
7.350224903146385103e-01
4.787621772509437212e-01
-6.356689426545538701e-01
-7.916387024346387413e-01
-6.426483075309130655e-01
5.180235032287270336e-01
-7.544211669927480823e-01
2.829664056571781217e-01
7.475421507554353973e-01
-2.789958755822736780e-01
-5.484375176795968088e-01
4.757897960096391099e-01
9.969507683873239934e-01
7.007659756292423658e-01
-4.760669630833074262e-01
6.732232518073086869e-01
1.163893423123918414e-01
3.227880797372175703e-01
-8.840186353402685882e-01
-7.045406417157251688e-02
-5.305144570008231142e-01
-2.694338130812556908e-01
-2.182750892938989384e-01
8.750629028709067114e-01
-4.524639638101630723e-01
3.674311775457999030e-01
2.727233222804441581e-01
-2.581381045294832699e-01
7.311688344915927562e-01
-3.461035908155116747e-01
1.000000000000000000e+00
-2.270651095844241352e-01
2.287551684960782428e-01
1.453633491417365420e-01
3.965045425271958024e-01
6.717892530331095458e-01
-3.463015637446578143e-01
7.205903706601701764e-02
-5.147218379116785814e-01
8.514295974417047663e-01
6.684687110339041505e-01
2.585275972423308755e-01
-7.035008347683133767e-01
5.036216173022322051e-01
2.222176284567027871e-01
-3.314960855654409677e-01
2.292649767085572776e-01
6.275378739447096121e-02
7.289348119429732709e-01
-6.904954672703587093e-01
-7.189603607682715225e-01
3.464979167192978604e-01
8.122068731206093517e-01
9.607708823284688560e-01
-2.070516246991159215e-01
-1.632793675036993408e-02
8.483814898962874773e-01
-7.545581334461066714e-01
9.735744356866651295e-01
1.441743846942473706e-01
5.090006892664649119e-01
-7.973609476916523331e-01
-5.952466854229065962e-01
-7.202159105264802630e-01
-2.735386435302942232e-01
-9.423102991028708963e-01
3.492563982476688533e-01
-8.880286719562351383e-01
-2.658463610012846701e-01
4.492480218539207648e-01
7.363793602412402883e-01
-8.967708869350627943e-01
-4.211820729235502547e-01
-4.665775059468160180e-01
-7.603220301896076450e-01
1.955612784965314321e-01
9.933251333316894804e-01
9.054760953568006254e-01
-6.775126350419906629e-01
1.262059745810408806e-01
4.612500770735883382e-01
-9.372028835475836317e-01
-4.629609053696581711e-02
-3.280567753169745249e-01
1.670607758076734228e-01
8.250847982911557743e-02
-5.935356231278650085e-01
-9.700242254732748259e-01
7.318481490867181360e-01
-9.132750422850767213e-01
-6.001024633654044038e-01
5.976454659740697561e-01
9.294074487427748110e-01
-9.981965658229214888e-01
6.071969670311332390e-01
8.864129570248833190e-01
-3.232792921652349882e-02
-2.854340325100130915e-01
6.748821416220618374e-01
-3.380192937086687888e-01
-6.128935504240387022e-01
1.696684468455607053e-01
-3.094988673495415177e-01
-3.932152393942174307e-01
4.007413348683985799e-01
-6.271051511270642198e-01
-9.321800520990508598e-01
-2.692589067471531372e-01
-4.603659098101986480e-01
-7.989005988190618357e-01
6.776354869377766432e-01
-6.907701729324009499e-01
4.852621024675662920e-02
-8.706397190298482691e-01
6.122965348013489351e-01
-7.881900171285900480e-01
-2.651345674892044979e-01
4.506066876254597453e-01
-9.102971161206572237e-01
-9.520217682977873963e-01
-8.999436556734752291e-01
6.577799353938695859e-01
-6.595130585318201843e-01
2.811033640451440080e-02
-7.742408738747583730e-01
-6.216763059367884647e-01
-4.223577766849497817e-01
-4.558211718022930903e-01
5.672498534664656145e-01
8.012317610476926699e-01
3.072917401485645850e-01
1.374040360328009358e-01
5.488068238014600642e-01
-7.480964271681247446e-01
2.657068824120587536e-01
6.278997680252154101e-01
-5.445494016312855123e-01
-5.270096715226453288e-01
2.282196845493724702e-01
5.720828945578213531e-01
5.730710358151400174e-02
-6.069894434382114845e-01
-4.154804075129781005e-01
1.880545510002648579e-01
1.866477106058503921e-01
-2.387287005644456173e-02
-8.635109604195516653e-01
-5.187904210609817213e-02
2.176470974284516746e-01
1.847135607870179497e-01
2.909081786910405754e-04
-6.536532385016406987e-01
6.542919558324842288e-01
-1.292791161504758257e-02
-3.260634222027454232e-01
4.148102009800657131e-01
1.986387878964395171e-01
1.898670205176776205e-01
5.074322373914075257e-02
-2.396730442614185552e-01
-7.951139745405442216e-01
4.676493260464749113e-01
-4.028355354088750673e-01
-9.341322447309816646e-01
4.948418499224973566e-01
-7.590096076652312895e-01
-9.688556062043118811e-01
-4.295574769217960220e-01
9.368824291756630007e-01
7.741163287611869670e-01
5.078873161105934564e-01
3.555473465398173438e-02
3.129561728072449700e-01
2.326226037062506524e-01
-3.933434009267966491e-01
9.398608039594416041e-01
5.127635758466153604e-01
2.721492418651754175e-01
2.042252533173931628e-01
-7.457416576978346257e-01
-6.748581340169959031e-01
4.391521351716733967e-01
7.427422057723906956e-01
6.566809701783300479e-01
-2.291813133225142352e-01
-5.068171739452633773e-01
7.530380952390469673e-01
8.604085086448112207e-01
-2.766532218721996506e-01
-1.871184224392312689e-01
-6.123686572172069853e-03
-7.938280056349835689e-01
3.290187862004050334e-01
-5.897678247338630220e-01
-9.587938525912833576e-01
-4.285716452639254381e-01
5.018552625835117631e-01
-8.199379559695163522e-02
-6.905586568362689359e-01
-2.640521793103713932e-01
2.111004497279733716e-01
6.672008167912645282e-01
-3.728401498968347827e-01
7.236012034961279982e-01
5.117496608146865356e-01
3.709784063156469358e-01
8.955312815092479894e-01
2.685669457332910959e-01
-6.918271590035067753e-01
4.986891085759210807e-01
5.947041086792954623e-01
-6.368454918053931824e-01
-5.384152114271670841e-01
3.236833162697590471e-01
7.960321158394922936e-01
-8.391446029846389987e-01
-7.768117759104813391e-01
-7.891960041739112253e-01
-1.570203850494542031e-01
-4.170268176473062027e-01
