-2.442119348076284002e-01
6.578777155174123092e-02
-5.440452100341538477e-01
-2.461547188673183714e-02
3.747314076738851862e-01
4.637049555764528597e-01
-2.841596736685026436e-01
1.159576096727399919e-01
1.259289479500280973e-01
6.159949881394764098e-02
-1.655039332191769186e-01
-1.693669606505417424e-01
-1.902113629255797189e-01
-2.977268493203583666e-01
5.955268875593012767e-01
2.805589794893628697e-02
-5.977631499071550669e-02
-4.924532090741525203e-01
-5.233802745309291682e-01
3.292805649599639395e-01
5.123097255031875408e-01
1.874088135693282586e-01
1.125348378370067404e-01
5.817971840458965871e-02
-2.015915031029693050e-01
-1.650129757358333171e-02
6.534259878512098385e-02
8.491599149391643175e-02
-2.928743312560301848e-01
-2.251757218074586925e-02
-1.746280547311863385e-01
-2.173414030612446368e-01
1.260462745918813354e-01
-4.240931767907162309e-01
2.312729280786793851e-01
-1.862865119505711653e-01
-2.628521553773623398e-01
8.523608210165087296e-02
-1.907316475728753485e-02
2.624678827766675493e-01
7.023910076845080175e-01
1.417527132806955803e-01
3.966384806011569869e-02
-4.319102637671720646e-01
1.211186908176236504e-01
-3.937522635569468132e-01
2.692170326898320476e-01
-2.893892730383282874e-01
-4.002074298522007023e-01
1.313348791910564639e-01
2.289354295994685262e-01
2.814222745835094353e-01
-8.357599544876798126e-02
1.442803911105404735e-01
2.935912955488428899e-01
5.183234419174518326e-01
3.361341683511684386e-01
-1.377989092629838541e-01
-9.336438211468883752e-02
-1.400836231082145389e-01
-5.019561276932500010e-02
5.456235205561121848e-01
4.772581854240955934e-01
-1.359130363561666943e-01
-3.179169930720889270e-01
6.872759938202166463e-02
2.594365544203819929e-01
1.155556649071950159e-01
-7.859462302038554282e-02
-2.075658013491964993e-01
-2.030376616707665061e-01
2.071671717048788608e-01
2.108448229812649732e-01
2.740892140283756051e-01
1.231086025071113227e-02
-3.253530471390551626e-01
-1.076342752231184419e-01
-2.666096746237649473e-01
4.083989259227215063e-02
1.192822364745975139e-01
-3.286191910241726410e-01
6.671204494510506178e-02
4.906398469887521818e-01
4.339948813199304700e-01
-1.888822037751297644e-02
-1.201992397667736301e-01
-1.974332995584118788e-01
-2.795939143469990951e-01
1.972873127681680494e-01
4.315465668424659507e-01
-2.542287264347981024e-01
1.353879296404698063e-01
1.941184968074056161e-01
-4.649057022669990380e-02
-4.617400559275077754e-01
-3.666617803605024539e-01
2.819374403178706023e-01
1.323704488236354671e-01
-3.421228295742407832e-01
5.495440406611433737e-01
2.720065764876110626e-01
-6.333127725797953467e-01
2.745840760934722957e-01
-7.223553353538733623e-02
-3.376666296146912938e-01
-1.907755711503675011e-01
-4.109415818068988813e-01
8.221147482170695353e-01
1.173213093281109537e-01
-5.608731802929179944e-01
3.523131458063009647e-01
-5.999357227558362038e-02
-1.427326038659482987e-01
4.579536405770452956e-01
-3.470218656071295538e-01
-2.319335632162624061e-01
-4.083539862587213243e-01
6.869662979404471681e-01
-2.771765224140364525e-01
-1.238213331669171524e-01
-6.046019382716426582e-01
-7.887029536519626904e-02
-4.978245705696612289e-01
-5.778378393862928508e-01
-4.574383097239700935e-01
-5.532965366491331138e-02
-1.030043285495253411e-02
6.160505006167736886e-01
-1.392470875731395830e-01
-5.786596031371491478e-01
-3.705559271505984853e-01
2.319642709735268982e-01
1.807611452614631964e-01
1.747133146034945128e-01
4.806133631217012619e-02
3.355329178566606729e-01
1.259707665224842899e-01
-2.253484520116749990e-01
2.715664224344628841e-01
1.617852758976716654e-01
-1.477727752434173647e-01
2.068665997785383293e-01
1.311269220373201538e-01
2.816937831209923582e-01
-1.957725484320420317e-01
-4.726818599629599160e-01
4.858633246744529233e-01
-5.901853423265656096e-01
-7.643319916711732720e-02
-3.170384264155379772e-01
-1.574672473915190718e-01
-3.462969161798052919e-01
-5.169338677507054891e-01
-9.419581650169725484e-02
-3.399951103935453661e-02
-2.474621294559596063e-01
2.914172653916292655e-01
-1.705219031983487843e-01
-6.476077323109588058e-01
-5.142046350897594431e-01
-1.779398755899310736e-01
1.530434260492810339e-01
-1.033532115821524239e-01
-3.823051079049393230e-01
2.097976070255499759e-01
-4.126542465792227415e-02
4.190135336849101222e-01
2.885132337850268014e-01
-2.397873472800467198e-02
1.758016115171807253e-02
1.695272010066040114e-01
3.344938986266254299e-01
2.233095615213160912e-01
-3.890325659555828319e-01
1.624743144837276776e-01
-4.169479377361577921e-01
1.628552734477098918e-01
2.995256001794018852e-01
1.309959651519121693e-01
8.820725415465843766e-02
4.495512848240159620e-01
1.194703953147940867e-01
6.577520010836198638e-01
-2.984931297047344056e-01
5.345890947287236517e-02
-2.830417720718430008e-01
-3.699539644867310129e-01
3.727697728867995774e-01
-2.268517943292363559e-01
-7.148420200843516592e-02
-8.167595768192573158e-02
-1.456209898151906712e-01
-4.660183190557561084e-02
-2.619870661824662550e-01
-5.366753533309345792e-02
5.847466727221813931e-01
-4.281219449528751442e-01
-2.098871092243381753e-02
3.288314779875116667e-01
4.676886006482703362e-01
4.966007637011493614e-01
2.780955113199450046e-02
-2.418590740334041200e-01
-1.242471444671193193e-01
-1.815672073243344564e-01
-5.190699494687719268e-02
3.493098170700116301e-01
-3.623406460991644984e-01
6.358611230091528732e-01
7.721593712460714243e-02
-3.079248919111560179e-01
3.324281961135914787e-01
-2.439080447938976604e-01
4.961525004122609994e-01
-8.370715644836781988e-03
-3.589741728831792877e-01
-9.424292450343746408e-02
3.305421651511861181e-01
2.746284182824768050e-01
-1.274608156459435815e-01
-2.089126906572457698e-01
6.453512407129419204e-02
1.585633784774716504e-01
-5.379994910447060130e-01
-1.442730834018211561e-01
-7.654882941382269435e-01
-5.803678177487850975e-01
3.193577848582516143e-01
1.976371163998122127e-01
-7.786437530677696728e-01
3.213965102975612775e-01
-1.875640730593053362e-01
3.467550787119416666e-01
3.410641190987273585e-01
-1.724702955607178012e-01
4.710864743861223336e-01
6.052227845817771679e-02
2.261569647906730707e-01
1.128001837643038963e-01
-3.255239711580904527e-01
1.342111478976140138e-01
6.243024096480287444e-01
-1.324512998329251401e-01
-3.443493051098847624e-01
1.903833340931410101e-02
4.259178314900698981e-01
1.691266869203680578e-01
1.323043089696064323e-01
3.514395151249115057e-01
-9.441354247968658520e-02
-1.525736891725240629e-02
-8.669218527654074524e-01
2.334996075254145986e-01
-1.902665789775380700e-01
-5.404864664363635551e-01
7.624605199105300990e-01
1.803359241820697012e-01
1.381576604263988206e-01
-4.292677546551782464e-01
7.949328754653736673e-02
-2.202526923919616991e-02
4.971008573187531976e-01
-1.701511439347300203e-02
2.208209157497609820e-01
4.027816303124173714e-01
