-1.950670930655269975e-01
-2.439499184115499208e-01
-3.762662778785104134e-01
-2.135063589327334532e-01
-2.675255281854914680e-01
3.645573369347171466e-01
2.788961201212360463e-01
-7.043137199272457849e-01
-4.496915778029144661e-01
4.845881511504013250e-02
5.616941489128978171e-01
-4.175853943969840554e-01
3.118630217875479893e-01
-1.854891787896452149e-01
2.446376446578884256e-01
-3.368963133599497395e-01
2.332336805020835679e-01
2.055409356481628369e-01
6.355926327809165166e-02
-7.642378242605445127e-02
-1.722809606334437249e-01
-4.860016443427057214e-03
8.266079473954221490e-02
7.561785305973225402e-01
-4.813257510106171838e-02
-5.952714798730429635e-01
-4.732372431335405416e-01
6.009570918190546562e-01
-2.935029895209299022e-01
2.831942880326097089e-01
1.179194567087443746e-01
-2.754754701696739971e-01
5.311274147410834923e-01
6.440753088427303430e-01
-4.227259270816189352e-01
9.847629147455408405e-02
7.427369750969131657e-01
6.520189595886394240e-01
-6.327710287989211091e-01
-4.459630652794385197e-01
5.340139000067931629e-01
4.952185133146761453e-01
-4.780016047275182922e-01
-4.731421343554714221e-01
-7.198834513147847614e-02
-2.635842271495699718e-01
-4.457829059026066076e-01
3.594140320837772018e-01
-3.207645450109962160e-01
1.174039548423052304e-01
-1.675434660162640754e-01
-6.506539756730418400e-01
2.463085952556035574e-01
-5.939819073855235887e-01
2.990420588873551333e-01
-6.859002364727029288e-01
-4.794019938345799869e-01
-3.386605727801177412e-01
-6.047450017878996942e-01
-2.724628576712508909e-01
-1.926148248351042536e-01
3.221601524451001564e-01
7.143442766492832385e-01
-4.315892474578165300e-02
2.793544877450758745e-01
-3.532007104846066614e-01
-2.972943349664215473e-01
-7.162971799630057923e-02
-5.956144051935980954e-01
4.638571132751748705e-01
-2.809518872551240443e-01
-9.811682976922152938e-03
-4.486894966448103927e-01
3.871999967330928133e-02
4.029402459754717336e-01
2.683522972072473894e-02
-6.095337071653116057e-02
-3.777712644726690661e-01
5.221767707304963979e-01
1.095187980888415319e-01
3.749560786646793931e-01
-9.584739014862889150e-02
1.284398203020712115e-01
-5.374529869808852833e-01
1.544277882135930979e-01
3.186592183215083279e-02
3.072988338612214210e-01
6.271510354567190471e-02
-1.890640132316251942e-01
3.519333206870194353e-01
-2.502413734000324963e-02
-7.889059460784914046e-02
-5.821704228847760648e-02
-4.533391315454953219e-01
-4.144450701185480312e-01
-2.656765986435535853e-01
9.009800857259511742e-02
2.142409378728104830e-01
-2.812035349771888071e-01
2.498186038179019408e-01
-2.752531345058930601e-01
6.724961154075997927e-02
-1.690310031844910466e-01
2.260533827125856265e-01
-2.237580556538703580e-01
6.637575145163596146e-02
-1.262945521423992634e-01
-1.653371981288883491e-02
-6.146502371380828667e-01
4.748153336948955916e-01
1.652232881848373358e-01
1.593204425490412357e-01
-2.204531241236159234e-01
2.852581597970021976e-01
1.648721070647503062e-01
1.915362270725625149e-01
-1.612764091490405116e-01
6.395207250727503734e-01
2.047506142392775952e-01
-3.785430609398728885e-01
-6.154321254626193838e-01
5.304456684392466759e-01
5.875267285296761344e-01
3.293110047684598696e-01
-5.128403471264769697e-01
-4.024301924165332167e-01
1.525138242978840708e-02
6.154940238528558982e-01
2.987174450640831536e-01
5.000800714769210176e-01
1.038465818788856729e-02
-7.317917640302973314e-02
5.896576572990819276e-01
5.032128306581445942e-01
1.225198478897174814e-01
6.518131846952587294e-01
-1.491935899256470188e-01
-6.201473212072473179e-02
-5.244962439390258302e-01
-4.513474917402232056e-01
-8.446520624108355690e-01
1.646431154598298474e-01
3.632957147351533189e-01
-9.219859341622557714e-02
-3.344640523107433872e-01
1.267928929512585068e-01
-4.482399363123029667e-01
3.061460309983483619e-01
-1.711250701437155020e-01
1.140614874556695468e-01
-4.080148054330078322e-01
-2.545749178735386975e-01
-3.989487219156681030e-01
-3.104172522463998773e-01
-3.672616445245888150e-01
6.610295582796843483e-02
1.533531301830900473e-01
2.081576371721775010e-01
9.609778049989331494e-02
5.892752521114850983e-02
-4.743319371123802530e-01
-2.325311280457452168e-01
3.009644885075639098e-01
3.645719959618294315e-01
1.281718272832923500e-01
2.552427453427742049e-02
4.783724128491332328e-01
-3.033402440322168769e-01
-6.332642247586270923e-01
-3.498547045228571628e-01
2.763043743942072972e-01
-4.243954512197413154e-01
1.517065157076014359e-01
-2.442334694779322024e-01
4.884737646038238568e-01
9.028880234632799540e-02
-1.027657237837392434e-01
1.912586887622195475e-01
-4.854676842157769068e-01
-2.718566022265145321e-01
3.200876709505379725e-01
-1.544375932897454340e-01
-4.504697192365855196e-01
-2.315979923431735754e-01
1.086920323153099388e-01
5.094374643082630882e-01
-8.417785969620060482e-02
2.104860534003090700e-01
-3.393818575610280108e-01
2.352293033473976391e-01
1.799831727593342312e-01
6.293344614858740194e-01
-4.421781492268950231e-01
-4.724394404721263818e-01
-9.521526345131230140e-02
-5.363866647002517585e-01
2.084198060620156556e-01
-4.851944273149179088e-01
4.158170944032852367e-01
-4.203119353006613546e-01
1.558396441164676127e-01
-5.691490454103075025e-02
-3.018094789796628152e-01
-4.510671303583577152e-02
5.056625751062724383e-01
-2.546727245146802043e-01
3.417657310235709678e-03
-1.555684682389053552e-01
-6.438023322528053649e-01
1.283885777081272828e-01
1.615218977320930782e-01
2.184317814746219444e-01
-7.023291107615897699e-02
3.022801850827646630e-01
2.566037430227720295e-02
-6.033145733861161597e-01
3.169841512578301934e-01
-6.241658947472925600e-01
3.457232684487056007e-01
-6.291308766692454979e-01
3.874934016622435529e-01
-7.926663027374569737e-01
-3.296719290590298113e-01
2.148928747534153694e-01
-4.143609846619420584e-02
1.418101825140029026e-01
1.501748370885391259e-01
2.075716732189133995e-01
-4.042370760354084824e-01
-3.642219943424572781e-01
2.566952535780213096e-01
1.708386304999058858e-01
1.072878470590665212e-01
2.047706295956483458e-01
6.348540382254092007e-02
-2.467040544091911314e-01
-4.384829924101610321e-02
2.581747238079834528e-02
-1.960899380036055795e-01
-2.414327438668800174e-01
2.297324679621140509e-01
-4.655425537282835702e-01
-5.554002290849995305e-01
6.301150806692767947e-01
-3.224459498358253073e-01
6.680511293664903594e-02
-8.289425138691198791e-01
-2.780482417476605184e-01
1.342366398472971956e-01
-4.807326272627494568e-01
-1.207720130663447328e-01
-4.628785577413553620e-02
4.705766628175454547e-01
-2.904281509653724447e-01
4.338684343961978218e-01
-5.084618930933150829e-03
4.563313159363651117e-01
3.524420326428722161e-01
7.685788389653469554e-01
1.157278019619491227e-01
-5.878996211236393599e-01
-2.790712706451578540e-01
5.364576877781253028e-01
2.292110606914441184e-01
-1.923161731104782446e-01
