-2.268307570266191453e-01
7.158101680731326910e-02
-5.554197796242497931e-02
-1.360338815809357949e-01
1.808691929911505902e-01
-1.340955303671644283e-01
4.669556422297191922e-01
3.310682582469150204e-02
1.081854264278827304e-01
3.027555758685709225e-02
-3.320500482586909996e-01
3.503492445154113288e-02
-5.383963197210017704e-01
-4.362865596499073545e-02
-2.768007505725478268e-01
7.292089583429040012e-02
2.065020604055052555e-01
-1.094664642153016232e-02
-2.502289719855914640e-01
-5.358072159146395896e-03
-1.567326669385453453e-02
-2.536769727010081965e-01
1.788847364365432902e-01
-3.681958817545355478e-01
-8.610391966431046873e-02
2.917846535931937213e-01
-2.809063508959394051e-01
-1.573058544409242088e-01
-1.360355816342239121e-01
-2.852308330000495884e-01
-9.968144340565426864e-02
1.515675258933765757e-01
-3.300651737522390938e-01
4.179221321298957625e-01
9.366048610008319286e-02
-3.244525884952900174e-01
-1.960282339314142752e-01
-4.154860356750111894e-01
-1.443463552947767126e-01
-6.180293235296894228e-01
8.101352278512669036e-02
-6.155224960771536746e-02
-1.520073911439463188e-01
-3.188134648438088053e-02
-1.889752240478719814e-01
-4.441468828890424714e-01
-1.364792436284412436e-01
-2.882833303617766685e-01
1.694103062035889895e-01
-3.726270072534177968e-01
-5.820894139348723462e-01
1.682547126542262572e-01
-1.371075674994062799e-02
-2.538084875930611828e-01
-5.318820382519939827e-01
8.760988145952164352e-02
2.275377233620942963e-01
-1.561759991845075232e-02
-2.875163973998409173e-01
3.251622404274956413e-01
4.390165113682748532e-01
-2.169225641755433420e-01
-1.509124323688339486e-01
3.420395149227189319e-02
-4.095325439809253121e-01
-5.645263649961509422e-01
-1.585401812922586362e-02
-3.069764411670907189e-01
-2.637638781250496445e-01
-3.476489549654014355e-01
1.849833903346581043e-01
2.645073260544402588e-02
-9.639876894968504861e-02
-2.830037241187490782e-01
5.500365878129366282e-01
-6.771455159127262591e-02
3.373604293786431341e-01
3.861425656064855771e-01
4.211518187946349245e-01
1.266033739452468998e-01
1.898565562906204263e-01
-3.106637446005046099e-01
-3.121773171473170294e-02
-1.316651567077013057e-02
-3.244743602441944041e-01
4.803448493378162931e-01
5.778156998514853704e-03
-8.138011918105503284e-02
-3.431507821638963840e-01
-4.704953411078588998e-01
-8.183859985147368121e-02
-1.828584721767578525e-01
-1.934358849708542605e-01
1.840725194222333355e-02
-3.509139232036306844e-01
-4.223088421256134817e-01
-3.592444594391945856e-01
-1.091808584529995602e-01
-3.673211049263843120e-01
-1.992322785121906914e-01
-1.366082895085045101e-01
-3.001998415482437510e-01
-1.154281777546235094e-01
2.369451891925619114e-01
5.781633909473837818e-02
8.477183563363556440e-03
1.028375526293871800e-01
-3.580511167714270915e-01
-2.335928083095832331e-01
-1.746893536967029370e-01
-5.117706070402207041e-01
-3.509640182162031552e-01
-7.271742690628554828e-02
-3.928776211454203249e-02
-2.233236135128722211e-01
-2.582656933593454052e-01
1.788118478473320894e-01
-3.051409079829746074e-01
-8.000891864699377631e-02
-1.145004602942574917e-01
-3.252956385057201860e-01
-6.492788216545075652e-02
8.366387134115088609e-02
1.144877384385381558e-01
4.897329664398816229e-01
5.454284837678611275e-01
-1.977715608690812713e-02
1.617115291968195534e-01
2.705508430155137978e-01
-1.756876449721285205e-01
-1.314834431219926436e-01
4.958942050437449289e-01
-3.036698896008243054e-01
1.887383744884820747e-01
2.823067021603216098e-01
-4.221510738200550117e-01
3.806224034621336072e-01
8.149557836889640416e-01
8.736837077861210610e-02
-6.393603839482068368e-03
-3.188377503356287779e-02
-4.935865498055959366e-02
-2.096841733462759816e-01
-3.224639524840990368e-01
2.184253749997846494e-01
-4.104283750611305015e-01
-3.692516014915010469e-01
-4.525127124164839976e-01
5.321535857138656733e-02
2.161411924220962844e-02
-7.877378715168129042e-02
-2.582613213200760094e-02
-2.937066008970597442e-01
3.548711167245391374e-01
2.607290114334352427e-01
1.604891746550382026e-01
-8.589647774985272044e-02
6.481070676582856294e-02
-2.505667027654846779e-02
2.192771544811432383e-01
3.654942959397514124e-01
4.979796393700394175e-01
1.805554632488026376e-02
2.394541621708568269e-01
1.077411770911723132e-01
3.283586867775654672e-01
-6.039700479259531019e-01
-2.622320502489736693e-01
-2.758316652093210641e-01
3.091927001905796502e-01
-4.085982307655173368e-02
-9.702516324624822774e-02
-1.727464740946643984e-01
-2.121941208762547770e-01
-1.620054447864166247e-01
2.361535101695582117e-01
-2.765532861235073074e-03
-3.639437059276682818e-01
4.713495117554572511e-01
1.033601332363069947e-01
-7.534516106603912633e-02
3.776691306214022270e-01
1.343898276924388457e-01
3.274007254536359657e-03
9.867426424202141444e-02
-5.651710230565961668e-01
-1.100793441135280298e-01
2.751173514792178976e-01
1.690389786307556208e-01
1.008124685283091071e-01
1.989248850635355059e-01
2.194366610642563276e-01
1.362842145780596703e-01
4.839764894624454250e-01
-5.717867235190825514e-01
-5.159315212929092009e-01
5.085572822527586467e-01
-2.576721213767280139e-01
3.040849260709577728e-01
2.465410317021931030e-01
-3.593390250197991964e-01
1.742481088457710214e-01
-3.825443887611221783e-01
8.844469307816363313e-03
2.803849143535828148e-01
1.925552400363217398e-01
-3.592304515655904695e-01
-1.161592204221313790e-01
1.312824499939288236e-01
-4.806511197079570419e-01
-3.869945220809428710e-01
-1.717567274982547132e-01
2.576068454777069028e-01
9.787838188808102580e-02
-5.615815217336890264e-01
3.450688541067672976e-02
1.325123025251121189e-01
-3.356458783142296509e-01
4.378386042187346616e-01
5.767217095744836541e-01
-4.382362949537863539e-01
-2.215954627057728221e-01
3.414908680877797864e-01
3.978064841083184811e-01
-5.185574152179026619e-01
-9.267693427262134465e-02
2.245045924484155297e-01
-3.578780874053825306e-02
3.680684867228425222e-02
-1.378251725250996818e-01
-1.572494061817143463e-01
-1.489372261494111838e-01
4.441260046393613603e-02
-1.909493166054369584e-01
9.534266983004180407e-02
1.776900684187452673e-01
4.300480761966048449e-01
2.158594236337135763e-01
-1.358041591585721838e-02
3.037145299449542368e-01
-4.418868170228675840e-01
1.002718406602548795e-01
-5.196010633780707710e-01
1.566894082111094655e-01
3.620930547930559795e-01
-4.415865699044801973e-01
2.586078545308660992e-01
-3.830040921134061915e-02
-2.208361023211188878e-02
1.184684801432110430e-03
-3.802008679211482112e-01
1.383063597143345258e-01
1.106662189711219435e-01
-2.920820316810562867e-01
9.552963840168818277e-02
3.610603159694162345e-01
-4.258416853353775844e-01
5.063283727044310956e-01
3.797213781077777850e-01
-9.831982676691450665e-03
-1.286819681273348483e-02
1.898606989340063667e-01
-1.654560027884538487e-01
-3.893266974030118455e-02
-9.979129763048420754e-02
