4.911616214997310825e-01
2.694980490568553155e-01
-1.911666511296064019e-01
3.744095305772824900e-01
5.832323740842304538e-01
3.636657973882519435e-01
2.169044577002042229e-01
2.072479269026533399e-01
5.168276207507971343e-01
6.770791748088004214e-01
-2.909366348848735906e-01
-5.071605453881696812e-01
4.084484237301363452e-01
-6.614842692273343872e-01
3.295107952748102531e-01
-1.091389451624782819e-01
-1.803247935653320977e-01
-5.174084660374653755e-01
-3.011975387522545788e-01
3.913095609163451116e-01
-1.496598577118664619e-01
3.390673919134636338e-01
-1.108700947450291935e-01
2.476895480723873555e-01
-4.951462522752061446e-01
5.438529292703191409e-01
2.184998029475672746e-02
-3.185609210607267539e-01
-9.360342953290345935e-02
-3.659263868011227716e-01
-4.136621636006740932e-01
-2.354579428379059702e-01
-7.363409276308372498e-01
8.325776976214738223e-02
4.270891356515592596e-01
-5.660650834574629808e-01
1.273741664518090455e-01
1.884659810695536730e-01
-1.755183460654982652e-02
4.311176539082660630e-01
8.275087274393579939e-01
3.457941391880960946e-01
-5.135948533245079939e-02
-4.206773756586517088e-01
-9.910369355971536676e-01
1.347051676276697085e-01
3.410654622449144080e-01
-3.923352527905567544e-01
-1.316558595815178478e-01
-3.913902808568615055e-01
3.182346539688383213e-01
-2.065427046786600107e-01
3.838278156786676942e-01
5.750258344785464937e-01
4.265286462342640639e-01
5.653438574225125857e-01
6.253976266360589120e-01
8.085977601659810610e-01
5.426693681212652054e-02
-4.252218520514136624e-01
3.635953699472240785e-01
6.155825307282349890e-01
5.829193055213369723e-01
-2.414198785374331302e-01
2.047399061290463562e-01
2.777463798989025789e-02
-1.114854234571238806e-01
2.490261938788366214e-01
-1.825584736031089783e-01
-1.369039238346329013e-01
2.504517934249003153e-01
6.659279932590314033e-01
-2.996438332641988556e-01
7.453687632006694708e-02
3.980716416655594725e-01
-4.958161881528774240e-01
-6.417716076736965647e-01
-2.695434269864688259e-01
6.465032108285406753e-01
-5.497950732558904985e-01
-4.475767837424405871e-01
-1.404310095682768100e-01
4.288656836218004975e-01
1.627090062179388785e-01
3.551118194965124930e-01
-5.626892170212771660e-01
-2.451137030817512330e-01
-4.918100036453296742e-01
-4.441873863246905141e-01
2.618169733742058969e-01
2.857043008161614939e-01
-9.883078202294591497e-02
-2.588904511639465444e-01
4.246861140265267842e-01
-6.146797945509226979e-01
1.812470716944452886e-01
-6.980609406777079501e-03
4.384057412124846564e-01
1.025419277747856017e-01
4.500562501500350310e-01
1.058280709656877483e-01
-5.378578121649459920e-01
-2.068749542186966439e-02
-9.018602322739142085e-01
-3.305811316803710653e-01
-3.631993805972367206e-01
-5.520171519740176835e-01
-8.590436082936159234e-02
-1.918067047683890552e-02
-7.563361399856494138e-01
4.202586921971755984e-01
-3.484998071254890445e-02
3.588384904585168594e-02
4.091577235946858293e-01
-4.742528447136531433e-01
-4.983376669994836750e-01
-7.063002687442502259e-01
6.414707129738977942e-01
-3.064064409504641540e-01
-9.983245370922921857e-02
-6.392718131842531903e-01
1.579496421428961128e-01
-2.802193894479922953e-01
-6.074551417207408877e-01
-4.281282877927078401e-01
-3.156707702012496730e-01
7.233439452027445871e-02
5.372243426826072143e-01
3.016697127978095749e-01
-1.631434308798854205e-01
-3.733642909849885783e-01
3.709794512158366420e-01
6.766116130163754017e-01
-1.999717928361580133e-01
-6.860152997409550701e-02
-3.693263225681475692e-02
2.313420889018293070e-01
-1.096184410973111700e-01
2.414489527305426209e-01
3.612675375642468434e-01
1.752211342189065879e-01
4.781321604173052187e-01
3.228435191098034673e-01
6.837839085179909793e-01
-3.675704616869462926e-01
3.091745136607913502e-01
3.092050459890103298e-01
-6.930232175683663787e-01
-7.968068150276952366e-01
-5.699902906312094286e-01
-6.842131178175800965e-01
-1.961767785223300919e-01
-7.412438841733635098e-01
-1.139824349068492837e-01
7.048413068254170133e-01
-7.084663224913952118e-02
-8.920906103976258827e-02
-5.639315218300986476e-01
-6.913062200180097872e-01
-6.656150600009719254e-01
-3.253169829012270142e-01
-1.272720444947078589e-01
3.796770524121066970e-01
4.492517141389790192e-01
-4.513356019880835346e-01
-4.222930131301368961e-01
1.701358609501029684e-01
2.706457918112322725e-01
-2.647878149812504245e-01
-3.585630377451191064e-01
6.222689122445708154e-01
-4.109900057003789131e-01
-2.880890281582877410e-01
-2.985708568118115580e-01
1.509066997095256379e-01
-1.558253314706055381e-01
7.319775741043644812e-01
8.091636289711147401e-02
-6.693552877885724506e-01
-4.411231632424201798e-01
3.385699518242706874e-01
2.651682109185888314e-01
1.048753016162967677e-01
-2.828691725669075785e-01
8.411926096301075573e-01
-3.937665635615413828e-01
2.176680108032271743e-01
3.751924798802510064e-01
-3.189196981162826239e-01
-6.456661415510178692e-01
-2.347719182010678529e-01
-4.122772929078072357e-01
2.273660595493761337e-03
-3.495281565080047281e-01
-8.889518883159548690e-02
6.854929500369630890e-01
-6.765902845208478233e-02
-8.583267396642040720e-03
2.160536481308663603e-01
5.268757089653695047e-01
4.450594861326012674e-01
-3.777979539642163931e-01
-5.451240815694824438e-01
2.610826090369309793e-01
-5.078840002937045073e-01
-3.425734963201890193e-01
1.212428776542841535e-01
-8.050337777557824426e-01
7.018273802343828471e-01
2.034146437142351216e-01
-3.582450696170298987e-01
7.247422886043543289e-02
-5.904164448678859145e-01
6.663039053773023301e-01
5.534291463511449294e-01
-5.827281042570842118e-01
-2.234801119110432083e-02
8.748226433653104595e-01
-5.481457654385114148e-03
-4.566412333448449656e-01
-1.166619005148777574e-02
2.081744176092060472e-01
-1.588576077165841927e-01
-6.840266378402170000e-01
-4.468226218294517327e-02
-7.349410837844072564e-01
-6.198464285530124185e-01
2.963783610331335860e-01
2.341081734586240581e-01
-6.814476916740753731e-01
3.047829294983356863e-01
-4.489322867447421705e-01
1.059898785826130785e-01
4.452713738490501338e-01
-5.286427319172815747e-02
6.668631671935978389e-01
-1.779883699811963815e-01
4.374417956665875296e-01
2.282122319461530047e-01
-6.239445724781123026e-01
-1.271226942753609368e-01
7.059517272806149490e-01
1.803378653916535290e-01
-5.600403292448717929e-01
2.949060459229453368e-01
2.417399209081157740e-01
3.581997608054440230e-01
2.011762474461233630e-01
5.123334873331523154e-01
-2.294282271459153200e-01
-9.723373214567065936e-03
-7.882159435604267905e-01
3.468982193908314304e-01
-6.096918621302369612e-01
-2.831291905227046879e-01
6.691187738370589777e-01
-4.376468833308352346e-01
6.431824046966883035e-01
1.690964406753100724e-01
-1.517359920442708787e-01
-1.663644017475943704e-01
4.921529580833250983e-01
6.047515102966741218e-02
-8.438452010895576283e-01
-2.794634848643740566e-01
