-7.666681894426591315e-02
-3.592841596972031204e-01
-1.070472860586079988e-01
-2.489455390899961706e-01
-1.181053466459408563e-02
-5.617853793781879546e-02
-1.428386538598836464e-01
3.219658275463595509e-01
-1.726798328413430839e-01
5.587988284585657106e-02
1.007179385620949885e-01
-1.223978656112132690e-01
2.158657666025826927e-01
-4.768836668654831135e-01
5.843119742459302879e-01
-7.685498997775427332e-01
1.600138772875751569e-01
7.223564967851663354e-01
-5.902865794241764566e-03
-1.974150450097760245e-01
-2.248477213858557019e-02
-1.907506467961541108e-01
4.316264118678184158e-01
8.006140680893122363e-01
4.365037873696822057e-01
-5.128508834190769194e-01
-3.594746210816234661e-02
7.842138386803904071e-01
-3.727766190443525529e-01
4.245792159615340844e-01
1.826129958528662500e-01
-3.074795011927340949e-01
8.455089111323114137e-01
5.633309079762249816e-01
-5.744490622056208640e-01
4.894096741320240751e-01
8.352607665988733832e-01
9.385950194120107337e-01
-8.099644595524335688e-01
-7.307416345384153411e-01
1.000000000000000000e+00
5.455830232881447861e-01
-7.252083159584374883e-01
-1.251456166911153467e-01
3.962400759308010723e-01
-3.970799337896191994e-01
-7.444432044152732297e-01
7.325370884567459218e-01
-1.084163071330158656e-01
-2.437110299689853876e-01
-3.882914112449080135e-01
-8.570284311061956428e-01
3.384695837410345298e-01
-5.270123137445800188e-01
3.689753489078513304e-01
-6.931725736114595637e-01
-5.100252454146937398e-01
-5.050340830443181828e-01
-9.064350716458250412e-01
-4.711496660115811475e-01
-9.755640171157142770e-01
3.438634739957042719e-01
8.966433239483367901e-01
-1.126853912553922032e-01
4.389343898234744357e-01
-1.318841613137076638e-02
-4.287189021211409989e-01
9.140596288956220894e-03
-8.491699036085540442e-01
9.344788627344875476e-01
-3.277710840183685748e-01
1.601879042445895074e-01
-4.806632436463055269e-01
-1.968418913275645221e-01
8.036700026564868038e-01
-4.152441539013043137e-01
-3.205545348783901405e-01
-6.160540584905762618e-01
4.921705025742276751e-01
-4.964310033095793440e-01
4.514290754627593993e-01
-3.747200561616284564e-01
2.920688765223181660e-01
-6.660343541931545985e-01
7.271440096517506335e-02
-3.385335417092859012e-01
6.093311085332538957e-01
4.404616241791535214e-01
-9.230397813502695392e-01
6.752396880038195048e-01
1.000000000000000000e+00
-9.687895275706903675e-02
1.194847908559669158e-01
-8.553225209504541904e-02
-8.810570843864984347e-02
-2.419226138690198091e-01
-8.839461273355564419e-02
1.069600399158953004e-02
-6.159325587136329494e-01
3.107025438076313484e-02
-1.355260888368006456e-01
-4.182446581712627454e-02
-3.484065996643537222e-02
3.173179146431509556e-01
-2.191455711359134861e-01
-4.160673141456093793e-01
-3.158685932548676578e-01
4.381135840445055663e-01
-6.729226964607906147e-01
3.227056010716804479e-01
2.100096849666784060e-01
2.875395547729328594e-01
3.001139858002427330e-01
8.905987840182344462e-03
-6.062636646875997626e-02
-1.048397579432256144e-01
3.184458311408231990e-01
5.368704655233882961e-02
-4.539715677191969445e-01
9.973488234359770277e-03
-3.468394993600244502e-01
3.493775579774559270e-02
-1.083410696858327360e-01
1.308162029496385825e-01
2.784927093807640364e-01
4.262272007087901660e-01
5.523416471114450665e-01
3.500493821020274066e-01
-1.406269317303168384e-02
3.459966321294025149e-01
2.692802824151692767e-02
9.635417250836975089e-02
8.832325718924578795e-02
2.683866423995470152e-01
2.319535546061794462e-01
1.389717471049572162e-01
-1.211837524240446176e-02
1.766784182236381950e-01
-3.214106811873241876e-01
-3.593408827184204624e-01
-2.668254743836643850e-01
-4.764951714181850373e-02
3.064696224210090025e-01
1.554587941585313937e-01
-1.467193125153571677e-02
6.204687834750237385e-02
-6.908288763721963655e-01
1.560108247335696974e-01
-2.122340332054744594e-01
-2.749830645811041779e-02
-2.029066235766112947e-01
-1.326170105773531727e-02
1.620478966929855043e-03
-6.018671858008287079e-02
-9.865930217657323253e-02
-7.562184922689886568e-02
-1.266916009359005668e-01
-2.856417953645939423e-01
1.007152760056343466e-01
1.764136806849880279e-01
-1.645304075476838046e-01
-3.918771903587442429e-01
-6.515596064972527246e-02
3.183742554749017240e-01
5.046694842509715645e-03
-6.279020885414932085e-02
1.602673149291471977e-01
-2.809508383793911102e-01
-1.663270635022229792e-03
-2.287656689192543724e-01
2.302945884862145076e-01
-2.153525894696219078e-01
2.342212618002157409e-01
1.352045450883102573e-01
4.419042379922829417e-02
-4.767534144420373932e-02
-1.879591221846560467e-01
4.963106950511255722e-01
-1.800137466859177415e-01
5.759348325626671705e-02
3.000997538995812605e-02
2.288487383122368019e-02
-5.774422980019380813e-02
-1.453973156193226757e-01
-1.587984263965804554e-01
2.708858989733324285e-01
-7.999868098672170691e-02
8.496422064447235745e-02
-2.148119581561005187e-01
2.080215489640425963e-01
-9.573549142571648185e-02
5.679869501412769806e-01
2.584141170174801827e-01
2.460635265884627554e-01
-6.941708399123750969e-03
-1.403911030717608088e-01
3.935995747283524415e-01
6.230343479079500923e-01
-2.119568533856862613e-01
2.286609637243630089e-01
1.052907180296333914e-02
2.433333094807653973e-01
1.533507697000258824e-02
1.145413681972417830e-01
1.758216200820640340e-01
-8.122143778124872593e-02
5.310406595423899923e-01
1.595607377617984379e-02
-5.465196108526715335e-01
-8.108148638843618028e-02
-8.893187358471360549e-03
-1.412972204776950236e-01
-1.544527921982317975e-01
5.944782848243073126e-01
5.471088150859205745e-01
-4.406401904511641349e-02
6.447798887907409127e-02
-1.237059393564401838e-01
-6.813694062032577339e-03
-1.677099080289210786e-01
-7.378743120907532704e-02
1.541642165069605393e-02
1.607768096624172804e-01
9.050154259696642500e-02
-2.968589896951050466e-01
-8.290982290776401781e-03
3.812521100964477716e-02
1.552822091346105216e-01
-4.295240279977743381e-01
-3.108934623369760675e-01
5.929540548612408091e-02
1.648885635906097713e-01
-2.739302471523193394e-01
2.674335006677169280e-01
-4.022375436638964685e-01
5.483984772894653220e-02
-9.229393887962158982e-02
2.230328265536705157e-01
-6.413846014820917887e-03
-2.347117033225572594e-02
3.847446358660650545e-01
4.871061842093631911e-01
-3.056711577724118695e-02
3.373330671631386557e-01
2.108498107312739289e-01
-9.281613025305997244e-02
-3.777842197530755231e-01
-1.195289900004428696e-01
-5.832701356108616064e-01
-6.935404891387295656e-01
2.160041625000022614e-01
-2.375484548973730847e-01
-1.243264480559667096e-01
-1.597347158385937216e-01
1.355721212728729641e-01
-2.241683316490759581e-01
8.509340248234935622e-01
2.313502537141961524e-01
7.543012639466744051e-01
1.843907124924601959e-01
-4.033948249694914723e-01
-3.545919077913781692e-01
6.878264036997823183e-01
3.252081829216900144e-01
-3.740894722163012331e-01
