6.710371624999789120e-01
-3.199827176815542851e-01
-4.804643986883436191e-01
-2.552318190238170303e-01
3.493490739333317552e-01
1.258661847821374302e-01
1.172822971625585575e-01
-5.560287380436600424e-01
-3.316975968156460897e-01
8.576195576890648375e-01
-4.806744121412126480e-01
-1.078091509625196676e-01
-2.723292949331752588e-01
-6.637181998289702900e-01
2.201995555974414209e-01
5.472589232501453571e-01
4.942543134849903402e-02
-4.504306645393362230e-01
4.130119880024574197e-01
-9.175661450565367194e-02
-5.507135058704603070e-01
6.612487373682727210e-01
5.936767007933420048e-01
-7.324578921195085135e-01
3.554215716782228862e-02
-3.556272950435056951e-02
4.670321793731906923e-01
-3.340831115701227150e-01
9.194246319123661193e-01
-5.399087334673504657e-01
-2.847875386787945828e-01
3.365022901620312035e-01
-7.833968699605375896e-01
-2.847826361940954953e-01
8.724509571278158404e-01
5.679919071885972670e-01
7.184967695279143030e-01
6.507473808543102756e-01
2.200137820171877978e-01
-6.574336501300301894e-01
-4.026087441063719852e-01
-7.232786098037304878e-01
-7.970284899113974642e-02
5.410604498682284325e-01
2.457142408530912925e-02
-1.931739398311449196e-01
-5.402741143043687799e-01
-6.976621982109828535e-01
3.180155732574125316e-01
4.451508120547732483e-01
7.056814060560766544e-01
-3.023172427934450179e-01
7.427029918117477036e-01
6.569611459213105242e-02
-4.095267507421613828e-01
-3.933812011392458508e-01
-2.670316022713479787e-01
1.384732727086778192e-01
5.086959481400945560e-01
-2.926778762239548581e-01
-5.221413526164389030e-01
-7.723993178257207992e-01
-1.397431962561592744e-01
3.681399787802615009e-01
1.759651970651793518e-01
-4.592414479407140870e-01
-2.795701333721347659e-01
-4.258952861155102521e-01
4.904212986070013436e-01
-1.083640488781553446e-01
-1.640740005873324303e-01
-1.484052864184981224e-01
-5.509176047201991278e-01
3.147458598938534524e-01
-1.000299819284138636e-01
-7.842418937251188771e-02
-4.388336242043719415e-01
1.415866824170003979e-01
-2.390021721963887236e-01
-2.509272835699269399e-02
-1.476046623421558290e-01
-1.470056950960734604e-02
2.027298454475205958e-01
7.865964016468490749e-02
-1.357449490774148559e-01
8.079105321767110492e-02
3.702974590210104111e-01
1.924040839041255557e-01
-5.863655369507678183e-02
-1.061064146215132675e-01
-2.662608335377391611e-01
-4.265952134431096887e-01
1.908427574072743549e-01
-7.035330062777139792e-02
-3.086180867922486692e-01
5.136416190055779207e-01
-1.861544475748742600e-01
-2.167709430678924770e-02
3.897206119338532115e-01
-1.688475488459086626e-01
2.506248373671814411e-01
3.959717602268710834e-01
1.168959618576708437e-01
-9.337053691834978908e-02
-2.667949948068421007e-01
-5.439988433517692346e-02
-1.578837198544768006e-01
2.442723027008675829e-01
5.400780576871290206e-01
6.828550066677777086e-02
4.653401453268179999e-01
5.545812252631900086e-02
2.174583095993488646e-01
-3.711203077677273088e-01
3.661652900247401865e-01
-3.103816332648136611e-01
-8.410842887952009461e-02
9.457780614567916355e-02
7.497196457888338772e-02
-2.361193118398433599e-01
4.965609083677217650e-01
-1.053319050662926415e-02
1.114310031138975865e-01
3.890074728809461702e-02
4.388406299675692845e-02
-2.686254338811850939e-01
1.211901773105873575e-01
-9.551441751212488840e-02
4.720630126255994652e-01
1.604200864443567076e-01
-3.133983168699945587e-02
4.641659492761822103e-01
-2.047387351730938221e-01
-7.892155076921648638e-01
7.083723387900064949e-01
4.869456996404744609e-02
9.335453247707082847e-01
1.982458313630616753e-01
6.623600840145096313e-01
-7.185282000171930861e-01
-8.968064882167505747e-01
6.091780351426014928e-01
8.175052069047128445e-01
-8.187018213628207697e-01
2.874814701368402781e-01
-4.896626723255279590e-01
-9.741848151511303122e-01
-5.950605830513013839e-01
8.660914154309929947e-01
3.838520549367752110e-01
1.871645335311784841e-01
3.066122939726352858e-01
-3.039747342602175939e-01
4.449820868020273879e-01
2.189606448576237596e-01
-5.346856208778276720e-01
2.955151439116288081e-01
2.639559863545216656e-01
7.939047600826606987e-02
-2.263140213784188837e-01
-2.334669568115325111e-01
1.176212020148234144e-01
-5.747865807368882640e-01
4.017741375661301739e-01
2.825127175624614351e-02
-2.857685916058279596e-01
6.038858730525648033e-02
-3.163358796067310963e-01
-1.892360621753313432e-01
4.885477563502546583e-02
-4.759779756392482075e-01
3.418925753154009733e-02
-1.923289754131911333e-02
-3.016356251868516081e-01
3.369068502480190297e-01
5.397824983075133476e-02
1.335663354527922286e-01
-1.142202981048740795e-01
3.256425448903092074e-02
-3.526659403738441334e-01
-2.920742189252145682e-01
-6.853857684764014246e-02
-2.605774283498585864e-01
9.062906164717901558e-02
1.276553898252904828e-01
-4.248053875747764829e-02
1.834440724592861782e-01
-8.923663556408692465e-02
-5.867842128587960060e-01
-2.317212386794261503e-01
-3.602931990572981746e-01
-5.286463698376649978e-01
1.953539964647333371e-01
-1.683253885549465534e-01
3.140704212178622307e-02
3.947888530669346752e-01
3.146490389167514445e-01
3.102703274777525166e-01
2.589618770689043892e-01
-6.825877151958045785e-02
-1.707018232844517980e-01
6.473562903052906825e-02
-8.152064951932074255e-01
3.021156109631629172e-01
-3.054727626937071561e-01
-2.930983170872769605e-01
-6.042526733002072659e-01
1.456002685303171007e-01
1.751133278741092147e-01
-1.643782725334329009e-01
-8.479631758546494202e-01
-5.312227117566248324e-02
1.253125950167703895e-01
1.888300256799947396e-01
-3.591039881438165549e-01
-1.286764579091954630e-01
3.392752446735045613e-01
4.803804194895097690e-01
2.191629702585349282e-01
1.330493990896886025e-01
-3.033543474203785895e-01
-3.146603480150143017e-01
1.165626249321255123e-02
-1.211250984648399448e-01
3.984528594141504287e-01
4.991278841170189162e-01
-4.077718436291282722e-01
-4.554310708535656560e-01
-2.171211959020454274e-01
7.755505037564372484e-02
-4.313748056318171820e-01
2.338699971386677678e-01
-2.435161570785262519e-01
-5.223417664989186138e-01
-5.197289649572542913e-01
7.823817974964360211e-02
-8.462264795114624039e-02
-3.516667524928115268e-02
2.829821010612914578e-01
-3.515468533797533324e-01
-5.458753462976573961e-02
-3.641918542391713032e-02
-8.945535553140142315e-02
4.532275009030270474e-02
-7.583815707158839126e-03
-1.264323207894763046e-01
-5.075168983217406282e-01
-2.206575880341324347e-01
4.492348038734233009e-03
-2.047999456093042292e-01
-2.056461475639481395e-01
-4.915140451025256096e-01
4.472651631873368339e-01
-3.718173025965453293e-01
-7.151640102890356454e-01
4.118822313691810066e-01
8.256843938026639518e-02
-1.293866764433377614e-01
3.153236956863094687e-01
8.652789642433446338e-02
-5.538637062458798971e-02
-4.038094514842985316e-02
8.004501784831592470e-01
1.033202734857628646e-02
-1.962109970486456689e-01
