-3.624099618596287042e-01
-9.476863515635738366e-01
1.717641816139786337e-01
-1.115217847580487615e-01
-1.378390079734136409e-01
3.376135989042913788e-01
-7.425005916703627529e-01
6.414108390285702122e-01
5.156517681100099282e-02
-6.478965789669248743e-01
-2.774093749142175214e-01
-8.658040513702394136e-01
-8.907703088644615130e-01
5.871971945318844588e-01
8.207513987718220161e-01
-2.739420562084006194e-01
-2.480737541757672693e-01
-7.604462024383434882e-01
-4.775217472955998743e-01
-1.456155647454673574e-01
-4.042621729297711797e-01
-6.423866747788559151e-02
-8.717874061424824017e-02
-8.767122017480309948e-01
8.076326776633948601e-01
3.190432831176869821e-01
-3.934899679140319712e-02
-6.611127004760390946e-01
-8.261457473454951739e-01
2.679984548766808916e-01
4.429741726507674948e-01
6.363865979024196928e-01
-6.798700560477040078e-01
-4.684589742544228996e-02
-6.471810045921563836e-02
5.844440993937178863e-01
-4.668068736733954616e-01
2.683175936038474374e-01
-2.232348785078780429e-02
9.454601314700632475e-01
-6.504290738061102584e-01
1.802544037233778096e-01
5.456850988640936650e-01
4.791916721908640597e-01
-8.481056845673149436e-01
-7.614431568445623189e-01
-7.606348387386465681e-01
-5.241573046149292647e-01
-3.760093531506226716e-01
7.900246259999232912e-01
3.356619577106800811e-01
7.023235782888439527e-01
-1.244557715483859961e-01
7.454685158044942472e-01
1.276482877527141402e-01
2.369236062329158066e-01
-1.128247929332888283e-01
3.695912311604553913e-01
-9.830683961668439108e-03
-2.169106266054715848e-01
3.690482422142220553e-01
-7.511254910987699152e-01
-3.449260969098357221e-01
4.638580559940257975e-01
4.431669605244946686e-01
2.374375728883177661e-01
1.511744735934715256e-01
1.891020342448822555e-01
6.872584492049401694e-01
-1.918881693906299701e-01
-3.291937034151622421e-01
6.163045920376575282e-02
-4.225092985635306997e-01
6.541728955471353135e-01
6.353511098335370977e-02
6.959913970438291742e-01
1.526878215072198508e-03
2.904897078599462112e-01
5.697829661586377714e-01
-4.016211106831374389e-01
-9.245925264341303684e-02
2.700947763366997045e-01
-4.752375871232532023e-01
-5.792357569034320974e-01
-1.946211275974755739e-01
-5.858591167866427085e-01
5.033828325293503436e-01
-1.734644820860288539e-01
6.269133780241838982e-01
1.586841119679162082e-01
4.968862245284794144e-01
6.116157382271014686e-02
7.105969637777843628e-01
-7.569387884754854579e-01
-6.921114948713549264e-01
5.858456589791192215e-01
-5.351309687016816419e-01
6.853825312382516577e-01
-6.039840320716025612e-01
6.631065155803594902e-01
-4.418625377570798984e-01
8.936724101867017378e-01
7.549812643336488716e-01
8.919243318844342905e-02
7.304289887445056806e-01
-4.572357890041934270e-01
8.365181696946694112e-01
-7.715885233148584987e-01
1.820612049775383046e-01
-1.000000000000000000e+00
-4.383313322495721587e-01
2.372218581581401198e-01
1.755678395285603932e-01
-1.520051399333869346e-01
2.741333322056909716e-01
4.917387353443584685e-01
-4.893530399572971756e-01
-1.000000000000000000e+00
-2.293735938926207973e-01
2.926081258105053262e-01
1.809440714692844843e-02
3.284367221360166844e-02
1.301849591241226733e-01
-6.369478587681465243e-01
7.452856215901393355e-01
-7.728837097958616287e-01
6.613319228106485648e-01
1.810534817519111328e-01
1.006758056513500366e-01
1.691048032583761795e-01
-1.023284033387670267e-01
4.754540097404608145e-01
6.897932489906396514e-01
8.834191149583321412e-01
8.421199899676904410e-01
-4.166750946780962694e-01
5.619996412882891645e-01
3.598142707337311785e-01
6.395795079957083962e-01
-4.899796819124223601e-01
6.970373594551455554e-01
3.277365095317776311e-01
9.136530403198301897e-01
4.548405971612976550e-01
4.520031570939195831e-01
6.816385542349918947e-02
2.284559975705545420e-01
6.212426721410164721e-01
-8.328441737516134591e-02
6.308608301556275499e-01
1.857012442251694539e-01
2.467671439141857492e-01
6.837539966233137090e-01
-5.784093891137693788e-01
-1.000000000000000000e+00
5.781327002476188692e-01
-5.612105953646582268e-01
-3.322026672022568294e-01
-8.737854713835940812e-01
6.356401050535298580e-01
1.832342129305424283e-01
8.967657974396395781e-01
1.518521547320814125e-01
1.904470820991662761e-01
-6.218317371040612551e-01
-5.511209250382101965e-01
-2.645339845363914311e-01
-5.920923240416894329e-01
3.176836913082962122e-01
6.499434028111054917e-02
-4.995286325744642264e-01
-4.233918465634574080e-01
-2.426216441875481133e-01
-1.713662571751083108e-01
-9.115286338191546101e-01
-6.622241176262312345e-01
-6.137122250684405866e-01
-4.469287328164460726e-01
-1.000000000000000000e+00
9.500364841420295692e-01
7.908988609125320313e-01
4.864935882607526185e-01
-4.083968091075647067e-01
-7.034880637463190034e-01
7.985026357333425695e-01
2.554269401873803663e-02
8.059364465956553314e-01
-8.491237020103088451e-01
-5.323209600686957810e-01
8.074477084610092170e-01
1.000000000000000000e+00
8.566022250157141471e-01
-8.868222754810871633e-01
6.020396605329720874e-01
8.317805096803501108e-01
-3.338927013844819602e-01
-2.966146096569647339e-01
4.182340637072534673e-01
-1.621040390579192025e-01
-5.361557553671988385e-01
-5.449000715842732684e-02
6.970106845148585917e-01
-4.179398318555207492e-01
6.958505083163143423e-01
-7.050299289933623648e-01
-8.072234670508660059e-01
-1.503885548805508968e-02
-7.678810263230003708e-01
1.635915440246354935e-03
-7.541531413256286065e-01
-6.257470052460583076e-01
-4.938205071879407937e-01
8.417064935377628343e-01
1.000000000000000000e+00
-1.033459439209489239e-01
-3.406166525429729641e-01
-3.117104676408083974e-01
-6.280601374113434221e-02
2.574060579231431944e-01
5.755540328688830698e-01
-8.516166542810220674e-01
-7.745872609476827098e-01
-9.861523128661120463e-01
7.080896718383105082e-01
8.462481563097539183e-01
-8.800766432738795775e-01
1.407411386172745804e-01
-4.599125625502231141e-01
-1.931874061409824817e-01
-1.428800938014070099e-01
5.269649230231108206e-01
8.880575894863886877e-01
8.330173536536742418e-01
4.532112557205408843e-01
7.978028872841697039e-01
1.000000000000000000e+00
9.717917831998510447e-01
-1.193443253079494032e-01
-5.217241242323309436e-01
9.854603418495910816e-01
-3.794473275592425421e-01
-9.949059643488479265e-01
-4.488409512473520713e-01
-2.008509206055807961e-01
-5.366618106728457960e-01
-7.117543937835187906e-01
7.635954479798416905e-01
6.800267618424267191e-01
-5.530198840054296738e-01
3.695670058347851894e-01
-8.210390249754750958e-01
-6.619245803366766712e-01
8.902768387199265776e-01
-8.668183293129083644e-02
-5.302285908745989484e-01
-7.020884529506261629e-01
1.502271836268541660e-01
-6.156093531363354687e-01
-5.700892859042561156e-01
4.128307255147243282e-01
-6.936879137216020452e-02
6.195178076424551206e-01
1.446392765537798664e-01
9.322080382814168509e-01
-4.009751280150504194e-01
