2.723441900238351421e-01
4.262524099763714824e-01
-2.116559524468411002e-01
9.106473239462498093e-02
-5.725010517658723347e-02
-2.672949606495368391e-01
5.950909609216641361e-01
5.496282393787872422e-01
7.403157287635426798e-01
4.944170367721040932e-02
-4.247987433679326075e-01
-5.308571194568965090e-01
-4.980896580620656766e-01
-6.630487886681726284e-01
-9.922729337105129499e-02
2.472130875245854564e-01
-5.430774043538558749e-01
3.605255308254413649e-01
-5.075160033893524325e-01
9.278919509597687021e-02
5.786156632404120259e-01
2.826651355673322485e-01
-2.237391700548883033e-01
-8.225882825043265290e-02
-2.542374947308759237e-01
-7.850186333664321836e-01
2.515116942471464778e-01
6.748137941162702935e-01
-3.628208793770141827e-01
1.356555561221229611e-01
2.034931256777983422e-01
7.531165508188804036e-01
-6.520238021646831972e-02
5.103624229710705951e-01
-6.141549415360847419e-01
-6.627177187984341078e-01
3.022853779778840178e-01
-2.578243143110129365e-01
-1.108645929470684494e-01
9.610700655338413889e-02
3.363167253433249626e-01
-9.100671778645788579e-02
-8.416576003453287713e-01
3.662657743173320934e-01
6.055113475194520145e-01
3.172299070013467892e-01
-1.984343543729680248e-01
8.975121405218106085e-02
-5.595055850442037793e-01
-3.984523917541750171e-01
1.509366200335603703e-01
6.472259722504640767e-01
8.401184985895497614e-02
-5.746777946425370986e-01
-1.038794469872079684e-01
-6.158471982319753124e-01
7.065591115508178532e-01
-6.739085562517896921e-01
-4.138180948028525319e-01
-1.480743484575165470e-01
-2.476084370252356615e-01
-4.585039099107183214e-01
-7.762217443765802305e-02
1.808030495882732014e-01
4.610255976145946621e-02
4.782263439938690408e-01
-2.304915414472983870e-01
7.471140808962070667e-02
-6.637618242000610236e-01
-5.263457814420927638e-01
5.448846916644257687e-01
-4.438309888547649629e-01
5.121345376753829726e-01
6.504275144707329925e-01
4.076235840626858398e-01
-5.246343417946326415e-01
1.745586556097321607e-01
-5.597801954688088610e-01
-8.564651348764401595e-02
-6.435197452238046179e-01
1.156714063978949436e-01
-4.202080448057697870e-01
3.793322529968898849e-01
7.195535713266820732e-01
3.195456369904051130e-02
-1.021356470065113708e-01
-1.700955950235155667e-01
-8.247738368336456904e-01
-5.807539652463235003e-01
-2.892613115978126537e-01
1.275144776940255464e-01
1.834356065153103232e-01
-6.658451808065812827e-01
4.454350520390438356e-02
1.448944897888811145e-01
-4.609730427794266339e-01
1.346530082421840691e-01
7.739235031205720095e-01
-6.375895371410158496e-01
-7.869129562245041898e-01
-1.223931134306743967e-01
-5.596167808630041207e-02
9.306261554678008086e-03
-5.911212164361939747e-01
-7.253375564531561182e-02
5.093660282486736079e-01
-4.205609191954511050e-02
1.833452093135761740e-01
-1.030880516967442595e-01
-1.199016560204487075e-01
4.216478632041511521e-01
-4.542167925732915057e-01
-1.485035664261417643e-01
-2.211808422433600707e-01
-5.708934486082991588e-01
-6.421875912949862597e-01
-5.563926194313164597e-01
-4.359148155828741489e-01
-1.205234711291858773e-01
-1.651851309865472878e-03
5.539440890207356638e-01
1.665964174743075552e-02
6.854511911503402555e-01
6.558533489301736352e-02
2.425217168963990366e-01
2.175721517180779219e-01
-1.295839179996702006e-01
1.713847283783939135e-01
-2.458744592855627575e-01
-3.862173348919516469e-01
2.491097349412438322e-01
-3.885713887070970651e-01
2.453499672607993287e-01
-4.096444218772649637e-01
-6.051858182649452744e-02
-6.191551196700655346e-01
5.358531339857890430e-01
6.700734236008143441e-01
2.028505232839199479e-01
-2.813348100534448504e-01
-3.075066040641985868e-03
4.807235513832470719e-01
-1.840196521501867299e-01
-4.602479622024114869e-01
6.946734161206353786e-01
-5.091861152012685382e-02
-6.502902158885176531e-01
5.713870280505586319e-01
2.445197070048244770e-01
-1.769876668812830067e-01
-8.361131788437517476e-02
-3.232340469308288555e-01
2.882012830189636388e-01
2.595835815085502651e-01
1.131276676424774197e-01
-5.491173319319568868e-01
-6.503243878705818881e-01
-5.860480224068728011e-02
-3.842817914605933249e-01
-2.613546658476157969e-01
-3.324902021555311005e-01
-4.719229952647694404e-01
3.369645755638666085e-01
2.652775815661018166e-01
-1.022723102204757956e-01
5.326005572216108153e-01
-6.578536866483177814e-01
1.945798738523893678e-01
6.986149971738816467e-01
3.636652937590155177e-01
-6.324578599365596743e-01
7.062490203882934026e-01
3.657852858603920509e-01
-1.573741335679404996e-01
1.622389275769059447e-01
-7.135700512378985172e-01
-1.339337398436104554e-01
3.288235893682545097e-01
-1.578683726458932068e-02
3.983458613135528181e-01
-2.489498616191113123e-02
-4.760097428167292533e-01
3.051000314790960344e-01
-1.166744918310938656e-01
-2.189359208236816012e-01
8.915830963337177950e-01
-4.564476127956238471e-01
3.229561494228770924e-01
-6.218241629545807614e-01
-5.819559161218758048e-01
-3.779798107316634237e-01
-4.232624581875328862e-01
-5.981310313823566815e-01
3.967365973055025363e-01
4.227771019307458022e-01
1.061267186377869709e-01
-6.669442983148528015e-01
-5.088962692108296437e-01
-6.371331579003690626e-01
2.520859858537862208e-01
-5.523107471789181488e-01
2.160402966231328437e-01
3.920151965491915913e-01
-2.625371935764225229e-01
7.630561375597905149e-01
-5.538102912370168607e-01
7.195105631429353499e-02
2.924740169873469298e-01
3.150127042619944584e-01
3.376143854462867466e-01
-8.814401447247813270e-02
2.705797690858676163e-01
-4.891517022851454843e-01
6.667118277613323096e-01
1.063849138610506173e-01
-1.920420891902049620e-01
-3.151486707523840636e-01
-1.390100478091045588e-01
-7.125518533535767363e-01
-4.512481126414322752e-01
5.245619500068865459e-02
-6.698126724709061453e-01
-1.531182181329655556e-01
3.873893642615803268e-01
-4.755162821726118816e-01
-3.743184721165246920e-01
-1.200455648468669312e-01
2.269151243433481513e-01
7.353550575798438738e-01
3.081860688829590744e-01
-4.937271539958832389e-01
-3.852161077278664081e-01
2.177001599425137102e-01
-5.741797138153680313e-01
9.290486092021088549e-02
5.309788161501551862e-01
6.878409988041238599e-01
7.569833107078510759e-01
-2.000117134252511475e-01
5.436641881735533310e-01
3.231023651738297309e-01
-3.991815495909099842e-02
8.482222363558737932e-01
3.334437120433690893e-01
1.430151735156347526e-01
-5.456684792993171662e-01
4.212883083595592715e-01
7.308085005171012227e-01
4.470777029417497550e-01
8.283924201558705291e-02
-2.334359984144698807e-01
3.789359296626805540e-02
-2.679826735527859327e-01
1.684764122020772359e-01
6.705816138905117407e-01
4.351548325003589124e-01
-5.497494289979718562e-01
-2.283135591095288852e-01
-3.291840380432954349e-01
1.751837550373450680e-01
9.398676635287075976e-02
-2.448095605017001075e-01
5.920575515757519058e-01
-2.524850924987165346e-01
6.262738420078330925e-01
