1.000000000000000000e+00
1.684760061253155472e-01
5.892850453564871943e-02
-2.873779119005792637e-02
2.495712247031246778e-01
-3.072713655422513179e-01
3.026991250320178461e-01
-5.350163255988819033e-01
1.106476917505772178e-01
4.833561067471719430e-01
4.383274914443635040e-01
2.149204610829744122e-01
-1.393160047585017824e-01
1.277454562934071669e-01
-1.422986041610782293e-01
-1.701996188614641747e-01
-1.155061008593760187e-02
-3.620441510726518097e-01
-3.292949636545937642e-01
1.355714774270267153e-01
3.662262316903071302e-02
-9.106173027867466019e-02
5.025263409292760747e-02
4.986052645735651878e-01
1.676949911617997280e-01
-3.305726779074690258e-01
-1.065773539465614539e-01
-4.050842364453449140e-01
1.567674753118674935e-01
1.723947904298590850e-01
9.567003866626240527e-02
-4.251713363753543695e-01
-1.483201360349193643e-01
3.652992240161210269e-01
-3.762679965056607567e-02
3.239162564301562020e-01
8.123378220609762945e-02
8.882109799325790811e-02
-1.303375674752715874e-02
-2.346961452769879553e-01
-3.887027499876133940e-01
2.818763506683302777e-02
-3.222928709530579749e-01
2.412936394827287501e-01
7.125142293939370347e-03
-4.113513995638833354e-01
-2.322784795954094261e-01
-1.510359936977991868e-01
-1.644962643928490065e-01
2.593154586963773434e-01
1.407418631531611730e-01
1.899493785759716613e-01
-9.368559722935904110e-03
-2.125665572240601486e-01
-2.516064006581921753e-01
3.203893314051732555e-02
-2.960991373977933105e-01
-7.910887126634195965e-02
-5.775460240421161767e-02
5.560278277122904234e-02
2.127435583374934769e-01
2.127472573797703145e-02
-1.797787848501872787e-01
-2.332529674934696873e-02
3.051679708301723304e-01
3.454288689651476840e-01
-4.281935539255477541e-01
-4.069288515167108211e-01
5.916243918161023796e-01
2.086112770799050317e-02
7.838808228578144632e-01
-2.351247658977121194e-02
3.007721201960273372e-01
-3.100280366521944095e-02
-8.997610952083701097e-02
2.332451899237387716e-01
3.307976309398670822e-01
3.191312950928779091e-01
-2.804466472914249886e-01
1.982131310297472471e-01
-4.683664085847560887e-02
-4.254346470511290446e-01
1.703264949724893895e-01
-2.204428151118090762e-01
-2.539394103354641330e-01
-2.454631274200753666e-01
-6.693233722430598220e-01
-4.811647054309837190e-01
-2.787870457318857853e-01
-1.003686372581907155e-01
2.018570354921497001e-01
1.178767852859241294e-01
1.130843604717142459e-01
2.882150050694321508e-01
1.051244721848493685e-01
2.070282614013722877e-02
-1.607903075562271411e-01
1.713250522852974300e-01
-2.083569062674928835e-02
-6.631150031495647301e-02
-7.246526116146706498e-01
-3.593444074157082363e-02
3.268689379708353826e-01
-2.092688224762875859e-02
-1.834525707978173770e-01
-4.500950956762613253e-01
-2.062176009637674556e-01
-1.000000000000000000e+00
8.278099209771910827e-02
-4.703336221424755381e-01
8.180601574444634760e-02
-2.607497615139198754e-01
1.462997006977476144e-01
4.062555346235407483e-01
-5.000697229369306385e-01
-6.416614948069481184e-01
-3.076358112847216164e-02
-3.590351536273877486e-01
-2.373378453470823546e-01
5.658226211276879969e-01
5.848982471507346848e-02
-1.560158995781935065e-01
1.792301902212131981e-01
-1.011485259673427714e-02
8.125708021950808768e-02
1.024289401007269229e-01
1.376524564024442926e-02
5.197652382764206269e-01
6.298720134227583367e-01
5.515338657151684920e-01
-1.082442628076033253e-01
-2.358815137052167749e-02
-3.267250770518222436e-01
9.548082273925989627e-02
4.268818560774628734e-01
2.632121657212377897e-01
1.812960285354851542e-01
7.185921493150110306e-02
-2.332546870367508407e-01
-4.151736888191998043e-02
-2.160787324059281478e-01
1.693025459678159650e-01
3.116152535344757779e-01
-1.297355173486606228e-01
4.687298257135146251e-01
-1.702887013996807752e-01
-6.189820531093086914e-02
-1.585211770911194862e-02
2.365750145387295889e-01
-2.486956520683108462e-01
2.119528724075669390e-01
2.305662601965914049e-01
2.633185478166054083e-01
-4.300975703215358381e-01
8.091265230976661671e-04
-3.599392186386335402e-01
3.619649279255346408e-02
1.652283700199408956e-01
1.949777571433347623e-01
-7.491748294862160540e-02
-6.553693045079821144e-02
1.109756078792825257e-01
-1.256366637694600330e-01
-2.841078533151843999e-01
2.036392821676669684e-01
3.352248084871435607e-02
-2.339278642827121724e-01
1.458816714406907245e-01
1.005111259179397865e-01
-3.215546908710132379e-01
-3.044345929800464923e-01
3.127024450693887125e-01
-4.409356307921773188e-02
7.308750339593050871e-02
2.433340123028044089e-01
2.705867602869015121e-02
5.156011040349368635e-01
3.554722786385993705e-01
1.160289346343442024e-01
-2.102866912708696856e-01
1.469502012123252710e-01
-5.277934674532155368e-01
6.287985132160552881e-01
-1.388515816435624550e-01
-2.733450285133169344e-01
1.556095950059599720e-01
-7.481055553456100737e-02
7.626211262375529043e-02
-5.837073065791703597e-03
1.577265988786120676e-01
8.786551882193738283e-02
1.108625762748448318e-01
-2.460060424635532317e-01
7.476938308374941888e-02
-2.441452408978090627e-01
-8.982980932372222616e-02
3.330400350784191166e-01
-5.395919438407613400e-02
-2.965443300137502458e-01
8.676394341162005364e-02
5.306017892451884155e-01
-1.127610503990678914e-01
2.790599089560800716e-01
3.080089867848834762e-01
-2.212366884301153469e-03
5.064170900266984354e-01
-6.449320114850637387e-02
5.308917425625387515e-02
-4.667757005332719838e-02
4.541072924645666031e-01
-2.322288931626915465e-01
2.348592657415115026e-01
2.300324250587006125e-01
5.092958246560537194e-01
4.443228309676965360e-01
-9.973865845193499724e-02
7.437151626415092198e-02
2.634689299324882716e-01
2.441208858322158615e-01
-6.538862251308411033e-02
-8.862931941290562721e-01
-4.879086156306964434e-02
1.207203986979910881e-01
2.180347649577036029e-01
-3.107341631545001426e-01
1.345823243122176993e-01
-2.275447359324519747e-01
1.456785174107189107e-01
-1.196019818514507532e-01
2.897814710980019526e-01
1.305649702552368618e-01
-2.277159331720979007e-01
3.922851865340781785e-02
7.038674381761091947e-01
7.817244302313902660e-02
-1.040239123754989892e-01
-2.799874916601814423e-01
-1.671127140495152763e-01
-4.342250238047652422e-01
-1.792568092316309050e-02
-4.663724185701751540e-02
3.850288226121602597e-01
2.172793854843214079e-01
2.453229091183469213e-01
-2.832943438570137973e-01
-2.251580920358315641e-01
-3.021362043894250671e-01
1.668673478386754061e-01
3.139705914744407855e-01
5.690918949516635683e-01
-7.089609732436115141e-01
-4.090061484764053734e-01
1.396413778944383122e-01
-2.651644139478377959e-01
3.449646638956663236e-01
-2.274469601680101372e-01
4.467803607647993780e-03
3.758653823729381227e-02
-1.083945264683382759e-01
1.883552066032131711e-01
4.382225903296259328e-02
4.365602279132811958e-01
-8.068086480548607164e-02
-3.141422349460076813e-02
1.459519759033237052e-01
