8.707735578468348558e-01
-1.275317182816009531e-01
1.200912275672092328e-01
-2.446169591023813206e-01
1.959100613258258905e-01
-2.986503912860109522e-01
3.007717053093977300e-01
-5.856282754751528374e-01
1.562959858687670844e-01
6.018141314166776112e-01
4.696447047106884209e-01
2.464339985666688659e-01
-3.981463534283753714e-03
1.249958315139249460e-01
-2.745895673545093452e-01
-2.501303090419529362e-01
-1.766867126273706165e-02
-3.106397064256083973e-01
-3.446524456306636619e-01
1.517155944767785147e-01
8.164049602659453897e-02
-1.932940998687309453e-01
2.158910950598718348e-01
4.902051586498357705e-01
1.165072800609172066e-01
-6.827796975221974707e-01
-8.569938555973449779e-02
-5.325835382633197224e-01
-5.009910530869490786e-02
3.522068946726769068e-01
-8.316260327557276066e-02
-2.701215682926383366e-01
9.729253254275221918e-02
2.748521015001456624e-01
1.978659903958287503e-01
5.653029930198818498e-01
7.580040962791534387e-02
5.394146922964230262e-01
-3.183694403406907569e-01
-1.801969060022473312e-01
-4.500303851476168404e-01
1.286056947999973665e-01
-1.705320554730369031e-01
1.977968465672919618e-01
1.470477562174403730e-01
-4.409944589622454836e-01
-1.519052597313408082e-01
-4.142423340964664358e-01
-1.222345593464752717e-01
4.465011012903452592e-02
3.251613994816660025e-01
1.949365387052093557e-01
1.723546339531122629e-01
-2.131934581423080843e-01
-2.432167773494567642e-01
6.927068311318181071e-02
-3.693570590311979207e-01
-7.716125379537876194e-02
-1.336151839002376329e-01
3.828929586131087082e-02
2.876394755095569855e-01
-7.610531868497433239e-02
-2.270043883206349089e-01
1.448411949422898637e-01
3.138483393770254426e-01
3.738435276586073441e-01
-1.974264478244465437e-01
-5.033195846583402577e-01
4.750925089047290384e-01
-8.892824702228296907e-03
8.366157494188865007e-01
2.544037394727610701e-02
3.483016479428460710e-01
-4.618858716081991611e-02
-1.274397673162442624e-01
2.884815886421874254e-01
3.254648755457819620e-01
3.607194346170777277e-01
-2.425740868555701368e-01
2.164978759443951795e-01
-8.590753566955879050e-02
-4.915986664115781224e-01
1.610118963267623826e-01
-7.982552676485209220e-02
-3.132377162139872162e-01
-2.896565720617083617e-01
-4.522626524323514197e-01
-4.853897838996508729e-01
-2.231527132990953066e-01
-3.065042550914026664e-02
2.173370557378376255e-01
1.489970339859222614e-01
1.707255580485929070e-01
3.248206786762615761e-01
1.876136994512365430e-01
6.034631791208447393e-02
-1.472030613654699283e-01
1.818932058624216086e-01
-1.464311577317911270e-02
-3.999748173286567232e-02
-7.137907165364012485e-01
-1.846445885011629706e-01
2.832398027461133783e-01
-3.153849508090322828e-02
-1.928122825438042809e-01
-4.109202066760146987e-01
-2.718993494399367661e-01
-1.000000000000000000e+00
3.139903696014441359e-02
-4.975468472559985145e-01
-3.429484063023002793e-01
-1.947714553657038938e-01
1.523896290433302547e-01
4.201334798559771544e-01
-2.041524078211188198e-01
-1.286840257072711657e-01
-1.617021118651288114e-01
-3.655230305971121640e-01
-1.026448522013912595e-01
4.089223639544096178e-01
3.775981478290356408e-03
-1.089844005173356695e-01
1.938568440867798059e-01
2.275948650357075692e-02
7.188701115235857086e-02
2.681438859233487015e-02
3.733892683311019339e-02
4.260528298278546400e-01
6.412686650805169419e-01
5.989035807170233205e-01
-1.061928831130324186e-01
5.174836823317600226e-03
-2.687782475014226513e-01
2.179922696407020355e-01
1.783616337240056526e-01
3.420250171376841841e-01
4.976707349453518003e-01
-6.273565318945706348e-02
-2.880635653156646270e-01
-5.347026442520461803e-02
-2.180373690593502278e-01
2.314299542436903945e-01
3.628412229936901490e-01
-9.304619055589927190e-02
4.740606173876056872e-01
-4.206089566400170177e-02
1.197803544162152553e-02
3.677384286169367578e-02
2.763235762913341387e-01
-3.196507693445730380e-01
2.911239831058084482e-01
1.181414578627913714e-01
1.201356067019928586e-01
-6.024255507047185931e-01
-8.954569014406013605e-02
-3.415794885384346724e-01
3.595446627202124323e-02
-6.724458096554014608e-02
1.861203503061280295e-01
-3.700623481703087941e-02
-3.976735694974990742e-02
1.985304196312653313e-01
-1.782408737056706549e-01
-3.459923273752442130e-01
2.378959758238565758e-01
6.788682861970730953e-02
-2.269154738567663032e-01
-1.473707830587885903e-01
5.360329220601117023e-02
-3.700872536662793144e-01
-5.197517657968664384e-02
3.274256067091775857e-01
1.695250304699236210e-02
8.532035062002105152e-02
2.631206956764806648e-01
6.809268103493393287e-02
1.880945301892206767e-01
2.797782539958145187e-01
2.847863398090948184e-02
-1.407658376809534650e-01
6.663002658389391430e-02
-6.230964821847884139e-01
1.062696185576642721e-01
-7.848265873929372027e-02
-1.520668511678064938e-01
1.918369030766804428e-01
4.013766712576188334e-01
4.974772713216812914e-02
-2.774306757075273300e-02
-1.605428316502661712e-01
-1.310467798580869925e-01
1.649810110106640082e-01
-2.022861566391857546e-01
-2.114751766165283986e-01
-3.258088977078577031e-01
-1.370908508636128342e-01
1.777971825944222872e-01
-2.394922134372505160e-03
-2.945144330481309636e-01
1.079042661009535498e-01
6.151427429769801281e-01
-1.309998573622357387e-01
2.564135089778482590e-01
2.632740170501572941e-01
4.281734346988698148e-01
4.885320096279092139e-01
-5.958849254131257100e-02
7.620073302637329904e-02
-9.756704503975677234e-02
1.441595178403791977e-01
-2.477720714685932857e-01
1.809965119369186248e-01
1.153036832616950447e-01
5.851434742976839576e-02
4.576325317429262851e-01
-1.501997645738418000e-02
-1.229142178315007355e-01
2.894768728959744020e-01
3.143409006399838779e-01
-6.336099727690569505e-02
-1.000000000000000000e+00
-4.365713660505983473e-02
1.510083191280822967e-01
2.667393978724730275e-01
-2.318480106351402115e-01
1.740640926469435579e-01
-3.639257771896397542e-01
7.665427669540712807e-02
-1.395094930452471793e-01
2.933995628081678131e-01
1.086879882034390010e-01
-2.378651194015059533e-01
5.118739389546679563e-02
7.366206640832274610e-01
1.224294341803372488e-01
-1.379506153235130483e-01
-1.588871772736490107e-01
-1.275240192995638344e-01
-4.101899473182230027e-01
-7.754159460327106346e-02
-1.044907473767865969e-01
4.681619427648052723e-01
-8.005205412593255354e-02
2.463154566684638280e-01
-3.932771756974806632e-01
-1.966577342507401238e-01
-2.829627122377084691e-01
1.019202375032513819e-01
5.578006085843203454e-01
7.215381433593821559e-01
-2.826767245953071273e-01
-5.280648491387178733e-01
2.504874516886705926e-01
-3.320661409275006970e-01
3.099235646049504078e-01
-4.919481797177109317e-01
1.256439515875917567e-01
-3.136870130917082666e-05
-3.936179460737150859e-01
3.501438936250888534e-01
1.815639988816486750e-01
6.836857902903702433e-01
-1.585733079099172493e-01
1.635442841144637283e-01
8.718566624848483881e-02
