1.328670172017235862e-01
7.543637065820052445e-01
-5.444107335618821875e-01
2.935325416834083656e-01
-1.128884134890220242e-01
-3.361073246437582540e-01
4.147084293469613936e-01
5.486303956015157191e-01
6.771876173644522101e-01
1.904718970300085523e-01
-4.628931000591075540e-01
-5.255327827364695281e-01
-4.831133274523347620e-01
-5.657463206274360168e-01
-6.224161757003227741e-02
2.674573610356342224e-01
-8.409680953299389916e-01
3.729165006152271866e-01
-1.200408244575459915e-01
3.955868552477688760e-01
4.405200463052131310e-01
3.476174261318520364e-01
1.303920368379492267e-01
-5.661150454364632933e-02
-2.496732563009566586e-01
-1.000000000000000000e+00
2.553857637529308722e-01
5.884339176814989969e-01
-4.191757452311288823e-01
9.159204359987485611e-02
1.392373435369105017e-01
7.529263300223238975e-01
-3.244335937171862194e-01
5.144116245770598006e-01
-5.260029712521452350e-01
-7.364809752490723005e-01
6.743814278235624737e-01
-2.040373449269871353e-01
-1.141265634902525750e-01
4.645940016692244601e-02
1.053455253523019053e-01
-4.773759498741283469e-01
-8.578467778532501420e-01
2.227809301161803313e-01
3.563097964192101230e-01
3.514522329952074475e-01
-1.551155699673661403e-01
-2.970656988599659210e-01
-6.077349050656407625e-01
-1.044896479471130735e-01
5.477214088604248632e-02
1.000000000000000000e+00
9.745723401761607896e-02
-6.317339572662155067e-01
1.219047006082195073e-01
-8.434668452461026034e-01
4.493570522416505120e-01
-6.208741808604851808e-01
-3.895909943037188516e-01
2.811322529266365722e-01
-2.335369754421004473e-02
-4.549936777438657320e-01
-2.254600987741888773e-01
1.086779919157261770e-01
3.901649466623484108e-01
4.588656557171530426e-01
-4.157091256782122768e-01
3.748870833620089604e-02
-7.082457133791502102e-01
-5.022026440252216339e-01
1.000000000000000000e+00
-4.226065358714388154e-01
3.423624396153746585e-01
7.712212580282481467e-01
4.660877714048006215e-01
-6.447652071404887941e-01
5.007676329948704819e-01
-3.837365492408781331e-01
-5.684289715940756688e-03
-4.939091481999327016e-01
3.774424531126944760e-01
-2.273519692763732725e-01
2.220645075242137778e-01
7.227767653495417166e-01
6.471063088859824175e-02
3.029033746089920820e-02
-1.559296024685862536e-01
-7.414856321084681845e-01
-4.558370384734606318e-01
-6.740413556594024858e-01
1.599345217449107404e-01
4.562319930194895790e-01
-1.678282251239641143e-01
-7.313778044386041177e-01
1.143047445313384244e-02
-4.578821814288764891e-01
3.650784896284864356e-02
5.132283215358942607e-01
-1.172371552118998961e-01
-7.647940650500419935e-01
-4.994240048876993215e-02
2.155499627454096068e-01
3.106961045880921590e-01
-6.714893717830932029e-01
-6.908424609059427013e-02
6.335380892606005121e-01
1.357655012744818923e-01
3.014940517656166663e-01
1.887662035498935409e-01
-2.104029217451678924e-01
5.554126209445285900e-01
-4.132156314391726704e-01
-3.702667307994259582e-01
-3.474565671309627346e-01
-6.362395243338350159e-01
-6.493262148415226420e-01
7.715130669409420161e-02
1.502027553192453180e-02
-1.723425192994030297e-01
2.988006426769265200e-01
5.795442393575139794e-01
6.204284770245149794e-03
5.904329410704735048e-01
3.719856521409341255e-02
2.245740864550504479e-01
3.725102859028058822e-01
-7.237031780512530321e-02
1.361568443096175252e-01
-4.256580548348633530e-01
-2.456704050815242679e-01
3.048526995394047479e-01
-2.478641997414841314e-01
2.200519406888889751e-01
-4.696978633315057050e-01
4.457639256790130178e-02
-6.107545956053260783e-01
9.489030059669735229e-01
6.711443511204002732e-01
2.247723163780065148e-01
-6.098636460974332651e-03
2.382981246582377768e-02
6.455650663366329089e-01
-4.721376948308155796e-01
-1.935370121012011113e-01
7.121747345416240549e-01
-3.531756228642334017e-02
-6.572986706117400768e-01
2.308017636622142765e-01
1.201284118878128138e-01
-1.198163377651120520e-01
-9.157088433330690114e-02
-4.022536084534175105e-01
5.708679666152053356e-01
3.402307725537124794e-01
2.218611127410299311e-01
-4.440830021015303997e-01
-5.470282407277353709e-01
-4.996558234128270493e-02
-1.299518237290899769e-01
-1.108855310440138575e-01
-7.532976337038029824e-01
-3.921111616376052877e-01
1.962599041946347100e-01
6.490275533414081588e-01
-3.580974906508400113e-01
5.572823121742563890e-01
-6.254938590707573853e-01
1.543070456714413230e-01
6.514576927464286182e-01
5.175590348597413071e-01
-5.928709222126957723e-01
6.693028882475884345e-01
3.271913790905846553e-01
-1.169550887804016864e-01
4.189874483177243036e-02
-7.471307065969282624e-01
-2.094389424685283996e-01
3.399318851435203515e-01
-9.259613833537035099e-02
8.137436796580458376e-01
2.518660501098681989e-02
1.727561528627241660e-03
4.913259649744911028e-01
-5.774434562118443970e-03
-4.489597281311286103e-02
1.000000000000000000e+00
-1.333482840248928492e-01
3.782401423899706128e-01
-7.128121208236597450e-01
-3.042873976071065467e-01
-3.704289845597393827e-01
-3.254094124817730194e-01
-5.682758723866822015e-01
2.928251955206805923e-01
4.504943325810641941e-01
-7.513139844150285018e-02
-8.713173222284931185e-01
-4.425959173731651708e-01
-8.423242100260117660e-01
2.221033096609591473e-01
-9.893961304503134935e-01
1.817911938932794680e-01
7.110771012010091985e-01
-8.223323372563070555e-01
7.152068257697216103e-01
-7.194042234167771221e-01
-3.677797256907838763e-03
3.533710895861036372e-01
6.256014322211832512e-01
2.308073620262043879e-01
-2.640192635875462934e-01
3.077445901086454660e-01
-2.168837734559853903e-01
8.337188285782280994e-01
4.356536584648962318e-01
1.831583794547932686e-01
-2.291451226953590825e-01
-1.479153059597499986e-01
-6.871668987430843423e-01
-3.996675768808990448e-01
7.413896866565632127e-02
-6.226681915228235997e-01
-6.578918657662905511e-01
7.787448710715036970e-01
-5.955397265127451156e-01
-3.391917522458054446e-01
2.170388271531017987e-02
8.020158365635802200e-01
6.909008591468991378e-01
7.891555128665124208e-01
-5.015113964060664564e-01
-6.047020045541120492e-01
8.962106776127126695e-02
-5.092905309010171688e-01
4.518153466326835233e-02
4.262647866227343707e-01
8.252785335740089323e-01
8.796930633224961937e-01
-4.566455110681394425e-01
6.163497282511003483e-01
8.736733306699639989e-02
7.699918286723922423e-02
7.479302599295746257e-01
5.128491755997263146e-01
2.044592624309534146e-01
-1.000000000000000000e+00
1.212462776307154377e-01
7.845661943154998985e-01
4.827926724226792032e-01
6.876691026386447803e-01
1.374820354174624004e-01
6.247385233561066065e-02
-4.260549255820860193e-01
2.150169579117595098e-01
9.324154340889921899e-01
8.461710451825640300e-01
-4.619499645270027655e-01
-2.910293774839117220e-01
-2.328798537802557189e-01
1.674826707471742948e-01
-1.748668018095057564e-01
-2.287302665312876404e-02
4.408526770780301640e-01
-2.208672055328804729e-01
6.262607848991414983e-01
