4.371649508452615795e-01
2.802128229513434210e-01
7.578676810235908390e-02
2.327385015104349586e-03
-1.027702320549189197e-01
-4.478709433997861700e-01
3.341169098215397010e-02
7.740122989087297456e-02
3.438040402978719268e-01
-1.853820923605836030e-02
1.426956524218218891e-01
-2.537010876909005508e-01
-7.613135405106945253e-02
-6.791242405927777614e-02
-3.876022445159306162e-01
-5.680329213604290439e-02
2.669417812008838542e-01
3.549651124410628800e-01
-1.267430609154809873e-02
4.025239625295871926e-02
1.253118547109297043e-01
4.329620297491875158e-01
-6.639000621065560548e-01
-2.806011435586359681e-01
2.790299070056884156e-02
-1.545035718932995517e-01
-1.160526135524879432e-01
3.364005587323307817e-02
6.107019602760346833e-02
-2.834306577432041396e-01
-7.330894030496346025e-02
-2.019434994082808937e-02
2.342402220328959617e-01
-4.768109567350985872e-02
2.409912405035880278e-01
9.651448076124093112e-02
3.571250919302881299e-01
2.463912814680753460e-01
-2.757514349684082183e-02
1.098707618539679354e-01
-2.635226664993144952e-01
-2.873065469083568857e-01
2.514720924659959445e-01
-2.034922141511380511e-02
-1.866711604229683019e-01
-2.170404066515055630e-01
-2.854180952789506787e-01
2.529958511880825989e-01
-6.592124778174554556e-02
2.365244939049754302e-02
1.973594801488300909e-01
1.774066123227234781e-01
2.071470070202081071e-01
-1.887812830802327313e-01
1.892635500289688855e-01
1.266322928957192007e-01
2.534624443292536333e-01
4.329107406886036902e-01
-2.572036388200442669e-01
-4.084993912481407197e-01
2.421319989933209682e-01
2.057569693866411475e-01
2.069465904591435423e-01
-2.391219266864160198e-01
-1.772297325104911780e-01
1.009535924819723318e-01
-8.506199766952812769e-02
-2.816960117661334584e-01
-1.491081070894305916e-01
-2.594706049132017300e-01
-9.636924729701965009e-02
5.856623787647277299e-03
-6.107112070886854260e-01
2.258634459607790357e-01
2.415516951171022553e-01
-2.296546488901944627e-02
8.443995779119227718e-01
5.334731852928270568e-02
-2.934419835740104121e-02
-1.994755526959061942e-01
-2.105460130049910394e-02
-4.230488984921822182e-02
-1.992362722390315921e-01
1.565947088189105774e-01
-1.044506367782907647e-01
5.178410516991607815e-02
8.908691576574809257e-02
3.428568071209195933e-01
5.648466179466241632e-01
-1.124723724810587078e-01
-8.365071033981036353e-02
5.043762038123325020e-01
-8.334574944765828913e-03
2.581745803803187078e-01
1.146329634883815618e-01
5.661161828511155347e-01
-1.181917157738921198e-01
-4.703744722823981206e-02
3.213431864106502944e-02
-8.606640760179659622e-02
-9.301827071057572945e-04
-3.478232139586411864e-01
-5.774433223737358151e-02
3.529496179959201174e-01
3.534949601748496595e-01
-3.430280012588796668e-01
2.982061929863732974e-01
-8.044743810972454501e-02
-6.621329541969561694e-02
-1.030098849373376202e-01
-3.201136636874453156e-01
4.069590248534562527e-01
-6.105852625172027148e-02
3.120516223942870759e-01
-2.971259555855730872e-01
-4.561942606391277133e-01
2.559365614199374805e-01
-2.617129999738300183e-01
-2.149955430430911807e-01
-2.953541778299738629e-01
6.354741066992551923e-01
-1.524660085689746591e-01
6.106388697144420341e-01
7.745829044857230339e-02
4.416134891645645544e-02
-1.435601830315877125e-01
-3.128983615855118194e-01
6.595598066301011642e-01
-7.252776594493906548e-02
3.149349203334220748e-01
-3.194810502120698503e-01
-7.278744162795267036e-02
5.318993784835714944e-01
5.137578094285915054e-01
-3.389834635037511368e-01
-4.448955402817083016e-01
3.905703221670442371e-01
-3.124453564582907461e-03
2.615600405643297988e-01
7.868548359356376531e-01
-4.707656785485430095e-01
3.873765713778963282e-01
-1.516730395936516096e-01
2.366851430273431423e-01
2.179821330326641715e-01
-5.617300823961401957e-01
1.116385026614487019e-01
3.534630067658714458e-02
5.551288481052256696e-01
4.442660094129163850e-01
-1.595409375394009899e-01
-2.979050519459681967e-02
8.497684219593401589e-02
-1.630313539665820821e-01
-6.408281686718260151e-01
-2.900471932508508904e-02
1.218374238607299181e-01
3.686598891749802709e-01
-2.569547847914427363e-02
8.319530221892729172e-02
-1.259693807799247556e-02
6.232177056932310943e-01
4.800424304755185889e-01
1.925940768333566089e-01
-1.816378342877262297e-01
1.088560784695742217e-01
-6.452552202837461004e-02
2.047880379542985629e-01
-5.180532482538731109e-01
2.882725785559770992e-01
1.808190055331686252e-02
2.373600686234149659e-01
-2.241764261533787106e-01
1.053527379363311534e-02
3.005274694719101136e-01
3.268695907734889827e-01
1.354742927078655401e-01
5.548632761393938739e-02
-5.276415473656195232e-01
-1.789299152000823623e-01
3.746433088546025081e-03
4.101512808864287152e-01
-1.928059257658444325e-01
-2.151305366543969921e-01
-3.189603169046246328e-02
4.356893441792987487e-02
3.895414837384480466e-01
3.268927392271413213e-02
3.541472460605507022e-01
8.135621969662052907e-03
-2.050774079397694738e-01
6.337618820134863218e-02
1.698438103268876120e-01
1.013532654206009409e-01
-2.185290310503782904e-02
-2.216646890836163619e-01
-6.073100200540320071e-01
-1.393694125377072379e-01
-1.943959492029490727e-02
-5.063986491907489507e-01
6.059793308123807842e-02
4.120529509061991724e-03
-5.331554531633345695e-01
-2.473932089891697217e-01
9.742272710351816689e-02
1.545494612256581024e-01
2.272737311234169777e-01
5.264817765766987012e-01
5.267451739642132758e-01
6.608364829092382153e-02
-3.612051384377033547e-01
-4.040937609438885469e-02
6.686851008175045963e-02
-5.635959468104181219e-02
1.112993398529925904e-01
5.047847926560590226e-01
-8.731986651693107726e-02
8.290410030443677858e-01
-3.179204078890672525e-02
-8.028252032264251437e-01
2.465604759149251091e-01
-1.009069695271244405e-01
-2.437621261753349089e-03
1.938006300571104012e-01
-7.486293147995140562e-02
3.182950710170828756e-01
-4.946851446211398828e-01
-1.029938133736238576e-01
4.571137587388293122e-01
-1.889351436892376113e-01
-3.081367749154110824e-01
-2.065403259144184961e-02
2.185522708505787670e-01
-3.218831439544099782e-01
-1.484885081914094282e-02
-2.111613631927066748e-01
-3.179176404375336773e-01
5.268264003886539981e-02
3.957780304171090169e-01
2.790011135509162798e-01
-5.358402584815515901e-01
1.906978268555951650e-01
6.290811164465101579e-02
2.249845523303330153e-01
-7.247544424152092823e-02
3.238430204759413025e-03
2.782425960809150611e-01
-5.548198155301681950e-03
3.950342342492727532e-01
3.540983719305553223e-01
-2.266770582081754082e-01
-6.369383803629076191e-01
-2.524251165866095090e-02
1.244981998708876020e-01
-1.797612697198631426e-01
-5.439628814775817611e-01
-5.500596776131017052e-01
-7.982497194880371072e-02
5.237239099252969377e-01
2.471339496645130474e-01
8.604128263539015387e-02
3.087316943140220107e-02
1.588258535984621300e-01
1.036470136908939355e-01
2.999363582100937897e-01
