-3.210890342298419742e-01
3.024624751647126963e-01
4.747739789984995601e-02
1.897506787339403589e-01
-8.277873375122384025e-02
1.710795669857843593e-01
-2.831287808775116432e-01
3.350287951042117407e-01
3.922815091884050975e-01
1.445276788932025325e-01
3.653969210510131238e-01
2.176641726551511724e-01
-8.451274460688651402e-02
1.620027778507379668e-01
-2.020479276094296894e-01
7.833522415039172182e-02
2.345510781217275964e-01
2.238375057665005496e-01
-2.228243438408312321e-02
3.164208241308746894e-01
-6.322278214577585487e-02
1.205303152214029505e-01
-6.621516304579821988e-02
-2.518042414716433752e-01
2.492112265655518910e-01
1.315543162505992403e-01
3.318310369811902638e-01
2.070426765906493438e-01
-7.752054660207677306e-02
-2.431032472208065620e-01
-3.457655116077846258e-01
-2.299967107045640113e-01
-2.278595955799928019e-02
9.274263643040392413e-02
3.870431269559330978e-02
3.177712322227455033e-01
2.788069303751772865e-01
8.530203326154423005e-02
-5.361609259505522446e-02
3.669388030840880360e-02
1.511835486585937915e-01
-7.018006243467429794e-02
-4.909229088421143694e-02
1.500891167514506741e-01
-1.650812579959176629e-01
2.583709941014386557e-02
-4.930557753325394421e-02
2.338048233603792214e-01
-3.431403653824949274e-02
-1.201490033956224557e-01
-3.131938227337857095e-01
-3.616359570822112041e-02
-1.711203761423837899e-01
9.968532597300086562e-02
-1.198708907232225451e-01
1.406625775389507560e-01
3.584655701748137302e-01
-5.391202729921991399e-02
-2.709367528032222139e-01
-4.387099339634492612e-01
-9.049579758362345794e-02
1.091864307578222781e-01
-2.654265926718280544e-01
1.430047212901223649e-02
-1.953914558691946801e-01
-2.914489181083378955e-01
2.286693215777720611e-01
-1.532700893925839358e-01
-1.429287303230702688e-01
-2.432231412077998922e-01
4.691401495585665465e-02
3.026599705747415672e-02
2.377735581709623791e-02
9.784492167071388857e-02
3.293212524454446344e-01
6.776149023376168423e-02
-1.654068721021809962e-01
-6.070346592492896487e-02
1.983585982177218654e-01
-2.190718533332627893e-01
-2.715176006753900473e-01
1.270611825259847782e-01
1.496270421357206309e-02
-1.738851719893041714e-01
4.562033392104350438e-01
-2.053631104810559327e-01
3.796351629748747625e-01
1.155771376617857754e-01
1.545379913635150371e-01
5.566216563040445736e-02
-1.894997037399014650e-01
6.590102689517861323e-02
-7.902689637011810209e-02
2.512990763657347304e-01
-1.776990848591303573e-01
8.871175786298773902e-02
-2.444407073850824452e-01
8.897306595542361918e-02
-2.373736601752352571e-01
-3.205517048028629912e-01
-2.899552284830588800e-01
-3.075488786621397019e-02
-5.510076801262848295e-02
-2.890837836879749934e-01
-1.487112792367969172e-01
5.752595665514053519e-02
-2.336334123683730390e-01
-3.282974456399770369e-02
2.186823719793093077e-02
-1.355518397318938584e-01
1.137424472971430706e-01
1.515452068351260013e-02
3.127527468645159847e-01
3.032559150306987639e-01
-1.199813985841725189e-01
6.132894914671110226e-02
-3.375397440352687628e-01
2.227719193024011446e-01
-4.303500569413165056e-01
2.001118522507299574e-02
5.938376396556534903e-02
-1.787853980452537850e-01
1.713301525091769639e-01
-5.920339696812525372e-03
3.346895559232503925e-01
3.373231432396683327e-01
-2.558729810020419770e-01
7.233454049166389010e-01
-1.023351745713887984e-01
2.931082985751083947e-01
1.463371092479786584e-01
-2.727206613259389179e-01
-3.295985831562266433e-01
-2.260331554376324437e-01
-1.918785678458700683e-01
-2.057325785542663543e-01
-6.327739800501294698e-02
3.368860648401088287e-02
3.664300424004036105e-01
4.105418804575906577e-01
5.199767816972795664e-01
-1.315763373378228129e-01
-5.592573122952028131e-01
-2.438301255158585590e-01
1.908970713805353825e-01
2.715703499023515155e-01
1.981779695865925617e-01
3.657827708397680400e-02
2.019367110019085754e-01
3.639605768779815564e-01
-3.426562986205680672e-01
1.541644185450958826e-01
2.374582020168727881e-03
-4.655894561655482544e-02
-1.893126629274244910e-01
6.538883153081527511e-02
-4.726489668422208593e-03
3.543142949592633512e-02
1.316709169281123637e-01
2.916610835897236464e-01
2.256469126948697224e-02
-3.506990361440875253e-02
2.597791097474549948e-01
3.062695833597262052e-01
3.000970596247754529e-01
-1.603089537572584267e-02
4.194621178727957478e-01
2.954190566640159110e-01
-1.490115194856562741e-01
-1.348178025465713581e-01
1.178288095893103848e-01
9.036626283129936543e-02
-3.382490010421018156e-01
4.413541741612133501e-02
-1.654925248411460159e-01
-2.009809352222593493e-01
1.320616190519392497e-01
-3.009283711073904577e-01
-6.340022034925453520e-02
6.583493062080285341e-02
7.078387563530755267e-02
1.305544960748231953e-01
1.790962226221048254e-02
1.769177452716652887e-01
5.918313845656579808e-01
-2.268388782352983440e-02
-5.011314168826982440e-01
-9.641150531120475098e-02
-2.259750791208549048e-01
1.740461398447507579e-01
2.177283514191332980e-01
3.801616173154450107e-01
-1.133869591904573537e-01
-2.276069688203964658e-01
1.853429486564295015e-01
-8.771396620675267139e-03
-7.887197648916306758e-02
-1.462065101124913336e-01
-1.293087468515869143e-01
5.527652246227905408e-01
1.172939844168123177e-02
8.000606656753371515e-02
-6.039782088669316124e-02
2.895012591641751287e-01
5.011008056709381764e-02
-3.723198197523197583e-02
2.665481145055367818e-01
1.746334194822343755e-01
-2.078139773874839169e-01
-3.295605080417728927e-01
-4.199511408898769504e-01
7.237208401743305819e-02
-1.161547955149447031e-01
2.971495579894117833e-01
4.200132086471097259e-01
-1.510717779728148191e-01
-3.975863461171549873e-02
-2.338044869673810700e-01
-1.222850172302135108e-01
3.228376486718109728e-01
-6.176171388077354024e-02
5.652026323257581392e-02
1.084289597057215560e-01
-1.077261993129951245e-01
2.006331358243688967e-01
-1.580260777680778661e-01
-2.575829558700922783e-01
-1.398528802654292087e-02
2.790556228636765015e-02
-2.310210248832765267e-01
-1.726991142622665842e-01
-2.724823180749975232e-02
1.944440721378652148e-01
2.735541875770487463e-01
5.060862112070509816e-02
-1.319978891723663957e-02
1.742748844296103938e-01
3.740063269855747885e-02
3.507155203550124667e-01
-6.792943796003472756e-02
-2.823340844127236390e-02
6.573034403358438138e-02
-1.874347729290360975e-01
-1.817151451114830951e-01
1.575575653132401388e-01
9.266982450232405522e-02
-7.827496357186081166e-02
-2.807943452338061974e-01
1.865162954637363812e-01
2.231768071987290034e-02
-8.572657896475116557e-02
-5.156657448838765367e-02
2.672079787691812314e-01
1.937263151353545501e-02
4.812439698016487966e-01
6.311241480826408623e-02
-5.155778247764483679e-02
4.624733795388493579e-02
1.883817465102349820e-01
-2.593646269786705205e-01
8.101598448017357373e-03
-1.346006647719330263e-01
1.141207559177401937e-01
2.635534477620832816e-01
-1.327373718806431069e-01
