-1.241099661026502654e-01
3.760841232682606283e-01
3.584309615385442571e-01
-3.726940845912582456e-01
-4.302863825970910661e-01
3.732543481365964422e-02
-4.027136908295477769e-01
2.593836223644692129e-01
-2.066691741826812700e-01
1.546405050593182562e-01
4.662976099254814155e-01
-8.398496513435817212e-02
1.032019956262627686e-01
7.235123008628904784e-02
-1.004138368505601842e-01
-3.137261016571190470e-02
7.020117458519239961e-02
6.177761781077090175e-02
4.031958981029650224e-01
3.391560416248027843e-01
8.239931372586807579e-02
1.190363973593804303e-01
-3.673808053279735142e-01
1.746123776974607411e-01
-4.465179251881690181e-01
-1.276423880400036626e-01
-3.349160507141649701e-01
6.910027083480259069e-01
-4.221467319602546786e-02
5.790980641568547194e-01
-2.444206784897285656e-01
2.145213895341633870e-01
2.651928443721658368e-01
2.700089333639755784e-01
2.006173950929082683e-01
-4.385075443651668681e-01
5.355897365630989393e-01
4.029056782830237604e-01
1.232056063016664094e-01
1.560736244921542837e-01
6.013809288283974985e-02
1.175983957295846094e-01
-4.081350300837384149e-01
5.013770233661216102e-02
-8.098759191072139874e-02
3.302931774614182858e-01
6.761074218205216646e-04
3.826386731636971517e-01
3.017674769865329454e-01
6.626402546095518931e-01
3.358049240367757537e-01
2.832904877273765276e-01
4.069023548753247788e-02
4.482375195851282523e-01
3.057268377755385513e-01
5.408818924084332069e-01
2.145583192386522897e-01
-4.467027621449387587e-02
4.658291172464942842e-01
9.844457429185264619e-02
2.520728109607630468e-02
-2.411970755483119622e-01
-5.532279297979892929e-01
1.080155729643346163e-01
-2.532293761821301226e-02
-3.374594004989246721e-02
1.574454684429872353e-01
3.270276945329773644e-01
1.008709510039361434e-01
-6.347626961704901927e-01
4.863816777379403183e-02
-1.851259135858265292e-01
2.699963109381127713e-01
-3.691245583160588373e-01
-1.207128977130178527e-02
-2.306686962656698259e-01
-7.912255996763073451e-02
-2.286486536553749283e-01
-1.038298693509403792e-01
1.138338842003557838e-01
1.645976361631368290e-01
-7.322906011755624112e-02
-2.131110387108090809e-01
-1.010409069358253475e-01
1.818134641317513678e-01
7.836154747731514936e-02
-1.358569420952316364e-01
2.240366348863722656e-01
1.090580582540493781e-01
4.703198597391155394e-02
-2.648492332586244169e-01
1.256973484150565590e-01
2.322088656711958354e-02
1.100251429170189948e-01
-6.272725634106880443e-01
-1.128139105458789981e-01
-2.903860251077677868e-01
1.075223167096366755e-01
-2.098520438969302127e-02
-4.431074790489596404e-01
-1.490169299799717906e-01
-3.585468777859776579e-01
1.159570907058654066e-01
-2.165171470901624817e-01
-7.461877912807904356e-02
3.089466457141398087e-02
-2.115123910602752511e-01
-5.778229352553065912e-02
-5.347461321707209780e-01
9.775583875855899108e-02
1.754645762106857299e-01
2.103579393921755081e-01
-3.691670940270215528e-02
6.015701880246401845e-02
3.119674510382002275e-01
-2.866996983901499707e-01
3.457967611176760991e-01
2.551047864489232042e-01
7.076599583108654501e-02
6.768871316276528494e-02
-3.450699013322502395e-01
-2.105383638212445230e-01
-2.980404980297875206e-02
7.185575005630764345e-01
3.593400773772004175e-01
-2.487739295734220091e-01
3.815494195342699624e-01
-2.314605960725228118e-01
3.944875040798564436e-01
-5.380561490920706541e-02
-3.236245695285260293e-01
1.774371892693411834e-01
-2.191333989791456327e-01
6.817282821051651176e-02
3.343549010781530773e-01
-8.496704013703107461e-02
-1.126730166265166866e-01
2.750897350766456917e-02
1.704813444188021943e-01
-3.404130128098271646e-01
2.214577959553679642e-01
1.064269328839571177e-01
-1.159756160785734430e-01
-9.013302403945405716e-02
4.485820469281236456e-01
8.923898635574661897e-02
1.129871687898265920e-01
-2.209396169459271198e-01
-2.613050159398686567e-01
1.000000000000000000e+00
-3.337316221050832254e-01
9.613389242571035442e-01
-2.036479523261308655e-01
1.011985288461699772e-01
2.972291907034668723e-01
-3.682595025061885519e-02
-1.753451316863307019e-01
-2.451816609179486850e-01
3.325701890055900445e-01
3.046422462964332167e-01
3.089961199348367771e-01
-3.346546958340355926e-02
-1.605290971115554965e-01
-3.301249658350040306e-02
-1.789684231532107650e-01
3.115086028244956062e-01
-1.860992517192869011e-01
1.585996625404747784e-01
-5.264783522216611722e-01
8.930786330573906029e-02
4.923613010767668441e-01
-3.000261899620413342e-01
2.857518532446823856e-01
-3.400415538300148588e-02
-8.899825398319127778e-02
-1.996668508207319337e-01
1.111938763244515044e-01
2.365724075179306274e-01
3.047633104295666140e-02
-1.929182337282573934e-01
-3.718147680696340940e-01
-3.247276805208889061e-01
3.215950586747987061e-02
-2.149014020009174519e-01
9.539997349565110252e-02
2.558168813271445297e-01
-2.447633236326227091e-02
-2.200097187055384540e-01
6.377018093742662375e-01
1.262254218348735635e-01
-2.692098821632742944e-01
4.826265236958947602e-01
1.963559933353808962e-02
-1.817254885561080391e-01
-8.982193697419585399e-02
-1.004508793797761479e-01
-7.733598652851314537e-02
2.174643432612013982e-01
3.713349357927827055e-01
-2.738183396667126512e-01
-2.175099424728045017e-01
3.870972462234599509e-02
-2.224762804665346705e-01
2.215323099323184830e-01
-1.945355984813187666e-01
2.868731027845166093e-01
1.851697837283046988e-01
2.041708706202072232e-01
-2.402900457782656263e-01
-5.900030442732963065e-01
-4.412707252479821651e-01
-9.681204133451006000e-03
-1.566010385085958023e-01
-2.285175173072881982e-01
4.603788172473082252e-01
-3.126460263897719583e-01
-4.280352469592642317e-02
-1.568931191210902187e-01
-3.636439969949087359e-02
8.617557550431237390e-02
-5.057465739696333229e-02
-3.243243883463757804e-01
-5.801613925173365605e-01
3.678850883664497307e-02
-8.624300938051125964e-01
1.908737901357768219e-01
-7.474879680656790759e-01
-2.917574436320695686e-01
4.474494513597037093e-01
-6.367109255872854812e-01
-9.533868268101257371e-02
1.861035191092049734e-01
-3.920057606507262316e-01
2.192545545562117892e-01
2.918408659188175824e-01
-1.833635731997751150e-01
1.222368065463971670e-01
-1.712657848112104642e-01
2.525349917442226144e-01
2.014323961034527877e-01
-2.980501101664402297e-01
1.903360807712021208e-01
1.608220857634563017e-01
6.108386260222017361e-01
-1.662086562776738385e-01
2.400933075931498684e-01
-2.567115942312959143e-01
2.089113649619690066e-02
4.553006305754970784e-01
6.031083398870090012e-02
-1.121869210578774478e-01
3.929164440827896398e-01
2.417197729838959641e-01
9.144978007359949590e-02
8.896691287776543888e-04
2.786798210742118531e-01
2.336254228417962708e-01
4.026229949915968720e-01
8.148112534775106552e-02
2.549532344633119729e-01
-3.240854087278046691e-01
2.832887944061873164e-01
-1.364325338644074154e-02
-1.006486009266390202e-01
-3.792501858720858654e-01
