-5.332133469709986473e-01
-7.490015768668950580e-02
-3.380510852562360058e-01
8.271611920360365244e-02
4.839895509147043029e-01
1.335839060644568588e-01
-3.030450722438572386e-01
-1.322154441341062137e-01
3.500863164635131253e-01
1.526990937676996896e-01
-2.138677361548865785e-01
5.149576686220458388e-01
2.148332188303428980e-01
1.476822565525146291e-01
-1.103363859018968579e-01
-1.796298917156790298e-01
1.076532276574849317e-01
7.873734987380580364e-03
3.903187313399478220e-01
3.491545264296913587e-01
7.124916550167809115e-02
1.376560832626508857e-01
-1.853525672158309878e-01
-1.636227895931953724e-01
-1.486482638793942997e-03
-4.593378549819707168e-01
1.146972523844032449e-01
-4.268646561847219863e-03
2.689439663522386059e-01
-2.267842555775523850e-01
-3.710298807142021760e-01
2.323465463724078417e-01
3.087293263766546225e-01
-1.580206165668214258e-01
-4.543814076948372582e-01
3.779854163674220002e-01
-6.442347352146408912e-02
-7.158153247232208749e-02
2.316071803856104006e-01
1.650210973747741616e-01
1.349094197190720545e-01
5.584866151153183855e-02
-4.598408914990060326e-01
-2.003822707007751891e-01
-1.901533778603387292e-01
-9.670581297354282832e-03
-1.722405405558416480e-02
4.374233571221887162e-01
-1.015070730678859223e-01
-5.197725599002083439e-03
-5.494637852687288548e-01
8.081943459377732841e-02
-1.501456102901466139e-02
1.761425569331497298e-01
-1.052699166387133789e-01
1.120922401746253932e-01
2.517055555260621080e-01
3.815801625463909330e-01
-2.748886807316024972e-01
-2.863838652553949982e-01
-7.826532653657020111e-02
-9.391680054391322863e-02
-2.564207265440822392e-02
-6.173956291050303885e-02
-4.257354900796876951e-01
1.787074496549691804e-01
2.489594712889565964e-01
5.934599584835705682e-02
6.837948428809270673e-02
-3.901685091132823247e-01
-5.146533876394897566e-01
-2.371772115108087414e-02
-1.842721855268472375e-01
1.112088722557849976e-02
2.230258082675039555e-01
2.502874437595473678e-01
3.194044767707042154e-01
4.072353150623111984e-02
-1.369444972341524354e-02
-2.107966591867615480e-01
-2.817576714828806672e-02
3.288688636057954806e-01
1.593239667572952101e-01
6.213470506956068895e-02
-3.004567159071152016e-01
-5.583276191920030218e-01
9.043231774975468706e-02
1.794471124516983096e-01
2.860482918865758228e-01
3.092068703490292308e-02
-3.069588295730164007e-01
1.241446349248989112e-01
-3.353611050242572000e-01
1.208526066740019111e-01
2.517984257079132135e-02
-3.178521290598451676e-01
-1.766762609027874853e-01
4.878152593040239182e-01
-5.497115462715151946e-01
1.021860322318293296e-01
-7.330717943661804736e-02
-1.431182154697684672e-01
-3.882591371784349654e-02
-5.814070165507682075e-01
-2.253631342998869136e-01
-2.271172362679736156e-01
-3.962737590693250489e-01
1.484049501572337060e-01
1.948126086191891149e-01
-9.064458665426171624e-01
3.534742530157072293e-01
1.888784363663996435e-02
-1.004001520583062551e-01
-8.298605259725691519e-02
-1.888566889991724340e-01
2.397221912126320520e-01
-2.722406736069753475e-01
2.438232798569634208e-01
7.755891928575250893e-02
-6.527843553664691711e-02
1.637802816853111132e-01
-2.836817358787695476e-01
1.778691297262758042e-01
-3.114022177944795744e-01
3.128814978668024160e-01
1.607311403836729768e-01
-2.265891015604103165e-01
3.786809531253567673e-01
-3.388934810180666002e-01
-1.737572750011781020e-01
1.382761486125219375e-01
-1.688494274661474226e-01
-4.060518855847654596e-01
-1.747401949854471559e-01
1.193469218079726557e-01
2.605233204813998671e-01
4.752594458402740335e-02
-1.564992146439613541e-01
5.448636467274597939e-01
4.287791454899624877e-01
2.938305951328274990e-01
-1.981764974626002984e-01
-2.577793295435039655e-01
-3.386840720890707535e-01
-1.193072727018703594e-01
1.187084097239364394e-01
3.829457939175498482e-01
5.981990442973659367e-02
7.428069123337473212e-02
-7.133549527307959937e-02
2.440582730417427404e-02
-1.812750837106294755e-01
2.620129323959529688e-01
-1.070613332768849124e-01
-4.116461090519200200e-02
-8.441658704960641746e-02
1.435303864016865272e-01
3.791341781202658273e-02
-3.804224318340836963e-01
1.536512027385663892e-01
-4.966436475536890188e-02
-2.532164755199647344e-01
4.143597141936711248e-01
1.674707417212875082e-01
2.302067309892909530e-01
-4.361800057234465067e-01
2.591144644787294823e-02
2.993717872253258694e-01
2.188060399414385182e-01
-4.422823248737209334e-01
-1.634366325491134753e-01
9.253666841098517892e-02
3.936106632165831121e-01
-3.481044905840145059e-02
-3.934023720436273519e-02
-3.095897024906964501e-01
3.042103682177251245e-01
1.177016119492926005e-01
2.990103874759112990e-01
9.467198687167993620e-02
2.492484342642916073e-01
-3.181794665659027910e-01
-3.609432848403729688e-01
-1.177485454719456176e-02
-1.532508461103436470e-01
-2.916462277438717776e-01
1.845113702961346525e-01
4.166782188959849975e-01
-5.356624174310742337e-01
-1.233058197476298579e-02
-4.326331628728553591e-01
5.211525620229960631e-02
5.539684938033235806e-01
-3.055910978136291978e-02
-2.585506277793589436e-02
-3.380929287274420658e-01
-1.674757271850934037e-01
-4.454040157705317915e-01
3.388023599944026687e-01
5.411055848269867574e-02
1.865635263017753342e-01
-1.000000000000000000e+00
3.099034707091345986e-01
-3.702639753798914191e-02
1.374455961111717694e-01
2.625846327757895560e-02
-1.141876494940778364e-01
1.555295768659309408e-01
-1.450907022970601701e-01
2.784979144512038096e-01
-8.914860330560341328e-01
-7.825975854941459586e-02
-1.481407372605843542e-01
3.881675717684440752e-01
6.423072313624083041e-01
6.095979455513291650e-02
3.158781644406462030e-01
-3.147010190782404404e-01
1.766911307237853113e-01
3.992060523163337704e-01
-1.492271386885286599e-01
-4.243056463868530859e-01
-7.059590786716911648e-01
-5.128350141858487587e-01
7.328719368981473359e-01
-4.416411230401502408e-01
5.405300078946580211e-03
-2.548944624286314520e-01
-2.362047199614352166e-01
-3.889618825605263286e-01
-2.255171864308726237e-02
1.257171678019692873e-01
2.934532446056564714e-01
-9.270592826910595274e-02
2.412901518145209034e-01
-5.912653838424815067e-01
-3.014378210877571851e-01
-6.405750921619762783e-02
7.577734178584282221e-01
6.363546607460761617e-01
1.448958006448801683e-01
2.038939677213268686e-01
-1.903368474076353595e-02
1.902033702429494766e-01
4.042040884656142863e-01
-3.017385722130551673e-01
2.166060910841399179e-01
1.624124068369124929e-01
-3.628610671373955210e-01
7.693381016456051213e-01
1.667609603800038753e-01
8.331383263923400340e-02
2.678086864959651203e-01
2.899767355492985921e-01
5.484530433530907523e-01
6.700630420311184388e-01
-4.956169864399500441e-02
5.177946743466586010e-01
7.487573514008513120e-01
-3.178643729577730892e-01
-8.860693010575042272e-02
-5.449317808775748506e-02
4.160311007821317908e-01
4.770233191887049973e-01
3.716039836929025952e-01
