2.177482075115992066e-01
7.007475185426030873e-01
-6.784095935061318361e-01
2.224783823700192120e-01
-1.804532753084112928e-01
8.717318529967604812e-01
-1.511485646208887423e-01
7.752210085192146050e-01
7.683007183605338186e-01
3.894955174841510104e-01
-2.459645446479690745e-01
-6.059694188439617157e-01
-6.661830997828940282e-01
1.930434491881157233e-01
-4.577614757836353382e-02
1.426678611615288528e-01
-2.665500390945013676e-01
2.014830166435847003e-01
5.799069970775170280e-01
-1.139877590565969573e-01
-3.814417981723394746e-02
-9.221274213655325513e-02
-2.602711349941130292e-01
2.029620763723163357e-01
-3.418841775905316904e-01
-7.279417642179987491e-02
7.925606296276865859e-01
-7.192565905658088177e-02
-9.963063773768270348e-01
1.803560691691927231e-01
-2.852796294752013573e-01
1.000000000000000000e+00
7.450587009482534384e-01
6.343632162975173516e-01
1.942347941013315982e-01
-6.587411981705572073e-01
-3.580874448280030320e-01
-3.502067202997420914e-01
-1.179568198579490912e-01
-1.374293672855256276e-01
5.385268677213445043e-01
4.628195080001549222e-01
-7.937515443751985700e-02
1.000000000000000000e+00
-8.714258420110443382e-02
-5.600473860191614861e-01
1.211602797811239807e-01
9.094261925920752443e-01
6.332832128907095459e-02
2.777375505411796563e-01
2.879195068327330409e-01
-9.041284722085669578e-01
4.239547350757773003e-01
-5.381454196846500171e-01
-9.115651865354188477e-01
1.000000000000000000e+00
-3.249340275401266798e-01
-6.453127459572407520e-01
3.267607450878706743e-01
-2.578943727588687285e-01
-1.339789365574978741e-01
-1.231173185326610020e-01
1.415806332006908086e-01
5.266068127195033810e-01
-7.213166254961779211e-01
-1.000000000000000000e+00
-3.160556860910272992e-01
-7.396239795130697958e-01
1.885549287834467069e-01
6.770863558152553363e-01
-1.850886904536397370e-01
9.105198259668880745e-01
-3.910840919693253648e-01
7.396261934639554170e-01
-6.116943384822397523e-01
-2.159768707122562414e-01
5.467554923375480547e-01
-3.028006436951176106e-01
-9.110015914022984163e-02
3.063916376285090171e-01
-7.466651150820805549e-01
3.833051424552147424e-01
1.184559202948074486e-01
4.151824067114489036e-01
4.478988554588143600e-01
3.611235134504970912e-01
1.478083032800359131e-01
4.289192176779392240e-01
5.416345586685961111e-01
-8.318720648825426167e-01
8.238765792365819740e-01
6.478279872165471770e-03
8.299735790530476942e-01
-2.152440729835596311e-01
-4.117131690615239981e-01
2.975934626188299625e-01
-1.723385067511566671e-01
6.968022875121597792e-01
-8.698300830486198620e-01
-6.502138436891161666e-01
-7.828150334957986178e-01
-1.000000000000000000e+00
4.963125721996581863e-01
-7.987052210793077478e-01
6.438630091827726165e-01
8.409443474614124447e-01
-1.000000000000000000e+00
-8.284980469355655019e-01
-6.822602137121308585e-01
7.942838261059640415e-01
5.424134515049466865e-02
-8.599561210611681439e-01
3.798091557067670987e-01
-1.250580024870051599e-01
-1.000000000000000000e+00
3.791892551476557793e-01
3.892567720738978054e-01
5.674238499090439314e-01
-6.889468256118354006e-01
-9.301424250103788038e-01
-5.109321959099231147e-01
9.020365206193685648e-01
-5.654343806543050688e-01
-6.750882467665830777e-02
-1.153485156075653162e-01
-6.188837319891141719e-01
4.992502544021351629e-03
2.997853130709244862e-01
-8.625508899354339398e-01
-3.826319244140903297e-01
-5.203706720565209887e-02
-1.000000000000000000e+00
-6.654904986807136380e-01
8.448311985296296234e-01
8.135031200958664499e-01
9.291345878121581858e-01
-1.018214014290333425e-01
6.656658784206268553e-01
7.864744424808567391e-01
-8.227034079775012998e-01
8.374464326022853511e-01
-6.370697939560396872e-01
1.193849272330560485e-01
-7.417771027341555357e-01
-8.987196830711201567e-01
1.645797990332258376e-01
-2.712661553504472356e-01
-1.682348634078035254e-01
3.675068955381494140e-01
-6.818682101304192056e-01
3.299989445432464086e-01
5.927948669066959164e-01
-3.006694729065231275e-01
-7.527004156654982792e-01
3.635191447018983890e-01
-1.607426627774867223e-01
-5.424249757396364391e-01
-7.941260461788200997e-01
6.028421004748518719e-01
5.521413693694618985e-01
8.851033087769422103e-02
-7.295254429518258643e-01
-7.561354822645136586e-01
-5.017590521890303856e-01
-4.489742759624420487e-01
3.425113435937308659e-01
4.431041762810245532e-01
1.914026709060903941e-01
5.488722217657699964e-01
7.718752864588797058e-01
2.296398743917541507e-01
3.110032505627629562e-01
5.089191888602352387e-01
1.035752387312959405e-01
-4.224634343124953340e-01
4.261143728047878110e-01
4.131022463143046441e-01
-2.339239306420869136e-01
6.614759351477270677e-01
-3.440465223253881821e-01
4.382577265123092647e-01
-6.278856041609091054e-01
1.767932213387231680e-02
3.285249489974858550e-01
-6.801713682563873542e-01
3.304569371775622488e-01
-5.336929388874256386e-01
4.953818441367048298e-01
-4.596733298330565320e-01
1.793490968237758110e-01
3.118128136030373643e-01
2.471896434246116936e-01
-5.978775149632782338e-01
-3.867626853264370668e-02
1.089900614060986817e-01
1.735725240648569589e-01
-5.575404797764988984e-01
5.451222636175920844e-01
-5.057358816792952849e-01
-1.937941695331399650e-01
2.104125522952672855e-01
-4.291960593155347836e-01
-1.613665316615308098e-01
2.900882358931183846e-01
1.455626051359889539e-01
4.257926036666060399e-01
4.360915407430813184e-01
-7.771495865555613225e-01
9.063307068078865769e-02
-2.231491797410345423e-01
-7.842546011260643768e-01
1.284289807144463336e-02
6.408504761490059487e-02
4.639155419465557095e-01
1.496578549029032867e-01
3.313694260837292127e-01
-2.912213875654499629e-01
4.308813327674374527e-01
5.753812862519080973e-01
-6.039235499891146830e-01
-2.055431152027061281e-01
6.201989702196305521e-01
3.868733868510024765e-01
-7.714269031240539309e-02
-1.774469540995033956e-01
2.254079766221289138e-01
2.204434638511685862e-01
-1.644601256223526820e-01
-3.838511685601357915e-01
-4.644349452162725989e-01
-7.384797341480838773e-01
-2.290079432989732822e-01
7.331103024473284435e-01
1.664617087672334295e-01
1.315951671988316585e-01
6.356796218718365754e-01
4.948293457086784808e-01
8.432133471968314975e-01
-3.769890661210716365e-01
2.921368830081555457e-01
-5.382469775460761996e-01
3.671376443751512425e-02
1.181257153058101750e-01
8.783684273247058250e-02
-4.786059263718187573e-01
-1.840619034002002885e-02
-1.605703758861876107e-01
2.315808285933032562e-01
-6.494458584575485416e-02
7.241355993052077666e-01
4.702788994878697171e-01
-1.679018604695760031e-01
4.935197208837814598e-02
-1.562753464035591677e-01
-1.415895056100677230e-01
-1.657959457158174610e-01
2.821137313232096044e-01
4.490069098702834105e-01
-1.972069541799047754e-01
-7.758685921871336100e-02
-3.008094134641901007e-01
-3.927700478951605054e-03
6.194585007656205899e-01
-5.008526161719202285e-01
-4.027726217763505367e-01
