2.704972770061004894e-01
5.458924310997084195e-01
-3.819052820672740323e-01
8.239915287990060011e-02
1.697220742344002498e-01
-2.409243408433417999e-01
1.378539521078492314e-01
1.281458004417732888e-01
1.209206916399904186e-01
-1.181499166687081936e-01
-1.195562707127664770e-01
-1.583912012039438433e-01
1.559865616483869233e-01
-4.898197046071989247e-01
-7.839966924355012967e-02
-1.040165272062506946e-01
-6.272695185582821686e-01
1.709465886685959390e-01
7.471163126426860757e-02
1.897729197124528033e-01
-2.419312811597420509e-01
3.444883982490534180e-01
6.466727445664793850e-02
4.479601982758972256e-01
-7.438021390978872827e-01
7.129749355351613915e-03
5.683162338853844364e-01
-4.749213952040425846e-01
1.976248198778819964e-01
-3.659478871646288933e-01
-2.748617677749673471e-01
4.202547594466339298e-01
-4.235539873373522779e-01
-1.202507177118533332e-01
-3.931898431581130060e-01
2.921601369841381191e-01
-4.911131992484820685e-01
-3.333649260235966860e-01
3.903003400803605194e-01
-1.695539600010775583e-01
8.946401337105822082e-03
-8.199135584643426622e-01
-4.695100369094438175e-01
4.383339923811760963e-01
-3.009464291983338091e-01
-4.155300506403234451e-01
-3.232127646470600579e-01
8.594316293284171016e-02
-3.460772842726382303e-01
-4.408203948080733348e-01
2.112791019963423667e-01
2.794214666461517504e-01
-1.593965395282353759e-01
-7.526217861749476268e-02
-3.259516057187947791e-01
1.024482231309032515e-01
3.622647224104693642e-01
-1.599489295187133120e-01
2.195439838733430349e-01
6.109831648491124145e-01
3.023954894764347978e-01
5.385804002537403212e-02
-2.479786006035928358e-01
3.663428926642362526e-01
-5.384261109401895784e-02
-7.858197050482620960e-02
-3.751250805943112665e-02
-4.687077401842019153e-01
4.080697322040235386e-01
-2.023903963954320762e-01
4.823828470482897923e-02
-2.641983161283018022e-01
-2.299849185118701955e-01
-5.747007440944866818e-01
-1.420558210089199747e-02
-1.870144258409546512e-01
-7.351802957729243471e-02
-2.526703162426676696e-01
-4.356811988846478467e-01
2.311401620060815620e-01
1.506398429274399819e-01
6.995653671265816831e-02
-2.661422188029008429e-01
-2.215361679570620468e-01
-8.189353566416569807e-02
9.605220773426398351e-02
-2.052481101023276300e-01
2.273290509965061323e-01
5.204944482375967185e-01
-7.279134499281270099e-01
-1.714570559185063237e-01
5.257131364005556140e-01
2.833846817558460796e-01
1.650523482427349031e-01
-1.087293099852406908e-01
1.760150037843546955e-02
3.827371976677033105e-01
-3.363018393775063508e-02
-4.349728829046297096e-01
6.324348972933603943e-03
-4.335175331361627027e-01
-1.800579440498791262e-01
2.090923706980871155e-01
-2.734784697373224271e-01
7.191739863264909882e-01
-3.711894709685210625e-01
3.349712876348208690e-01
-2.406448740753498738e-01
2.779378444013849703e-01
1.131991652669559183e-03
-6.811559288549603464e-01
-1.016663699037363353e-02
5.786193865527103353e-03
-2.417951837794564685e-01
3.967937257821695374e-01
2.995261869205550487e-01
-3.388727574480431270e-01
-6.087160648443010746e-01
4.420004132613708503e-02
2.001255518881472628e-01
5.935922652855294412e-01
-1.145962459978020626e-01
-1.117123158654157733e-01
7.125637654103098573e-01
6.116265000010019381e-01
2.996161942458186456e-01
-8.430426932693206588e-02
-1.200167874336754426e-01
8.345551964417929902e-01
7.612690382851473592e-01
1.793614260841600583e-01
2.718131255479527275e-01
4.150709938334028459e-01
-6.198183560327589214e-01
1.592180775101854351e-01
2.864716670246013619e-01
7.012549411575041969e-01
-8.545852364105768206e-01
5.793656152413417804e-01
1.508449941096050850e-01
2.210156334613497253e-01
1.181107158168687860e-01
-5.726642101228587300e-01
-7.916905419777477970e-01
-2.460193972523416206e-01
5.275670551899828975e-02
3.257665557311463234e-01
-4.022957145538462731e-01
3.627265112881915554e-01
1.000000000000000000e+00
1.486423159804905747e-01
4.664086487777934775e-01
-9.103597436058347148e-02
3.858785839571299836e-01
-7.758501148655803092e-01
-2.718641566513433361e-01
-3.862910622230644742e-01
-6.307327059962026805e-01
-4.822041639524512480e-01
3.892444219101064418e-01
-4.065998208826505644e-01
1.000000000000000000e+00
6.307889597436330265e-01
1.576516411674279972e-01
-6.248921957728095222e-01
-4.379378770037026802e-01
4.991752791590960969e-01
7.299240457592329756e-01
3.389271842759869480e-01
-3.725207078476387990e-01
8.496067947305856460e-01
-4.820331575007692493e-01
-3.684197230430202308e-01
6.310118701344719083e-01
6.138119849200565081e-01
7.811594326986094627e-02
-5.625250785496526129e-01
-8.069527978700593573e-01
-5.269238702244410932e-01
7.781009584254453548e-01
-4.178901559232899299e-01
4.701259942373743339e-01
-4.682176444651785507e-01
-5.775852499506985843e-03
-2.487209096222330329e-01
-7.213918796613293383e-01
1.000000000000000000e+00
8.684585180589287079e-01
-3.368477437039462119e-01
-6.257221189011759055e-01
-5.374049699752960763e-01
-5.699019536735582259e-01
7.194936637261233336e-01
-1.135559322577531505e-01
-7.441167724418671359e-01
-7.241263934716356543e-01
3.168830756331885157e-01
5.012318785350671213e-01
-9.856052933039535779e-02
-6.894076865178412339e-01
-5.870928921288964819e-02
-6.758352739646766860e-01
-9.638270807180941979e-01
6.848689880915675987e-01
2.078221817045158570e-01
2.949383710708270434e-01
8.690572543552868567e-02
5.432500570266386442e-01
-5.482851384222139357e-01
6.127479516234586310e-01
-2.020781139236541568e-01
3.821552748896655527e-01
-3.881845754414112726e-01
-7.732488984689286360e-01
4.195194665569771525e-02
-1.740421430897348687e-01
-8.861456361564117035e-02
6.752030956742663403e-04
-1.225417455327015986e-01
-8.460335067264664888e-01
-9.157900829333071036e-01
-3.406108137068836195e-01
-1.000000000000000000e+00
9.227185058344631319e-01
3.663430179107153295e-01
2.631590687663791783e-01
1.042971963356916776e-01
-4.230191963220264473e-01
-6.818344014281263465e-01
6.688537159257202935e-01
1.935168068555646603e-01
-7.395778943534850325e-02
8.797596851073192781e-01
4.435507046891025706e-01
-7.071484838728677724e-01
-1.419276927261927945e-01
6.517815415234796683e-01
2.259792729537975498e-01
-8.881778086654643634e-01
4.538741900207066138e-01
9.322767906439350938e-01
6.657552939747555243e-01
1.547801208807271858e-02
8.023906244977890845e-01
-8.911952120918795739e-01
-8.602035175004076883e-01
-4.320561877537398843e-01
6.228289085523435187e-01
-8.836736439670708765e-02
6.399155747069813494e-01
4.966569927139716234e-03
2.936871218128330185e-01
-1.368759808106231879e-01
7.038991362490990555e-01
2.748654674702853684e-02
6.668037468729846040e-01
-6.492312751128486159e-01
2.932731761521617866e-02
5.259825084581734034e-01
1.395839924749724403e-01
-1.281852485276490650e-01
-2.697684666113348007e-01
4.795436901968472831e-01
2.875034385799360992e-01
-5.716964003712908804e-01
