5.939088749273051526e-01
1.628153466407719907e-01
-3.043550602723225085e-01
3.869656576325860575e-01
2.512024298568471536e-01
5.481059204902405391e-01
7.684497320132563924e-01
-7.591708174131674980e-01
-5.811236671513784202e-01
-8.702135018325702909e-01
-1.000000000000000000e+00
4.886458764392493936e-01
9.135578699018576110e-02
-1.000000000000000000e+00
-1.372843556258832587e-01
-7.690618806630991067e-01
1.045779950251546075e-01
2.916957547774035042e-01
5.245571175138415143e-02
7.203624257683827192e-02
-3.695909638616339254e-01
3.672373916393253251e-02
4.834166490687834550e-01
6.811140332772596118e-01
-1.881926925463331679e-01
1.251059555976483939e-01
-2.705549924067919831e-01
-7.083032972444294750e-02
1.770817279516005149e-01
1.476823731278493201e-01
-3.460037104330933588e-01
-3.697796700829870664e-01
-4.115340310799708301e-01
-4.298092055282590196e-02
-7.006015690588456302e-01
7.467107207863326046e-01
7.647112378686046763e-02
-2.125512630103281730e-01
2.045547316127690196e-01
-1.935781244752298735e-01
-4.395587838739153375e-01
-2.280191890573893543e-01
-2.042230798409013504e-01
1.108970012893091689e-01
-5.342270832170811223e-01
4.885779432045946058e-02
-3.093236857782567517e-01
1.794910351252481107e-01
-3.595374861237628922e-02
3.402799163696922369e-01
5.471254004780073954e-01
2.849076364383946181e-01
3.608523597406882444e-01
6.396564052319051452e-01
2.586740395361240008e-01
-4.382547381913663026e-02
5.664767093132057063e-01
-1.329717711385066392e-01
-8.463354462172406611e-02
-4.698988932982720024e-01
8.900684893518943930e-02
-7.659014668876848453e-02
1.215949630498003586e-01
4.189241740248679791e-01
1.221576557103024874e-01
-3.767978615280485055e-01
6.942718789539318314e-01
5.412556919317575987e-01
-1.685727050685644213e-01
1.832553228743268037e-01
4.746043023325000054e-01
2.950873371265482770e-01
-7.574777112023921566e-01
3.571347333633933530e-01
1.532009358404952115e-01
6.032294304766928628e-01
-5.450336883006855482e-01
3.655179537806325096e-01
4.222159459677680970e-03
1.118059069090367869e-02
-3.764537879631119077e-01
6.005059251560743716e-01
5.049513593953515178e-01
-6.549715642756973599e-01
-9.284621766162105827e-02
-5.350878683371249611e-01
-6.992548714028555823e-01
-1.823409930181525418e-01
-9.116827097839554916e-01
7.639076883395315952e-03
1.000000000000000000e+00
-6.514312438737727140e-01
-2.076899666786346382e-02
3.583329012553813225e-02
1.910618405174635548e-01
-1.450287360563475292e-01
-3.202398589426844744e-01
-7.833923233523604202e-02
-2.447017222832821859e-01
1.817726094988349195e-01
-1.762303887256855273e-01
1.265906717101344947e-02
5.274435105966464032e-01
1.703691357855848798e-01
1.536611151863279123e-01
3.356417145098914423e-01
-3.152268320107761701e-01
-2.751815467902206658e-01
4.713189370760174079e-01
2.788147203016669851e-01
1.559170853366330101e-01
-1.848413714117441015e-02
-2.300974874491753530e-01
-4.275603727159517642e-01
6.773346619108617794e-01
-2.126333573588853887e-01
-2.900504659348470127e-01
5.775766137158788033e-02
7.257571490876803255e-02
2.829747900511604408e-01
-4.408445996222358221e-01
1.078841133912132599e-02
-3.816463628001016684e-01
6.887633804050654826e-03
-2.984610906051764212e-02
-2.137383914449493827e-01
-6.683928875712080719e-02
-5.335922272313530224e-01
1.990484390207438586e-02
1.291477109838212456e-01
1.624470515989322184e-01
1.888935357142087768e-01
5.592917676558499529e-02
1.506846363103855335e-01
-2.291524554245223666e-02
2.133886889694699973e-01
-4.121221480920227442e-01
4.299244776643866839e-01
2.872820157318384804e-01
3.427234547695951622e-02
-5.406050356298777171e-01
6.218235268109065794e-01
-1.953400774724202982e-01
2.531333416274920700e-01
-5.348732662066087995e-01
1.114647363353441917e-01
5.484419646860789754e-01
-2.003264967810046426e-01
9.683981683870097890e-02
5.010585240294773701e-01
-3.824737575148947077e-01
1.337723516022093773e-01
-1.424417344186238998e-01
-1.638950211646506561e-01
6.578450432284301819e-01
3.357767857250969490e-01
2.792802418901437767e-01
2.429329240336798312e-01
-4.680303086695190018e-01
4.847816639612927969e-01
2.766315493507830459e-01
-1.054079478300365136e-01
-6.400762200050388873e-02
-2.413820680163637489e-01
5.474457910227954055e-03
5.214587451281812447e-01
2.908945814045042766e-04
2.565401305687281530e-01
-3.268282937912134201e-01
4.284894275096593486e-01
-6.826960533103165751e-01
2.154905930400680958e-01
3.081935634045817607e-01
3.924048884091219103e-01
3.181992683429317736e-01
4.634382414454351062e-01
4.532193238227493759e-01
6.253445966649204824e-01
1.861401419006074032e-01
-1.240156434866602347e-01
-1.005026174451853320e-02
1.967003550109823126e-02
2.790989032976454731e-01
4.152777249250168001e-01
-1.122771716395689623e-01
3.558489282896194483e-01
1.243773553120018915e-01
2.176133929562738822e-01
1.933979372590508838e-01
-3.191297284894344388e-01
-1.623992552943046841e-01
-4.076983928063760976e-01
3.487720544712353821e-01
4.404263301024434751e-01
5.563537927439573538e-01
6.797295530273950170e-02
-3.595903350225555795e-02
-2.198949728675493320e-01
-4.691898809289174466e-02
-7.801095429610475085e-01
-1.305004448410655993e-01
6.661160752403739727e-01
-7.541526412873029717e-01
8.654962815475834015e-01
6.946008676167363394e-01
6.046868196595176492e-01
3.857643566056775941e-01
5.168142364829118041e-01
-5.403084802075956983e-01
4.446842961938812788e-02
-5.329235815621115036e-01
4.454580926460272733e-03
2.638303237050995120e-01
3.427788187085517024e-01
-8.018534302446577167e-01
-7.636676521320667765e-01
4.377865787830230171e-01
-6.708824748125140625e-01
-4.362838727437423625e-01
1.502804002725890431e-01
-1.298513662578055505e-01
6.920885629642313797e-01
6.204845895954591573e-01
1.823635621032284604e-01
4.924102018740308950e-01
7.857177319957142636e-01
5.419592366562864250e-03
-7.367974983709089931e-02
3.508606909305817534e-01
-2.305797420493509997e-01
2.519091881129470467e-02
-7.328059507215293200e-01
5.446625012081272033e-01
1.405283614806573933e-03
-5.328206638721839222e-02
3.206717704357358034e-01
-2.367271014540179852e-01
4.178307720660174862e-01
-6.702245331723923893e-01
3.348839465228721779e-01
1.204466913847370424e-01
3.520443598288962028e-01
7.148826668301060117e-02
6.491620243348698027e-01
-6.006568479988318998e-01
-1.055438719812410997e-01
-3.382330787115116477e-01
-1.849915423612376875e-01
6.976088286783975745e-01
-2.290375036775860185e-01
-4.886501949471855899e-01
-2.422909473520007684e-01
-4.037220750566179739e-02
4.791788831357208789e-01
-4.622804968781690782e-02
4.546748328628283375e-01
3.739147087818082693e-01
-5.685433466006266645e-01
7.304723280792418949e-01
-1.035770701448494868e-01
-1.022894184327375611e-01
-4.326821636200540999e-02
3.352303245653019403e-01
-4.018088061513118703e-01
1.394388730918975569e-02
