4.921355410332419189e-01
-2.544933241151359771e-01
-2.019921513217450004e-01
2.555402783157300073e-01
-9.008620807030984223e-02
1.399022780905382068e-01
5.818568087338325118e-02
-2.035780323401263289e-03
4.700507120619775159e-01
1.693004756585513304e-01
-1.705289085974598384e-01
2.497174750728638204e-02
-4.288557561536754936e-01
-3.867832954560956882e-01
2.470519240298790775e-02
-4.979548184555667723e-01
-3.414152957192594373e-01
7.537345673624914477e-01
-8.532350792843539367e-01
8.508564334975181331e-02
1.078354627892742501e-01
4.970610690349674954e-02
-2.802925488472480797e-01
-6.580963462958715482e-01
-3.344853590754148787e-02
-4.311303943460951804e-01
-6.219631104075162842e-02
-2.824932592139077769e-01
-3.179059132721396286e-01
-1.053871421960133059e-01
-1.797094087151661634e-01
5.872483542853937921e-01
5.162813831960327837e-01
2.686169032888504615e-01
2.520299783622981932e-02
-1.400549590672734712e-01
1.920577031817496949e-01
9.469894822383670419e-02
2.021375185038865735e-02
-2.793148947208854982e-01
-1.954330766207819092e-01
-2.304708558307512478e-01
-8.128225852793596884e-01
5.636372008145340562e-01
8.344223484739952956e-02
-2.535231697143162100e-01
2.332958502415360402e-01
-5.247893533785612935e-03
-3.001372500672538357e-01
7.522734304264960814e-02
-2.055025551887018076e-01
1.895835295088007244e-01
6.153803191613572282e-02
1.687665317054512226e-01
-8.364975100593310953e-02
3.378375317991437754e-01
-1.825932551902882117e-01
-4.928607489271125131e-01
-8.164139386431015777e-02
-1.755825786223655094e-01
7.632505060984458023e-01
-2.060006812174331459e-01
4.687388655379907121e-01
-5.318896702249781283e-01
-1.310296949640350761e-01
1.449506128338158006e-01
-1.391927050406492061e-01
1.945248582044043495e-01
2.035130189850830051e-01
3.755975309735996026e-01
1.579197568844642185e-01
4.613962711217467483e-02
-3.138866195346944887e-01
1.118491325412512560e-01
-9.435504068039572700e-02
9.296552054754561589e-02
-2.995233885122207118e-01
6.040415083162157250e-01
-1.656405481632978460e-01
7.168351750603654815e-02
-6.107901968412703386e-01
-2.184038831472276398e-01
3.220940140583757882e-01
-5.033727158616835284e-01
-2.251629977955300899e-01
-3.476431173928924423e-01
-2.105209111295166802e-01
1.171882615932561336e-02
-2.111800840873301610e-01
-1.211404514469039684e-01
-2.173364954230142670e-02
-9.733094622075184610e-01
1.771157045822815412e-01
2.523722707575818403e-01
-7.273108380245174587e-01
1.208581169707083625e-01
-3.892165912722947985e-01
-2.199545925513390621e-01
2.293564097030918458e-01
-4.005761014810933773e-03
3.822966944431752806e-02
-2.550595462483910558e-01
-7.103765439565858097e-02
2.869602607104857483e-01
-5.561247046413235751e-01
5.169879717580430079e-01
1.525432960861067833e-01
-1.723855718034042195e-01
1.882981670512790251e-01
-3.461857418721462354e-01
2.582548881488333503e-01
-5.306794280969893973e-02
-3.227656801256952313e-01
-4.380254419217925466e-01
3.011196429697004517e-01
-2.543379020337951935e-02
-9.897653368263610307e-01
-4.989496955313959536e-01
3.494269360734092444e-01
-1.683985654246467761e-02
1.340576033486978735e-01
-7.093894831696656578e-02
-4.323450582440304668e-01
2.460697426998660342e-01
-3.610356627696115206e-02
-2.097520670706679718e-02
1.275985323583349873e-01
-3.534895393067710723e-01
5.298800402531858023e-01
4.041203090029917844e-01
6.814206622082021048e-02
8.343183644030323365e-02
3.919707113292819622e-01
-2.301188360935349508e-01
4.719402786843245878e-01
4.484058951993768333e-02
-6.720911755737372928e-02
-3.405275936087762689e-01
4.525059141047213518e-01
5.569461559923887251e-01
-5.414897125332721606e-01
2.062991575260023913e-01
-5.100302578277019494e-01
-5.505713249222941030e-01
-3.717162782971848989e-01
-4.628774880440933992e-01
3.749401187492323317e-01
-6.488964032330850618e-01
2.631698161593506446e-01
7.065879586474133056e-01
-2.414142605945604203e-01
4.266254694549994064e-01
-5.331646501579330177e-01
1.235932318647047640e-01
-7.797487386781291052e-01
-3.891845902756846387e-01
-3.048716053157313755e-01
-3.551778158641596406e-01
-6.865601152473277402e-01
5.012762227771119239e-01
-6.658973510730306078e-01
8.899483477708131085e-01
4.219055131647794221e-01
4.863373747834927319e-02
-5.516213026403667952e-01
-1.000000000000000000e+00
7.160812449537982127e-01
1.000000000000000000e+00
2.031929575069641725e-01
-7.315597911048705715e-01
9.058101918670291575e-01
-5.865033040866227676e-01
-3.520004911408406434e-01
7.096090160943910874e-01
6.936249773580812628e-01
1.548737878822802616e-01
-6.316981811669839519e-01
-8.294713768046603208e-01
-6.563671536464338319e-01
5.772743926083657717e-01
-4.872856821323415244e-01
6.705993318192057240e-01
-6.707202558756047983e-01
-7.717490677503920614e-03
-2.399203734662726517e-01
-6.635783720515442408e-01
9.089288789627013587e-01
7.875723634511629934e-01
-3.343424015725966481e-01
-5.329804760223145754e-01
-5.361864111850230818e-01
-9.095767179968806682e-01
7.463648199779399084e-01
-2.655306461605997370e-01
-8.500032372937600389e-01
-7.424372600447208814e-01
3.347191816356430705e-01
5.296786953436143364e-01
8.039425213859677233e-02
-6.995169924377244719e-01
1.872427179624236993e-01
-6.808661118802715739e-01
-9.606280993130180690e-01
6.929215517495094234e-01
2.090921250866150660e-01
2.922692641500344024e-01
1.198831845336196938e-01
5.521126434100512848e-01
-5.613175102447232057e-01
6.297982126210360798e-01
-1.902031347174801545e-01
4.344794567241140881e-01
-3.974097717305747346e-01
-6.270337115889956792e-01
-4.059517495652002483e-01
-4.061233154249019872e-01
4.786704828065946327e-01
2.353374580600038971e-02
1.787042523718652132e-01
-1.886637296943013964e-02
-9.029404910865683476e-02
3.767197287086598845e-01
3.856662694178193407e-01
3.234414012613806566e-01
1.510826928239326072e-01
7.646933935234668800e-01
5.324368624569175007e-02
-1.019146859131675742e-01
2.134984847888875825e-01
-4.042375771041676891e-01
7.945363906086247430e-02
-8.287002429318650609e-01
3.390239582546260566e-01
1.706482136587117726e-01
-2.589344128423612945e-01
3.049537199937101678e-02
-2.740344034164488574e-01
1.782085140522848832e-02
-4.246911498863581436e-01
7.119731666791573321e-02
1.000000000000000000e+00
6.785862056437758083e-01
1.338424951251827692e-02
9.351818400512145191e-01
-8.996110263618098957e-01
-8.773741280894384875e-01
-6.664093152127263942e-01
6.308094143200967396e-01
-5.868881558309616692e-04
6.723520442887108706e-01
1.554208298482929740e-01
4.601233287346089273e-01
-2.721307857036571187e-01
7.185410481554941331e-01
-2.901668506670855852e-01
6.738028473505522919e-01
-6.404799191021197657e-01
-9.612300003062472509e-02
5.407302517857737190e-01
1.174858851483062405e-01
-2.521153869906813116e-01
-1.076335035969645942e-01
4.463950034827353086e-01
3.010574350088400242e-01
-5.699407144411160475e-01
