3.896312363816791802e-01
3.669261119522581049e-01
-3.749222851381602273e-01
2.352632391085913155e-01
9.933923687887381837e-02
-1.467587644544593728e-01
5.375755493430947607e-02
1.402201443269333880e-01
1.242348447328122940e-01
-1.085813359011035262e-01
-9.448459597559788481e-02
-5.626259765493215464e-02
2.638612915492494215e-01
-4.681723098521118898e-01
-6.408011634625206121e-02
-2.307709238658423312e-01
-4.969724966432297886e-01
3.163586119139383812e-01
-1.388045369787833661e-01
1.515607454524158237e-01
-2.170082089121951330e-01
2.546209809419177628e-01
1.193845806016952532e-01
3.562277609862954941e-01
-5.725340404985040932e-01
3.084709615490935364e-02
3.829179575499856436e-01
-3.613824088599701945e-01
6.690160000074624191e-02
-2.772046787315392558e-01
-2.581128293190994571e-01
4.033279401666172159e-01
-1.847898596902527446e-01
1.534508616839000417e-02
-3.417196744549705900e-01
2.412708479239469850e-01
-3.869872402981421322e-01
-1.879179006328488277e-01
3.253360764519269699e-01
-9.182395571562507186e-02
-1.508623882978024633e-01
-7.052115484633729725e-01
-6.155963628459568682e-01
5.190084638602989742e-01
-2.741094435026886211e-01
-5.668029071124177642e-01
-4.962451416100560619e-01
7.263761151607624200e-02
-2.839917028331365723e-01
4.427990776852247512e-02
2.139987975367256545e-01
4.239348006969467786e-01
-1.925412108595700444e-01
-8.160293377487018440e-02
-5.842266121874627460e-01
2.758822781334670515e-01
4.651428551647637244e-01
2.168164611905314676e-01
-2.987986423313340190e-01
8.290102035684513426e-01
3.550156892825546695e-01
2.388751318222450126e-01
-1.935735463698056158e-01
6.833757416248509298e-01
3.496563498396076941e-02
-6.620810286235775943e-02
1.506280271298500451e-02
-8.094720589981668768e-01
3.630483101321553829e-01
3.507826259699698412e-01
-2.172568199500219122e-01
-4.496655407414132943e-01
7.201727507618450874e-02
-8.396223126553545857e-01
2.195115353687072945e-01
8.871708248937265617e-02
-5.111049012859222307e-01
-4.180847297056008438e-01
-1.310590536066953971e-01
2.437239670109494355e-02
1.851999269209987087e-01
-4.475796509686954389e-02
-3.723571377065607590e-01
-8.230796266480874812e-02
-1.405077366527954785e-01
-2.910268436519263258e-01
-3.314963690951651110e-01
1.267082848738563527e-01
4.630693380465356612e-01
-6.566835932337404813e-01
-2.781711126869970685e-01
5.985737320234024716e-01
3.455237475300113048e-01
5.537744183499188066e-02
1.747031259825510691e-02
-5.086880473225842136e-01
8.701430092225723723e-01
1.422640403138115683e-01
4.089971551939368677e-01
-6.087216989546140322e-01
5.068806791506467180e-01
-5.856126090030466802e-02
-1.838310610635706388e-01
2.543291652804069436e-02
-6.561231794450075316e-01
-9.577167463286333504e-01
3.041513578215315761e-01
9.501203192163076849e-01
4.103908749235821163e-01
-1.000000000000000000e+00
7.528301312833449721e-01
-7.712523747517843198e-01
1.518128596223920490e-01
7.474476774798337608e-01
2.580836330497433551e-01
2.024140491317554247e-01
-3.896750329139577751e-01
-6.091136213253689480e-01
-5.300273273684638631e-03
3.592433795233519467e-01
7.052381599691401881e-01
4.940950213767425492e-01
-1.963000710052454079e-01
9.063148908770117806e-01
6.807197691188788813e-01
5.912932619828372705e-01
1.729624100348410576e-01
-2.985466079480027513e-01
6.485269181916171188e-01
4.961582266457318924e-01
2.245980828605172452e-01
2.342002906303001508e-01
1.000000000000000000e+00
-2.299175796595585852e-01
1.000000000000000000e+00
1.147135111524007212e-02
3.622249831080595062e-01
-5.455061429569550979e-01
7.654445951868313891e-01
2.648000832720520670e-02
2.816503408658574403e-02
-1.594141349990319811e-01
-5.103616504620012151e-01
-6.734992903117402729e-01
-5.861974396577480650e-01
-4.516452260471593982e-01
3.216999368162301032e-01
-6.715401754980406812e-01
2.139912754111297777e-01
7.078760538477320008e-01
-1.963229224787921001e-01
-2.240787712214026284e-02
-5.101419370273568843e-01
-5.215043407144185350e-01
-4.120318351366111798e-01
-7.834581098253790010e-02
-1.926328222692350600e-01
-3.967933614332714853e-01
-1.240380857924868185e-01
4.172152915109028082e-01
-2.860092451471361596e-01
3.526044336347402552e-01
3.303606691278997420e-01
3.219104657380862655e-02
-8.647052360893874301e-01
-2.782493679904411432e-01
5.327196041257167280e-01
4.283632391667585027e-01
2.069269258410129653e-01
-2.532569158914749208e-01
2.952231572609690380e-01
-4.940186847957213634e-01
8.127429691736859363e-02
4.523676252587847113e-01
2.234259427973752932e-01
3.609515801687250280e-01
-4.059171931363211860e-01
-4.577757090460716771e-01
-3.033350253038971656e-01
7.445555136360197945e-01
-1.217387637570294390e-01
2.318717526334475865e-01
-2.912526826869690222e-01
1.034524251786995142e-01
-8.288471547176404775e-01
-3.201170676199978637e-01
4.197076849618018857e-01
4.352549583024504232e-01
-6.193543821471143573e-01
-3.183194335102160211e-02
-3.093613774097881963e-01
-5.128476043429128772e-01
8.325391881943291494e-01
-8.954772039609043555e-02
-7.958203170805822069e-01
-6.344913159311440509e-01
2.895583806705823715e-01
4.927826805125590792e-01
-1.406756113069889125e-01
-6.552947724870681334e-01
2.035550441814786282e-01
-4.398615505071656884e-01
-8.177418628481512020e-01
6.346452213365716410e-01
2.306378946764504889e-01
3.190163622993843484e-01
2.152247129708374229e-01
6.364310314511397726e-01
-4.916267132459860578e-01
4.203963088674601001e-01
-2.321372352425485897e-01
1.702657174037335019e-01
-3.803027944195723764e-01
-7.078156036387122096e-01
1.882849301305422052e-01
-2.979479150640261809e-01
-4.109632462468461311e-02
4.140049951035920661e-02
-4.030816049970623732e-02
-8.253108355999523305e-01
-8.554346287136793681e-01
-3.551764607067485757e-01
-1.000000000000000000e+00
8.487908682110201219e-01
4.327060512471793130e-01
2.451714670622112124e-01
3.792000881673461832e-01
-3.715727508442439597e-01
-6.607127999365384197e-01
6.256952982215175929e-01
2.146789467640401461e-01
-5.257364472930944332e-01
8.252881457855600900e-01
2.416391004164746281e-01
-5.916938938711922003e-01
-2.485174420726326272e-01
7.677321904026132016e-01
3.046636641529557599e-01
-5.914190721638323822e-01
2.208559811767457637e-01
7.896966370232149091e-01
6.315577509943925971e-01
1.947247039044907591e-01
8.579156294492328305e-01
-8.549899439262835799e-01
-8.252799481632193679e-01
-7.103719387869882329e-01
6.157722872030281236e-01
2.604308824726849769e-01
6.458235814279345011e-01
1.110492561172537473e-01
4.863075080760447810e-01
-2.281480395935799321e-01
9.640071841331683267e-01
5.766809719116989391e-03
3.524463081813685172e-01
-4.683956269391199578e-01
-9.829318564908388900e-02
5.051662205063863764e-01
4.723333040575448255e-02
-3.270194647564275137e-01
-5.968031891251972254e-02
3.911318463393692602e-01
4.163341284162584977e-01
-4.577453650103404659e-01
