-5.272704700584147641e-01
-3.872423283506477021e-01
-1.012024462608594466e-01
2.540229003113541051e-01
4.781545896294161491e-01
-4.890186326927310478e-01
-2.605199108388732698e-01
-6.871897615368920131e-02
2.746291581427637851e-01
1.053880836592893389e-01
5.452399456562889712e-01
6.137615438040537885e-01
3.880300705103217895e-01
1.895441109733445040e-01
-6.784989783532602292e-01
3.278486341196736736e-02
-6.023103119358217405e-01
-2.663840984263967648e-01
3.659401789511474989e-01
2.194424063402498626e-01
-3.398874555562067523e-01
-9.595043391185290038e-02
-2.256541759929178992e-01
-1.133384027093622543e-01
6.317346032335873218e-01
1.142755815389406016e-01
-4.197805525146974248e-01
3.865335794931773483e-02
-3.433483297560413483e-01
-2.544931709643562523e-01
4.983061766071986698e-01
-6.786734185998441471e-02
-2.677168129479244874e-01
1.515395286704606104e-01
5.010091925722650608e-01
-2.590704021770779963e-01
4.134676130482698442e-01
-1.233214904548970980e-02
-3.712554806881134262e-01
-6.657662829635693225e-01
7.378310649463060145e-02
6.257301995347990253e-01
9.189535860776878451e-01
-3.834436652466521878e-01
-5.024829372251098381e-01
2.510965894438235146e-01
-4.095423735137750376e-01
-8.023471726616046018e-01
-4.108124840226845542e-01
-8.854015741975760356e-01
6.725004516797703502e-01
7.728140172458294876e-02
7.490958012871511418e-01
1.782047699778094019e-01
-5.433028551054006616e-01
-1.405009361003872748e-02
5.741287285014042840e-01
7.355296476831603147e-01
-4.100332189675578998e-03
2.776681677337305976e-01
7.466093878648513704e-02
-5.093486922296638908e-02
6.747002421473972111e-01
-3.361094941666157437e-02
4.489431817014791770e-01
2.948761348207273314e-01
-3.812552649884363709e-01
1.418788090348341857e-01
-7.370872910431814917e-01
-6.869976684072153228e-01
-8.147159501854441821e-01
6.057266014633410078e-01
7.677069691194784440e-01
2.124634399682008568e-01
-6.812749006264529061e-01
-6.357041653074385623e-02
-9.991489798239804321e-01
5.309479998439194937e-01
-2.778170241697801579e-01
3.959709958933292917e-01
3.943962269371381613e-01
-1.424526706551847433e-01
1.716316361003047408e-01
-6.998021318192693130e-01
3.153749217970494012e-01
1.039062926981140222e-01
8.360090686801623094e-02
4.886612680209752313e-02
4.748920314459006975e-01
5.457773110815016260e-01
-9.734388559485619707e-02
8.866061890442693549e-01
2.992861691466339735e-01
-1.284874265319474185e-01
-5.240472673738056503e-02
4.596530103652443078e-01
5.889479035267507490e-01
-2.668079016945348325e-01
7.082212005138581734e-01
3.657860829128061209e-01
1.856491540596155176e-01
3.082963453431000200e-01
7.365663638796435611e-04
-3.054754527766097572e-01
-1.481478723059164726e-01
7.051963812702533030e-01
-3.303710364920891540e-01
-3.449611677444627267e-01
-3.515890505525453014e-01
-1.591236940332290961e-01
-2.206492402423258503e-01
3.208054830724986761e-01
-9.224374689305142594e-02
-3.928974933562265348e-01
-4.311908797885482536e-01
1.052532617020519867e-01
7.972732862176583613e-01
2.317895469097049355e-01
-6.775751854043235434e-02
1.629340721862347630e-02
-6.411527641053320348e-02
2.913472118658667620e-01
-4.599222207360230581e-03
-6.439881810783476546e-03
-5.597321458148396545e-01
-5.830800808974093696e-01
3.444093322007509839e-01
3.891817401274381694e-01
1.670466093041608757e-01
-2.096394744995025983e-01
5.348761020336800093e-02
-4.281975139291731569e-01
-1.274967826367362500e-02
4.221646325405195022e-01
2.665915426575746761e-01
-4.179126698507900084e-01
-3.596466419720698582e-01
-6.935453056228479962e-01
2.419705883584240824e-01
-1.116040507856991965e-01
3.080529706127501655e-01
1.190956040431574714e-01
1.260550358894146072e-01
-1.891873628183147193e-01
2.193982933171449157e-01
-1.071071047926812903e-01
-2.566434555758407288e-01
4.453337253693435971e-02
2.044833524000172487e-01
9.361092015637589858e-02
5.185787307254718925e-04
3.079092636078580858e-01
-2.207357118019609987e-01
-4.782566448385009578e-02
-3.000397846482995567e-01
-3.826042977410021306e-01
-2.504371735616635619e-01
1.936656292370982357e-01
-3.660119906953792634e-01
-1.340973265812627768e-01
2.389280259549997620e-01
-4.472481930819890983e-01
-3.042462416679984072e-01
-5.223339824949405630e-01
5.518432257911163319e-01
-4.032761614969876396e-01
1.607827324331788724e-02
-3.345479028619843809e-01
1.789329040090227863e-01
-2.695569689508459654e-01
-2.332079232296786486e-01
-2.388650403933185451e-01
-2.884226730226907565e-01
-5.014362878960931802e-02
3.348089694218966406e-01
-7.403008559064203631e-01
-2.653434742052869777e-01
4.965194374166580493e-01
-5.686991531897804819e-01
3.459374144378926652e-02
1.952458168076866840e-01
-4.924197733248290576e-01
-4.674199962639641326e-02
1.711077560128773656e-02
-2.159930440559232889e-01
-9.182700335702875805e-02
-1.388738157200278822e-01
4.487112408804294073e-01
2.117411479622395010e-01
-2.526192323021623776e-01
4.967628775230024940e-02
2.056645160957931706e-01
4.212256625941660504e-01
-4.202819302121169054e-01
-3.500918437119984183e-01
1.415576286293295794e-01
1.342487583452510180e-01
5.679566520938293950e-01
4.369963930775156435e-01
2.294872401906675741e-01
-1.899160980358747530e-01
-2.694369265514853229e-01
1.182298039704031967e-01
5.290037136710079579e-01
-9.794968719911006927e-04
2.881375413413963527e-01
1.963611915947853503e-01
-2.117393098131119256e-01
-4.745924207747745371e-01
1.422798514002894255e-01
-3.708923294637413159e-02
-6.132297058252025312e-01
4.734795066808607511e-01
7.116923390037721564e-01
-1.549920995705028615e-02
-2.486815750203065778e-01
-8.953207625369121736e-01
5.676760232273294626e-01
-2.405176209565425549e-01
-6.498121902555787921e-01
-5.841770556499471523e-01
3.063073587033326994e-02
-8.392614202017208147e-02
2.122115538653393252e-01
3.210510879986293586e-01
-3.442057063806052142e-01
-3.573779770618056850e-01
1.425017886497014219e-01
-3.807394159206501927e-01
7.964048935170275900e-01
-1.192261194306479949e-02
4.742875873145707688e-02
-8.242143199569522682e-01
-4.473193435585819389e-01
-4.946209855058426169e-02
4.531903608510312598e-02
-2.779024135142568741e-01
2.093586738511155065e-02
-1.777397916469747319e-01
-1.174108448808060673e-01
5.118734173529840836e-01
1.365429180420116018e-01
4.135401660218604447e-02
-1.542287438431135249e-01
-4.458745309882857222e-01
-2.451787766866508206e-02
-8.646842648353164629e-02
5.283353067207705589e-01
-1.821314007601903817e-01
3.036038808374031395e-01
-1.015216909504147447e-01
-5.078170757116238221e-01
-2.664066858039437768e-01
5.550621223402680826e-01
-3.591868840116779205e-01
-3.165473607315005267e-01
9.323885511435213436e-02
-2.255024482311138723e-01
4.716148912402979287e-01
2.295174142216384605e-01
9.334055816946090767e-02
2.929098837789748111e-01
2.747073585829650777e-01
6.902911575722531223e-01
-1.011152797750825560e-01
