2.088523800614047188e-01
7.255556671965328608e-01
5.645850184207121814e-01
3.097536933124224734e-01
8.052465293325536955e-01
-9.074685570859339356e-02
-8.973942390489294541e-01
6.899155772565519484e-01
-7.701981056053863739e-01
-3.046507974129663565e-01
5.280156941241958002e-01
-7.550160552343618825e-01
8.896763593178927954e-01
5.297299286346583980e-01
4.208291196017679425e-01
7.790213092564466368e-01
2.369636420344335415e-01
6.073591287955537599e-01
-1.375187516588913528e-01
-5.293718974296115487e-01
-5.226894933296243329e-01
3.152446501529685974e-01
-1.121658012140327176e-01
9.132670898822585759e-01
3.788947109990760120e-01
8.351304793521232561e-01
-5.462817260982945067e-01
-5.146893879634975022e-01
8.304216821258902925e-01
2.301349891118902868e-01
-7.128075794273778243e-01
7.466927517932433478e-01
7.318977522894163368e-01
1.746701700352890629e-01
1.623864593469876716e-01
-7.169938142362886069e-01
7.994548847702124261e-01
3.699408768185117324e-01
-4.131051491600530590e-02
-5.716155915757843431e-01
3.874693339139174686e-01
8.320320017941167379e-01
1.657081002873607156e-01
-1.037732718600914289e-01
-1.323437847600257289e-01
-1.409049314168326905e-01
9.296745423021061105e-01
-2.733118486098776723e-01
7.987202493520675350e-01
6.012438387379175353e-01
-2.398951411773202549e-02
4.426139662257416174e-01
-3.064831411113675408e-01
6.720168749439632272e-01
-6.265081963479111060e-01
7.337150955706911448e-01
-8.356351593440107806e-01
-3.989318055622020354e-01
5.236831456068137269e-01
-4.330118311839027401e-01
1.470576737441273707e-01
3.554539547545053080e-01
4.013038599664212058e-01
-5.065635997405091295e-01
5.758510979944645447e-01
7.421174267656283075e-01
7.680203462198698094e-01
1.297808796641879148e-01
-7.089932792325598365e-01
-7.914946095832182671e-01
-8.875320998432616459e-01
6.403578048130976752e-01
6.636544044602291637e-01
2.000523399195128504e-01
-2.813436925730209981e-01
-2.241350615272799385e-01
-9.077381782868819693e-01
-5.937164782720881773e-01
7.876906831252437069e-01
7.306250293380511796e-01
2.526986394445295270e-01
-4.873842580946156078e-01
-4.333968883931382798e-01
-4.950990112397832266e-02
-3.046976035335441924e-01
-7.294026071519384979e-01
5.621465645762220298e-01
6.464383020617591180e-01
9.020627291422772531e-01
-4.981863615081187358e-01
-5.418920160298925648e-01
8.731146814478688567e-01
-8.215044587063289327e-01
3.156125760054549756e-02
-3.689776013760168727e-01
8.476963263989675257e-01
-9.639419656228928601e-02
6.018299783619174281e-01
-4.400667885239091248e-01
-5.994430118087284987e-01
5.514253603792367286e-01
8.249482211326798486e-01
-3.079728888997789737e-01
-2.786964728966910831e-01
7.175411285929628180e-01
4.604705177164981622e-01
5.321848300744437266e-01
-8.230679767046693573e-01
-1.000000000000000000e+00
6.300576378034659086e-01
-4.198853249501111051e-01
2.229308559924162714e-01
6.502562605966853981e-01
1.193604951660389435e-01
8.251718949520621127e-01
6.775767711370797031e-01
9.071173864873520731e-01
-8.080654646385885265e-01
4.633974340545813364e-01
-6.476807091251306492e-01
-8.651398489052922747e-01
-9.436922223627666750e-02
4.753862174704162058e-01
2.597897021773143411e-01
4.563640040850486801e-01
-4.520969155989688071e-01
-3.129972350227669953e-01
-6.713071606552136750e-01
-4.587620825954645820e-01
-6.722054282379029688e-01
-5.259990354894829023e-01
-5.130832016312573129e-01
-8.853241392056261372e-01
-5.533889532814699752e-01
-2.156046121251853631e-01
6.197744363611562557e-01
-8.231605389081428914e-01
-2.075281832310323926e-01
-7.941240720143351028e-01
5.380230188368043120e-03
-2.595326820315538296e-01
4.765116328158948145e-01
-5.043254492585159676e-01
-8.690372670011099476e-01
-9.200210980469283317e-01
-6.553981674310862537e-01
2.679470978085243815e-02
-4.385708196154846639e-01
6.034291594881471266e-01
-6.321697475893252038e-01
-4.937270850158598234e-01
6.844287194275657793e-01
-7.022364102379136108e-01
6.668360762744091064e-01
-4.775395326828629217e-01
-8.829507356631371984e-01
1.158640877274887127e-01
-8.540751213738418945e-01
-4.652479598287467266e-01
8.459658913186940410e-01
4.081727614632661982e-01
7.429319107895830943e-01
-7.991592125525199819e-01
-2.277619513509009652e-01
3.234268427253102485e-01
6.647834918773303237e-01
-6.122499024679717294e-01
-6.422634202403598724e-02
8.330397491928395737e-02
5.650217550977146841e-01
-6.170100843566664328e-02
-5.800909477632126832e-01
1.559655190052930129e-01
-6.628630401867084687e-02
4.928474521825638166e-01
-6.350158208314461428e-01
-3.972840505004521239e-01
-7.469951768507967493e-01
-4.103663614199966059e-01
4.509376101835201878e-01
5.101398948459513472e-01
3.285468152100378125e-01
-3.249047059159366757e-01
1.201102593734503371e-01
-1.348487002604589497e-03
-7.824318263466418788e-01
-6.036359011732639335e-01
1.838850439262820491e-01
6.234029032289550853e-01
2.154174381273041838e-01
-7.875709572907172440e-01
-2.240134687213131970e-01
1.400556817230188267e-01
-7.693463977995579350e-02
-2.640554229020979360e-01
2.260738544510771664e-01
9.222015300299343243e-01
8.436258246944897676e-01
-7.017199818545027945e-01
-4.792986382775196175e-01
2.041316224544946212e-01
8.187526289931116308e-01
8.735997744099781581e-01
-2.334115424739893474e-01
-6.417086004119544329e-01
3.549409547336544041e-03
1.244966512046773999e-01
-5.260325999221742155e-01
7.996545721706861398e-01
7.041453129449920523e-01
8.855261483301271608e-02
9.058237330251429631e-01
1.124935401138358985e-02
5.286239497573180790e-01
6.567130670666484482e-01
-4.779774200613139956e-01
3.841118396819396263e-01
-2.572302578527061456e-01
-6.997672542504780324e-01
-8.284037984814982547e-01
-6.640657456103066236e-02
-6.433582549497355307e-01
1.426522113403697334e-01
3.143256832190208794e-01
-4.186201390397611966e-02
-7.400328259092371352e-01
-5.930198032726106128e-01
6.855482255559197657e-01
-4.249031582261827977e-02
-6.118516048125773876e-01
2.095293161587083453e-01
3.741994491766870712e-01
4.260358257030584239e-01
2.406455002377107244e-02
8.061658551446283516e-01
-8.876052776540277467e-01
-5.372967052478279104e-01
8.681272648964938332e-01
2.434483743191262484e-01
-8.292068671426884308e-01
4.012041736043725493e-01
1.307316855487547780e-01
-5.234853438244309043e-01
-3.580449870547381397e-01
-7.452769708548201422e-02
-5.609509135991100903e-01
2.682468950174348166e-01
-8.063348170208349819e-01
4.227478321415654161e-01
-6.200079269963205686e-01
-8.251700897858892381e-01
9.019953161653595508e-01
7.221580544138117563e-01
-8.487286656372015070e-01
8.609413577433847609e-01
3.204453352689772272e-01
-3.354334095062856402e-01
7.734680010826269214e-01
-2.185227261189401360e-01
3.220675912970099031e-01
5.485195906723654424e-01
-5.544472620687825870e-01
-4.972922826924529582e-01
-2.422047250666099494e-01
6.283781545126460033e-01
