1.612073187803643448e-02
-4.267661040690269303e-01
-5.999969605795598682e-01
4.399124919007756374e-01
-8.233921992635655218e-02
1.208637087505143870e-01
1.805666533129585416e-01
2.401512672135117377e-01
-2.479569782296003055e-01
-2.788276137573200697e-01
2.321056609141829430e-01
7.194751640124023850e-02
-3.517519860748675731e-01
1.723223430585834048e-01
-3.171226360747665951e-01
-2.180190996939806447e-01
-2.261031584783481929e-01
1.251551409779960433e-01
-4.158926691578387902e-01
4.543494412629902057e-01
-2.463155448785783463e-01
-3.506566253274861489e-01
2.426012235153632013e-01
-7.542229439829269966e-01
9.772027984414052848e-02
4.558094443190381928e-01
-6.181387514877987321e-01
-2.075076812215114197e-01
-5.328250102705353042e-01
1.363794087489235141e-01
7.044056910471687694e-01
-1.019929340350697183e-01
2.598821383876967483e-01
4.713248186156165920e-01
-2.240092649268572433e-01
1.783187947138382135e-01
-2.932919941784838391e-01
2.187423832122838141e-02
3.542710105341063676e-01
-6.476595410067625957e-01
4.091324821147890867e-01
2.765918936639064074e-02
3.215482596885599342e-01
-9.967987228444170900e-02
-9.916634708779453744e-02
2.490808951341448030e-01
1.116668692780564409e-01
-3.250239524859371287e-01
-1.702289313885308186e-01
3.268921747975572223e-01
6.238606265187782718e-01
2.354530015167984602e-01
-3.555622123492399589e-01
-1.215780499044121915e-01
-5.014172247645884983e-01
-3.295607165519275072e-02
-6.063604144595315937e-01
-5.748561607773623461e-01
-4.270980020178120617e-01
4.365192427229190875e-01
1.290870092024515858e-01
2.035019402426074264e-01
-2.077906350794319068e-01
-7.368144178106618425e-02
-7.075133528352561818e-01
2.357923790254947416e-01
-6.957649162445853630e-01
4.522296339650948016e-01
-3.244920080126517115e-01
-3.890810363181093079e-01
5.975830648108214627e-01
-7.038945695974435646e-01
-6.508121145378560346e-01
2.305915271513634957e-01
4.740337770735746359e-01
-8.158702881001385077e-01
5.126803477850212509e-01
-1.312565808766533726e-01
-5.431091355362459572e-01
-8.194930548205483500e-01
4.849205049454963223e-01
5.379346636187567476e-01
7.847563861381170458e-01
4.322912690731629537e-01
-3.709912831747847473e-01
-7.679436859935708792e-01
-7.612544687767603957e-01
-8.301843609700162441e-01
7.031932268494185401e-01
1.118804203858007745e-01
-7.729988489384126416e-01
-3.710033141564937909e-01
-2.966443246852237259e-01
-4.623730621315494393e-01
5.738603470695233799e-01
4.879970386603116883e-01
-6.523159150863760969e-01
-3.614056398722078067e-01
3.158482221750927854e-01
6.963108711710490617e-01
-3.136238065709378575e-01
-1.709497833654565480e-01
1.378909458340970007e-01
3.828420956162355976e-02
-3.032795624689379466e-01
-5.565616327290892063e-01
1.595736260549416030e-01
-2.633645947243903884e-01
4.829702312628242344e-01
-7.424098686951836612e-01
2.292349429731845856e-01
4.077585560315375446e-01
-2.555112475735152322e-01
6.595284618096912688e-01
-5.823270957059027975e-01
-2.162435725921482144e-01
-4.292683197308554410e-01
-3.886001706047049753e-01
-9.396962479477050101e-02
4.712964151811964431e-02
3.925828678350567480e-01
2.069143142210556202e-02
5.258669528771789947e-01
3.647613447424612465e-01
-6.379694323030451475e-01
5.675869053703925804e-01
4.097715397526012493e-02
6.082930077683308401e-01
-8.011777510414898051e-01
-1.777517531031994336e-01
-6.802647379688782081e-01
6.589148056232228476e-03
-1.276224357418793143e-01
2.667771285911230694e-01
1.645544348584616623e-01
-5.751587994459742559e-01
2.894619962095560384e-01
7.198204554274503231e-01
-5.584671051623590898e-01
3.497345558050536651e-02
2.696371684620151310e-01
4.103098792827368779e-01
-6.497817074120585019e-03
-2.010732156482015753e-01
3.823122515788578424e-01
1.056069417472363658e-01
-2.841942109265763738e-01
1.062904818065074294e-02
-5.400107501397518606e-01
8.403500437064537198e-01
1.776466885751268876e-01
1.607632596817937798e-01
9.619558009524227238e-01
-4.976045950836563980e-01
-7.052527249817155952e-02
-2.317170274583598699e-01
-1.625780551587224787e-01
-2.014176349493231599e-01
1.270717072773130396e-01
1.240946386823184866e-01
-5.354534599923384611e-03
2.326004772277606991e-01
-4.473260186333806177e-01
7.649940014484738482e-01
-5.195263580404829717e-01
7.288458805039402799e-01
-1.300171114528774763e-01
2.987489280692321447e-01
-1.275029462150779336e-01
-2.865467803987168383e-01
-4.401056569032215648e-01
5.302680230004420681e-01
7.061291795335574717e-01
2.203964414196137311e-01
1.609782810381863161e-01
-4.386614018012823246e-01
8.770480637254486622e-02
2.091091166732369500e-01
2.906871845918264641e-01
2.803906096354820132e-01
1.216557469013613141e-01
2.319012524218568849e-01
2.303309782028390706e-01
3.410824240485448855e-01
-8.527049445661065430e-02
-6.543017081878719221e-01
-5.025938343960782984e-01
-2.817488379880403113e-02
-2.540585021718000380e-01
9.071393820881606951e-02
-5.857611485884968439e-02
-4.089023493175285989e-02
1.269159958713323155e-01
-7.182803695912699793e-02
-2.770867155681652066e-02
-4.192424120338267834e-01
-2.630222475850026442e-01
8.932301072725958024e-02
2.475376374592027362e-01
-5.738168719053503564e-01
4.313447010901047540e-01
5.579479379381767634e-01
-5.355118780333988360e-01
1.855807598299077654e-01
-9.920054161634572765e-02
-3.447218804562281191e-02
2.893158874060838270e-01
-2.817722475433914187e-01
-1.600713008892003519e-01
-4.865914186913209427e-01
2.556930359077184134e-01
-6.501428936325364116e-01
-4.380489001537141158e-02
-4.118960474289538876e-02
1.058873431026182421e-01
-2.447920571997040384e-01
5.129611031427956380e-01
-1.637276875210726401e-01
2.952908565197757129e-01
2.355408283469602460e-01
-3.504113294401789425e-01
5.245699769844989202e-01
3.558844088518730020e-01
-1.955641300931774407e-01
-1.155234826001959730e-01
-2.849121852874461069e-01
2.486665017274614642e-01
7.421201460434865282e-01
3.585238909985099531e-01
-4.368072888136591003e-01
-5.009952082164764731e-01
1.819861574731694576e-02
-5.422046910835847111e-01
-5.399067134188719613e-02
1.885764419475828568e-01
5.092744751883052090e-02
3.050131043988728585e-01
9.001653161314047136e-01
4.132978787699422285e-01
7.276910892179243584e-01
-6.483826439737712111e-01
-1.040301623958263533e-01
8.330656810879406571e-01
-4.250063656133928891e-02
9.040375845863732884e-01
5.652560129220460805e-01
-3.459045456415376502e-02
2.738399487306017802e-02
-3.390869045247189573e-01
3.210466686104314349e-02
-2.619798371063337128e-01
-7.863130690542924350e-02
1.455510733767711451e-01
5.647036510487227767e-01
-9.574190912053121005e-02
1.220779904586394848e-01
-7.745474572665976831e-01
9.607093266636718143e-02
2.898845377048720473e-01
-4.336570355972189650e-01
4.832961434589161387e-02
-3.994289533313210572e-01
5.830092673087782645e-02
5.038123159621274993e-01
4.398679873553621444e-01
