1.703224814136448106e-01
-1.309375548506329645e-01
3.843703303729693876e-02
-2.289984659515136300e-01
1.122636667625680901e-02
-2.897354085552501513e-01
-9.684516871033030383e-02
-4.674002594271213784e-01
6.641563757831959736e-01
-3.229766768000275068e-01
4.943314702108802527e-01
-4.236277372826192933e-02
-3.279737024022533753e-01
1.733641382420068322e-01
3.874717776001437852e-01
2.647515995923045984e-01
7.515982899444860477e-02
5.947693412059824603e-01
-1.980640735757545068e-01
1.282503019857881288e-01
4.422722722749156676e-01
2.234565047249873204e-01
3.728287764480364697e-01
5.126685083683970579e-01
-3.004401154031830293e-02
8.202904705447548739e-02
6.992651862591063860e-01
1.144389182047229891e-01
5.478857151653568902e-01
1.821135113668045230e-02
-3.638106457640010172e-01
-6.568000849797677176e-01
-1.165628505916594115e-01
1.357314392215414889e-01
1.835538635391207596e-01
-4.764520928701983515e-01
4.703971971483116299e-01
8.858795106040318057e-01
8.956553591336423314e-02
3.570529939000457315e-02
1.793423459423965916e-01
3.419013366000319132e-01
-1.071948910253028020e-01
2.502493709000554456e-01
-1.885242435819935447e-01
-2.746963749350305600e-02
-2.005963248496654971e-01
1.330254422364227085e-02
6.767749247809498603e-02
2.577533621919995133e-01
1.193722801425920604e-01
-1.099736703246788766e-01
2.631193515237479352e-01
-1.872137282232966271e-01
-5.911760237498878690e-01
3.381211265369794550e-01
-2.584660541970171810e-01
-4.414618227112873106e-01
-1.831103684075528204e-01
1.666682725909567064e-01
1.676755556785082535e-01
-4.349900814757128309e-01
-1.495543551759766776e-01
2.321275280128930751e-01
-7.012439521869779924e-01
-1.844891751705531879e-01
3.027652249463134160e-01
-2.895441703868418815e-01
5.710114512732942238e-01
-2.873541339448717480e-01
-5.667465084292475641e-01
6.079437226764505819e-02
9.241873421215682227e-02
4.738767622796304368e-01
3.709937917913437300e-01
1.675845203946187134e-01
-5.926421296983854781e-01
2.715917075451325102e-01
-1.721985282631264824e-01
-1.995710796117656227e-01
-2.865957567995190414e-01
4.480372054978942753e-01
5.526499175335765693e-04
2.255624912500567847e-01
-8.788341899389769118e-02
2.984573271797465455e-01
1.830795654482580970e-02
-1.009723370299676209e-01
2.847968990741001627e-01
5.153098238218311034e-01
-1.199220939060742092e-01
9.076597470111477661e-02
2.706287433377179696e-01
-1.034750977182871401e-01
2.487394128458820519e-01
4.459270384443375090e-01
3.284543600638363259e-01
5.433857874716341296e-01
-6.201747388120974064e-02
-4.179438270662148014e-01
-5.452003511745721065e-01
-2.369265713188226652e-01
3.120488533493671612e-01
6.012391187332163378e-01
-1.063565287976932922e-01
-7.186063413981676196e-02
-1.380936768010757598e-01
-1.359282941126900845e-01
2.970939797425182216e-01
1.669710810920583752e-03
-1.823397531316396092e-01
4.362444872193693701e-01
1.593540963412714007e-01
4.650365155763312025e-02
-3.851592663987968290e-01
-7.449045670907797345e-02
-1.846633834347774783e-01
2.590855302680692418e-01
-2.294566744879066589e-01
3.550812806252067189e-01
-4.079015312808608185e-01
-5.984096631417501130e-03
-1.678492326845099636e-01
3.347242861680305853e-02
-1.023778729582067309e-01
9.382395241284048615e-02
-2.545417840797999931e-01
3.477573472085448425e-01
-6.560238286745448955e-01
-5.558716321820579287e-01
-6.190453495751929713e-01
8.965632651412475118e-02
7.311559026441272202e-02
4.827906775772596304e-01
-4.504513979569195747e-01
-7.430515728700952394e-02
1.657651983866298695e-01
1.666321833110751549e-01
-2.196602548641067298e-01
1.111778887396819987e-01
-2.227312982293269128e-01
-2.755655958801880301e-01
-2.103646179614843126e-01
6.305557355441722411e-02
5.672417974737253843e-01
-1.904158244257627697e-01
-1.309424729430664347e-01
-1.177690699355161963e-01
-2.296247131532029237e-02
1.027059669430853694e-01
-2.462613310884153306e-01
1.820639278318915144e-01
-5.478181651496000226e-01
-1.465196948809538713e-01
-3.228433347485611393e-01
3.033893697123173361e-01
4.060107090558560117e-01
8.597636438472797127e-02
-2.403138860219057316e-01
-1.658969939820112705e-01
-7.087087340376720945e-01
-1.239441052953380445e-01
2.090544229440660651e-01
-5.781710448081950338e-01
-4.457095236653210168e-01
-5.337574167913735623e-01
4.036177377759819773e-01
-1.042855789015895845e-01
9.123869380138139445e-03
6.085163112014437825e-01
-6.895364296388077630e-02
5.964882045127396781e-02
4.451037414052953500e-01
7.039869314618169005e-02
2.839679712970814007e-01
-3.665883531788963756e-01
-2.403314906640547921e-01
1.709193348461159404e-02
-2.027111090542407790e-01
-2.424839705853939487e-01
1.729948016671796762e-01
5.203370064204644319e-01
6.806508704409671706e-01
-2.026866197839632122e-01
-3.822088548594075319e-01
-2.828971625903770742e-02
-2.141212031799056836e-01
-4.501658262613747463e-01
4.834069535265635431e-01
-2.834552072765733066e-01
3.929412233545919592e-02
1.869746590609954739e-01
-6.747951590483233786e-02
2.509397580468392674e-01
-2.596325118848064398e-02
1.474660448297442361e-01
1.193171086397457337e-01
-3.702648619720827483e-02
1.316654921218200491e-01
-4.200844217980124751e-01
-1.511472561671642345e-01
-1.723012260271304663e-01
-1.689708221969797863e-01
2.353718225398431646e-02
-1.323431659598726939e-01
2.909150616179569937e-01
-5.262990858999318233e-02
1.719265129207869780e-01
1.942627249305121651e-01
-1.875792433561030703e-01
2.203807240772067688e-01
-1.721007066989233281e-01
4.499498021650889523e-01
-5.386981358963942312e-02
3.383957332887151948e-01
1.826041097848386252e-01
-9.147223665178419449e-02
2.491628054995574659e-02
1.490358235032908374e-01
-2.292825607358462137e-01
-9.800164280263951033e-03
-5.010162144131501405e-01
3.269952804771636412e-01
-2.940876202629637559e-01
1.965979843639933944e-01
-3.291542472796080143e-01
1.049896361426881919e-01
-8.343247176411783261e-02
-4.481499090711701244e-02
-2.195114676959047106e-01
-6.888117385973910878e-01
4.039015598352423131e-03
2.076561098920675918e-01
3.568435320058014892e-01
-6.955019702758791222e-02
3.223983398116748167e-01
-1.161785628928432672e-02
3.135991836971033231e-01
2.575607930944438795e-02
4.001805495687648512e-02
2.641832096436433353e-02
1.140469750983288538e-01
6.965322639149522377e-02
3.326930864428149226e-01
1.393420551844416766e-01
3.624029221400010270e-01
-3.941510786000184674e-01
1.961942992166013783e-02
9.032716606780043234e-02
8.804244712508024762e-02
3.891730545238966110e-01
3.012654087248874402e-01
3.071074108240600120e-01
6.007963760598960395e-02
7.085985089611393506e-02
-5.512518396073488036e-01
-8.840454082222419796e-01
-1.102763562223196686e-01
-3.308615977376543060e-02
-3.885866672176289116e-01
-1.985451453545050426e-01
-2.580236660468487875e-01
-4.975593116554608564e-01
-2.883552913449199395e-01
1.087567125000148127e-01
