-1.590504208462469385e-02
-4.226590259394588101e-01
-4.005827761321173464e-01
2.776777469486423761e-02
-3.857962466233876703e-02
-2.814195100964675955e-01
3.667113750304059061e-01
2.671171608091964245e-02
-1.418998820091060542e-01
-2.523985591615857116e-02
2.014950830037403329e-01
1.087687355874299988e-01
-3.669951219861272151e-01
-1.312990742125232091e-01
-2.107561983130081529e-01
-2.330271092933380583e-01
-1.529733694346825656e-02
-2.057521579645399737e-02
-4.565136378819940194e-02
4.637248775855413729e-01
-4.304184924043631677e-02
1.021958723561631685e-02
4.343469456944004103e-01
-6.291432880987274379e-01
2.297479206449920264e-01
-6.220464321315014034e-02
-3.334555080636748547e-01
-3.737944036367947809e-01
-2.628527354171779629e-01
1.145235007480055328e-01
1.879278805142206299e-01
-2.301687227268116032e-01
4.321750172451205851e-01
2.587142547940899373e-01
1.770296343995910598e-02
1.740617638423601621e-01
-7.850860518305301239e-02
2.244095147184869965e-01
-3.781503315491434314e-02
-1.277700909223574155e-01
7.565172305938364095e-02
-4.314434734566036100e-02
3.671841880736375630e-01
8.921307845066160647e-02
-2.128710895755013266e-01
2.709421679592777243e-01
-1.068314150087402298e-01
-2.358001974118556499e-01
-2.007343632683349366e-01
3.941316323789490483e-01
3.488282048316625472e-01
1.376544856245300041e-01
-5.322679370426849216e-02
-6.509575911489434707e-02
-3.374197135170436401e-01
-2.989208641372607111e-01
-3.407174257848590848e-01
-3.443405134469808004e-01
-1.614700183123733424e-01
4.760299121906802489e-01
-5.655212930264190072e-03
2.837050655649149267e-01
-4.872369048383021206e-02
-1.882138765524067614e-01
-2.736073500361672073e-01
3.915020030758806779e-01
-4.079162436470468167e-01
3.511178063333925126e-01
3.252071373459754222e-02
-3.941929704825247183e-01
2.675372666736946514e-01
-6.731546962708292448e-01
-5.307425389332183219e-01
1.156679459583381947e-01
3.280395486471461286e-01
-5.819430722997853689e-01
2.622358311986550117e-01
-1.880284425216612321e-01
-3.648607172275718513e-01
-6.907607072162438300e-01
1.910748666880058011e-01
-1.075189738056243072e-01
7.451023281542040744e-01
6.582727503881757869e-02
-1.604222911008256758e-01
-3.782192160410779991e-01
-3.232263258127919814e-01
-7.351482658208684517e-01
6.465752341129689107e-01
-1.364940641602962190e-01
-2.440711468457595901e-01
-3.576387868861793939e-01
-1.120544982155809582e-01
-1.776876141749375582e-01
3.244770762905582195e-01
3.611452892123612202e-01
-4.458993562175361802e-01
-1.537728857852513065e-01
1.105264754423876117e-01
6.088387302298630122e-01
-1.482111840130376224e-03
-2.147452811811839668e-01
-1.425986627753540459e-01
2.859647259032019675e-02
-3.605266680609356955e-01
-2.889333687516993932e-01
-8.832482928814661127e-02
-1.763486343378458110e-01
1.153931572656655413e-01
-6.617137539399847723e-01
-4.872985509132274351e-02
2.742011188903206165e-01
-3.690234286495752691e-01
5.586937978288731843e-01
-1.660920050689471683e-01
-1.475486863808804783e-01
-4.515752587178639699e-01
-4.459307128566916134e-01
-2.208976491480982574e-01
2.105796084322836270e-01
4.251444186466618591e-01
4.026074445871734298e-02
5.343188908772477097e-01
4.237134698852684234e-01
-7.086062851517183070e-01
6.494240378070620379e-01
-3.406655246219720823e-01
6.305848311060369138e-01
-8.225728002012864248e-01
-2.059152126372114366e-01
-1.412353940239328698e-01
-1.138597590054507558e-01
-7.503751316927501080e-02
2.643533697981050312e-01
9.057469810745322203e-02
-5.494417573675501876e-01
2.760040008162946146e-01
7.753723765041868887e-01
-5.793226286130207514e-01
2.952311306038156169e-01
3.668977557327405825e-01
4.449552246004728762e-01
-3.917184628553654208e-02
-3.392122993432012956e-01
3.310050648391087424e-01
2.202605117753851927e-01
-2.763741184254775440e-01
1.554573461826999625e-01
-6.591604523053845588e-01
7.365278036479893098e-01
1.145760487779297621e-01
1.495620154153362580e-01
9.586078000309538050e-01
-6.060906228648951233e-01
-8.840691288256330438e-02
-2.476530960875549803e-01
-1.538028545354345744e-01
-2.143788070049857108e-01
1.841375707957709773e-02
1.491149618081243911e-01
7.266730547124537407e-03
2.174761148066743921e-01
-4.338380501730674244e-01
8.092101175832309146e-01
-3.784822125516318359e-01
7.254133007578417169e-01
-2.150011727338487638e-02
4.828855207528738314e-01
8.909986192505395253e-02
-3.344680880943599055e-01
-3.990845406137971674e-01
5.252111779652031132e-01
6.890051518332263036e-01
2.147856289884940983e-01
1.719743404203075698e-01
-4.956001428396029640e-01
9.995102006279915630e-02
1.807246726138102000e-01
2.072034196389957172e-01
3.068644840972374888e-01
2.302831505751497254e-02
1.854436794734471428e-01
3.319038483974775522e-01
3.897627082122790965e-01
-6.760082007049297848e-02
-6.735268683303075044e-01
-4.344327691006631964e-01
5.759549345129795495e-02
-2.964949256016901624e-01
1.487435380013416020e-01
1.762445752870239746e-02
-9.245951502080319850e-02
4.605012762624949851e-01
-4.078620725038733727e-03
3.358152609605903616e-02
-4.187606003929776888e-01
-3.183859280933426517e-01
1.780147352300146674e-02
2.908846016461690831e-01
-6.247321812257835560e-01
4.562745188204730962e-01
3.629909379765433597e-01
-4.147858098515060932e-01
3.036727704581668741e-01
-9.099619086511831489e-02
-9.655771790883976857e-02
2.724844295777638092e-01
-2.859702089648943346e-01
-1.258490187155380802e-01
-4.826791080028079994e-01
5.421398058305080259e-01
-5.984886772079126560e-01
6.234903942075410710e-02
8.379099753045601839e-02
1.961879401568160097e-01
-3.004681796451689202e-01
6.241765925561324480e-01
-1.043762087780923387e-01
3.213563278229690789e-01
2.917881994756497122e-01
-4.229472609032886576e-01
6.279965820201081073e-01
4.567583167860561622e-01
-3.890686913585650331e-02
1.875985492389886378e-01
-3.168729891871192583e-01
-3.909455273720769189e-03
8.352416051751546666e-01
3.321666961386710026e-01
-5.138224607764678709e-01
-5.997091629853534833e-01
-6.697683885313951424e-02
-5.569023344604282499e-01
-1.526532476112532066e-01
8.327624007483672153e-02
-3.630732565761316533e-01
3.643044249984416783e-01
9.039255645014325768e-01
4.128506768300549967e-01
5.424857592585293764e-01
-6.183457087321873047e-01
3.331021073953936706e-02
6.658671149324552063e-01
4.574142626806859679e-02
6.746492124070027074e-01
4.244735937658419278e-01
1.641258681781760514e-02
1.598565105918814747e-02
-2.184314950265865973e-01
-1.720406064733718821e-01
-2.068533060013090230e-01
8.945929813571878997e-02
1.773981530579166466e-01
6.084365054933305039e-01
-7.292787018701765711e-02
1.317133379143953231e-01
-6.628132106978623650e-01
-1.771420061829832027e-01
1.263656438298010887e-03
-4.697266239307718028e-01
1.000180940524896811e-01
-4.305677911979824968e-01
6.571715566733811464e-02
7.355482902704064685e-01
4.380863407580278257e-01
