8.010978757634143466e-02
6.158237791070358957e-01
5.369127098064476744e-01
-3.367555380311811897e-01
3.636790107697210339e-01
1.027239293324041791e-01
2.569346422530608409e-01
-1.017862969576000948e-01
-1.000000000000000000e+00
-3.062824020872567665e-01
6.210613598009254721e-01
6.759076528085211644e-01
-6.492716292982302073e-02
-7.204727650504748615e-01
-8.004800641464689948e-01
3.030306216313043421e-01
3.254649778764064083e-02
8.970609878008530824e-01
-4.276809784729495023e-01
-7.063665769961371410e-01
3.733541821784611692e-01
6.820903039323240602e-01
8.919619700257452877e-01
-7.190166662717921708e-01
-6.074475904554440531e-01
9.219808922799708206e-01
6.747242069001326836e-01
-8.286340131971079437e-01
5.909909390568318655e-01
-7.801439318215259711e-01
-1.841295816523056544e-02
-2.284898211800184542e-01
-8.597123362457703699e-01
-1.558613020078786771e-01
-8.538993889616125488e-01
-7.928398838437237250e-01
-1.022893975046732518e-01
-1.564153963052364871e-01
-9.269353564272576618e-01
9.841788716240130741e-01
-6.558735552898040666e-01
-4.128057562724972707e-01
1.807365381643234181e-01
4.326090117978961813e-01
-7.938762555271945409e-01
-9.109674773043083262e-02
-9.561622435562542321e-01
7.799292303190606679e-02
3.978470784124789328e-02
-4.162175124052394093e-01
8.914731149955332223e-02
-2.954438377123282944e-01
1.314185318646680922e-02
-7.380448789348805771e-01
-6.137249735695958497e-02
-1.325449579040412218e-01
-1.283754748711218863e-01
1.299523228297559396e-01
-2.823899256257054180e-01
4.501096370328888652e-02
8.483774517267869131e-01
-3.081189626039943508e-01
-8.275123718882158030e-01
-1.804918926251153077e-01
-9.057066949951183554e-01
3.648369163907123625e-01
-6.357862553594165189e-02
-6.338681863575160724e-01
-8.382977639872313258e-02
8.274957508346587609e-01
1.000000000000000000e+00
-9.795203325770268643e-01
3.445041134194841703e-01
6.394717600419606018e-01
-5.870923333710023062e-01
-7.942360678255934170e-01
-3.300488044178695457e-02
-5.103148441580062505e-02
-4.906015165937038791e-01
2.029723070252520412e-02
-3.193526702634376102e-01
6.851685801485121186e-01
3.193658919335541357e-01
6.360382745571894203e-01
4.404078374731350554e-01
-3.500886302538408490e-01
-7.309706293660591658e-01
-5.032349380832116248e-01
-9.306093814369148509e-02
-6.702040033886441650e-01
3.155834091593569257e-02
-3.561884589679036872e-01
6.606513841184230573e-01
-3.522185416223747034e-01
-2.989833183667198746e-01
-4.249920462039601388e-01
-7.597739804112320083e-01
1.871365553400803072e-01
1.990627886060756802e-01
-2.618327070973975879e-01
1.392397974845988040e-01
-8.944566525223986986e-01
9.763503203165877498e-01
4.321222626300481040e-01
-2.537954079642513183e-01
2.900458358041486662e-01
-7.832546306822651960e-01
-7.966753316798219631e-01
-8.477946218830081371e-01
8.952921702178390229e-01
-6.129963096998406469e-01
-2.463049849462947138e-01
-5.910202551652621317e-02
-5.853962827461791640e-01
-9.962337003507637512e-02
-8.990873925389348820e-01
-5.090782623127296791e-01
1.358580826540329856e-01
9.553168542691421461e-01
5.222318919667268133e-01
1.907027892581931172e-01
2.996414932977256029e-01
-7.876091230522427877e-02
-4.820489837981067893e-01
-7.829825171173470100e-01
-5.527994951878793112e-02
-4.909390050898102542e-01
-4.070527000418865393e-01
2.487801289557759754e-01
-1.000000000000000000e+00
-2.546914137270389622e-01
5.710738758128004466e-01
-8.856418476392683425e-01
4.552220223736210269e-01
-1.168028688142624949e-02
1.112457229317193319e-01
-2.947972937392709381e-01
8.914337399167500120e-01
8.389226507264072596e-01
7.158511265116665467e-02
-1.000000000000000000e+00
-2.222870913191637987e-01
8.359041116011641792e-01
4.042468130407151916e-01
-5.992126319277280011e-01
7.030572750536314697e-01
-1.000000000000000000e+00
3.024208315375502276e-01
7.516637359506471716e-01
7.317309266644003163e-01
-4.584311452040139567e-01
2.055606659638759270e-01
3.229289840897259789e-01
2.002076124004465163e-01
-3.870263935382351472e-01
9.834242390664742206e-02
-1.659628554306364495e-02
1.649821839271108648e-01
3.413633184405137078e-01
-1.000000000000000000e+00
-4.978812806206371899e-01
-4.161957378843711419e-01
6.504902758298802823e-01
8.756588499318556096e-01
5.970491416252715622e-01
-8.588819492028466618e-01
8.531376749422737993e-02
7.867677428723461874e-01
2.588477554654554647e-01
-8.610125044227776026e-02
-8.124041700624528017e-01
-6.268086420305506445e-01
8.647740285754188516e-01
-3.573877504262508165e-01
6.179185734008659781e-01
-3.682237705201802380e-01
1.981526499956189902e-01
3.809809122659593150e-01
-9.218231418418140755e-02
-9.121281856115095454e-01
-5.580664348206607756e-02
6.019741149803591040e-02
-4.033738510015345835e-02
-6.326499631542620294e-01
-2.373200212037491763e-01
-1.040988539525085771e-01
-1.961963975698304830e-01
1.148059749729817419e-01
-1.781413134938315268e-01
-3.940229352468751500e-01
-3.654940631786511851e-01
7.972223410586753989e-02
-3.228053284306240389e-01
-9.184157450013735735e-02
-4.249920227453110599e-01
-9.138872734596978353e-02
6.084669039626268150e-01
-5.614610836574180919e-01
-3.801300372487174117e-01
1.822591913853626178e-01
-3.194153331255710215e-01
1.941079822105802044e-01
6.703972887491725929e-01
1.336525979727188895e-01
-7.285952275212348450e-01
5.206718582713298904e-01
9.030469846614941343e-01
9.177553139203340482e-01
1.000000000000000000e+00
-6.125156766453685453e-01
-3.353527898895792836e-01
-4.473012484982823445e-01
4.219119262980515206e-01
6.920870387215087849e-01
7.452201351774656590e-01
3.457053018712712977e-01
-3.905012599224024217e-01
-8.702884887906152667e-01
-2.568856327986479560e-03
9.167073159669580917e-01
9.241608354859084384e-01
4.944358787660040888e-01
-3.960298317373791566e-01
3.486156554698583432e-01
-8.919346486807898655e-01
-6.948365801799223362e-01
7.598653461153364042e-01
3.322419013851029557e-01
8.653420765462653819e-01
-4.541941588339033498e-01
8.027714517220647661e-01
8.977230708992767205e-01
8.521884307957627858e-02
7.906630746432479206e-01
5.523134811564771596e-01
6.705267954176624690e-01
-4.066281173063674981e-01
-7.171364474648755927e-01
-2.373665033125840207e-01
2.300649503367133697e-01
-9.994773531217417961e-01
-9.500689061503391208e-01
2.800631814940419684e-01
4.182089456064577160e-01
-2.219259535361012281e-02
5.238641948239575186e-02
4.636541848940156640e-01
8.443173854632188835e-01
-2.955292556175667107e-01
4.880424659550432476e-01
-2.798048798148244920e-02
-4.862968479548406275e-01
1.401587300687401338e-01
1.000000000000000000e+00
-4.102784216228594349e-01
-1.074496048445220953e-01
-6.903479127237398538e-01
5.376844489061711752e-01
-5.857995463759348986e-01
-5.146067818273674099e-01
1.262144330158284644e-01
5.496305300871765498e-01
-7.298209701908937863e-02
3.165630512977205685e-02
6.030200426339824560e-01
