5.135730146201922253e-02
5.356316628858448503e-01
5.971999858176892939e-01
-2.720133920895875246e-01
3.646131265347953843e-01
3.868707003617741780e-01
1.728819949778581666e-02
-1.024850923250617551e-01
-7.860700135553704282e-01
-2.391215108853617100e-01
6.224678918855868215e-01
6.776667740489723535e-01
-1.588834692630415879e-01
-9.110615864334967728e-01
-8.033997497932241494e-01
1.856939041942649027e-01
3.777903029232243526e-02
8.975309964033042487e-01
-4.766001105865658172e-01
-3.050469265491282389e-01
3.736682897409948634e-01
3.308437812990199234e-01
8.954426350463575712e-01
-7.216872763938764201e-01
-3.702052006775737869e-01
4.373986831701923705e-01
6.768373972534253991e-01
-8.308029975527819744e-01
5.331704893841637816e-01
-7.254485432080528540e-01
-3.087046350194899702e-02
2.643633060670791401e-02
-8.820023396225367129e-01
-1.434804644974092547e-01
-8.556612385674420285e-01
-9.703256704727607485e-01
-1.032750557790687029e-01
-1.553083132433903113e-01
-9.280443083640117496e-01
9.668028822544358913e-01
-6.567994195085649078e-01
-6.968164206901604762e-01
1.805929754678499144e-01
2.020308968333735522e-01
-7.960869306435898185e-01
1.666568412437405278e-02
-9.603276214890725804e-01
6.373967761055077119e-02
3.984017952103768856e-02
-3.739565727530000938e-01
2.321186156013721746e-01
-2.971709933321529107e-01
1.280652448721242287e-02
-8.632618348203937586e-01
2.283127190041400745e-01
-6.951970971752641226e-02
3.040064335168427556e-01
3.650685002161085935e-01
-8.855285320740391430e-01
2.156386424785790012e-01
8.542141696449162547e-01
-4.402775350345056182e-01
-8.424293101207880330e-01
-1.812440418664564845e-01
-9.183255869020944262e-01
3.955479167166529031e-01
-6.303019033632528689e-02
-6.357571021316030802e-01
-1.039447273470801431e-01
5.077963117668764514e-01
9.676841097660822122e-01
-8.585253018053107255e-01
-2.886379668238125973e-02
4.511166733280862484e-01
-7.326358911787536066e-01
-7.964072738548226837e-01
1.428188066992495120e-01
-1.108620504141539787e-01
-4.703355511040594461e-01
2.259820721079162098e-01
-3.197736002095392660e-01
8.129680979791811257e-01
3.657772474458274026e-01
6.228273278300942017e-01
4.810596623707659170e-01
-3.513503189019915318e-01
-8.220639700995244770e-01
-5.055856848791546732e-01
-7.456432108637045530e-02
-8.694667213641061876e-01
3.260490742102040151e-02
-6.236075690276465799e-01
9.845736796010451375e-01
-3.518024709478035916e-01
-6.335012733305672716e-01
-4.432672403208723355e-01
-9.088507722335303907e-01
9.160989390388230014e-02
2.320711300827339174e-01
-2.619881816908664618e-01
1.926414768572513037e-01
-8.021149839929417880e-01
9.782447031235907975e-01
2.132269877319987739e-01
-2.238321668123659514e-01
2.901758769382758452e-01
-4.659725982416245138e-01
-7.975327351072192261e-01
-9.782134022073136759e-01
8.964296791326165081e-01
-7.051600774809083649e-01
-5.116711811109599939e-01
7.661694287415277138e-02
-5.853962827461791640e-01
-9.962337003507637512e-02
-8.990873925389348820e-01
-5.090782623127296791e-01
1.358580826540329856e-01
9.553168542691421461e-01
6.050418885065342867e-01
7.348564334826113154e-02
-1.273669474750156461e-01
-9.266675494466980467e-02
-6.378094539658325512e-01
-8.614544768123293395e-01
-8.080862952802894683e-02
-3.664189500430712343e-01
-5.603434193283789444e-01
3.829758133560010602e-01
-4.686151476658355630e-01
-2.523042088256306492e-01
7.530252393444030190e-01
-7.055849429547202956e-01
3.268492863148231287e-01
2.291143512310798158e-01
1.003646959927413373e-01
-7.606009983245936024e-01
8.538712452553656185e-01
6.836049873698137880e-01
6.421108881696024895e-02
-9.002418787826180768e-01
-2.451393070641481042e-01
1.000000000000000000e+00
1.492369926899467236e-01
-1.498217761569360373e-01
6.654646359432537794e-01
-9.858818403955575960e-01
2.170088812951849189e-01
9.642026083330388353e-01
4.294136200007997450e-01
-1.741951315203822404e-01
2.251409291182846495e-01
5.320267447945183914e-01
2.691500884543187588e-01
-4.946392092629777193e-01
8.615210553331893728e-02
8.815909097093821423e-02
7.561568381224614832e-02
3.985972895134339833e-01
-9.610358839571659928e-01
4.702255491076967608e-02
-4.253761491733980549e-01
6.932329032725481621e-01
9.818535055213242213e-01
5.844876115460899690e-01
-1.000000000000000000e+00
1.371794386850284653e-01
9.124984209232329668e-01
2.200363200140383335e-01
-7.850905549169540087e-02
-9.564852773500194250e-01
-6.732802271605295985e-01
7.999986608430471602e-01
-5.969597032146065629e-01
6.824195435357740536e-01
-3.650722535626101939e-01
5.785187521577084269e-02
4.653259515283065806e-01
7.222490597196418172e-02
-8.295356112104657065e-01
-5.376737267235534024e-01
5.610499204836250087e-02
8.198709269504367292e-02
-8.543907161577526388e-01
-9.226729494448453472e-01
-6.572655613006009867e-01
-8.598888038107814769e-01
1.645900129773940623e-01
8.983662383158375064e-02
-8.257588697549882450e-01
-6.576087272592926469e-01
6.874552274719141209e-01
-8.296031800387779764e-01
2.664636724498938847e-01
-7.596049669970195151e-01
1.054652854946058760e-01
5.634835587157451808e-01
-6.872664229788180146e-01
-9.423404729224894583e-01
7.691071590208413689e-01
7.166789618685798224e-02
-2.241908166968908933e-01
5.463564482415761425e-01
5.150028605756462596e-01
-5.268972866276064870e-01
8.140479148768204887e-01
9.526632595283079930e-01
9.177553139203340482e-01
7.853934458053342116e-01
-6.125156766453685453e-01
-3.135524639912483646e-01
-5.646943241829329718e-01
5.648754962619698672e-01
5.688178076837708819e-01
9.238626672173299026e-01
2.175667638998048936e-01
-7.893439201673517758e-01
-9.682812008417129856e-01
4.251583260864721936e-02
9.167073159669580917e-01
9.608359842563121145e-01
6.011687072640297114e-01
-3.564730478426280103e-01
4.358844917318254186e-01
-9.930919674362137517e-01
-9.847617949489635425e-01
7.598653461153364042e-01
3.822309244204320500e-01
8.653420765462653819e-01
-4.541941588339033498e-01
8.027714517220647661e-01
-5.185503308913059772e-01
1.313019681788474280e-01
6.412796835556111574e-01
5.523134811564771596e-01
6.100399610380848880e-01
-4.066281173063674981e-01
-7.171364474648755927e-01
-2.373665033125840207e-01
2.300649503367133697e-01
-9.579361186172814513e-01
-9.500689061503391208e-01
2.204983613956761346e-01
4.182089456064577160e-01
2.729080576796456548e-01
5.238641948239575186e-02
4.636541848940156640e-01
8.443173854632188835e-01
-2.232341149865306740e-01
4.029437333992129666e-01
-2.798048798148244920e-02
-4.862968479548406275e-01
1.401587300687401338e-01
8.565360542487616691e-01
-7.966791243512687526e-01
-6.932588707231368552e-01
-1.000000000000000000e+00
5.774353836888934666e-01
-9.976075125485186490e-01
-9.114402563514156785e-01
-2.004094248765109221e-01
8.540209288863027659e-01
-2.035197451388504053e-01
5.508414910624082061e-02
9.347601765950495079e-01
