8.010978757634143466e-02
6.158237791070358957e-01
5.369127098064476744e-01
-3.367555380311811897e-01
3.636790107697210339e-01
1.027239293324041791e-01
2.569346422530608409e-01
-1.017862969576000948e-01
-1.000000000000000000e+00
-3.062824020872567665e-01
6.210613598009254721e-01
6.759076528085211644e-01
-6.492716292982302073e-02
-7.204727650504748615e-01
-8.004800641464689948e-01
3.030306216313043421e-01
3.254649778764064083e-02
8.970609878008530824e-01
-4.589917608284592165e-01
-7.063665769961371410e-01
3.733541821784611692e-01
6.820903039323240602e-01
8.919619700257452877e-01
-7.190166662717921708e-01
-6.074475904554440531e-01
9.219808922799708206e-01
6.747242069001326836e-01
-8.286340131971079437e-01
5.909909390568318655e-01
-7.801439318215259711e-01
-1.841295816523056544e-02
-2.284898211800184542e-01
-8.597123362457703699e-01
-1.558613020078786771e-01
-8.538993889616125488e-01
-7.928398838437237250e-01
-1.022893975046732518e-01
-1.564153963052364871e-01
-9.269353564272576618e-01
9.841788716240130741e-01
-6.558735552898040666e-01
-4.128057562724972707e-01
1.807365381643234181e-01
3.137026954245262789e-01
-7.938762555271945409e-01
-9.109674773043083262e-02
-9.561622435562542321e-01
6.259117355605246791e-02
3.978470784124789328e-02
-4.241214827013595201e-01
1.058709680765871908e-01
-2.954438377123282944e-01
1.314185318646680922e-02
-7.380448789348805771e-01
-6.137249735695958497e-02
-1.325449579040412218e-01
-2.938896567572025220e-01
1.299523228297559396e-01
-2.823899256257054180e-01
4.501096370328888652e-02
8.483774517267869131e-01
-2.195573517568568667e-01
-8.275123718882158030e-01
-1.804918926251153077e-01
-7.368054184006241902e-01
1.734575322768790451e-01
-6.357862553594165189e-02
-6.338681863575160724e-01
-8.382977639872313258e-02
8.274957508346587609e-01
1.000000000000000000e+00
-9.795203325770268643e-01
-2.919078979362573975e-02
6.394717600419606018e-01
-7.642729378560948472e-01
-7.942360678255934170e-01
-3.300488044178695457e-02
-1.099436783543476376e-01
-4.906015165937038791e-01
2.029723070252520412e-02
-3.193526702634376102e-01
6.851685801485121186e-01
3.193658919335541357e-01
6.756454261863921174e-01
4.404078374731350554e-01
-3.500886302538408490e-01
-7.309706293660591658e-01
-5.032349380832116248e-01
7.496505480188520032e-02
-6.702040033886441650e-01
3.155834091593569257e-02
-3.561884589679036872e-01
8.022289573974421550e-01
-3.522185416223747034e-01
-2.989833183667198746e-01
-1.700836271519033660e-01
-7.597739804112320083e-01
1.871365553400803072e-01
1.990627886060756802e-01
-2.618327070973975879e-01
1.619905496689554858e-01
-8.944566525223986986e-01
9.763503203165877498e-01
4.321222626300481040e-01
3.995099984421899425e-02
2.900458358041486662e-01
-7.832546306822651960e-01
-7.966753316798219631e-01
-9.752919876506309649e-01
8.952921702178390229e-01
-6.129963096998406469e-01
-2.463049849462947138e-01
-5.910202551652621317e-02
-5.853962827461791640e-01
-9.962337003507637512e-02
-8.990873925389348820e-01
-5.090782623127296791e-01
1.358580826540329856e-01
9.553168542691421461e-01
5.254941384932818593e-01
1.853825568366742615e-01
3.071301981475759724e-01
-9.266675494466980467e-02
-4.758262329519181710e-01
-8.614544768123293395e-01
-8.080862952802894683e-02
-5.789261204013639306e-01
-5.603434193283789444e-01
4.673082352650466120e-01
-9.618074736907737954e-01
-2.523042088256306492e-01
5.881002870441798258e-01
-9.792630467902130320e-01
3.364251266310571697e-01
2.291143512310798158e-01
1.003646959927413373e-01
-3.248106387841579457e-01
8.538712452553656185e-01
6.836049873698137880e-01
6.138371933236941996e-02
-9.946378251389607072e-01
-2.451393070641481042e-01
1.000000000000000000e+00
4.375759452117056192e-01
-7.015816817449472831e-01
8.039399671912731415e-01
-9.858818403955575960e-01
2.942773331593498409e-01
9.642026083330388353e-01
7.394580657497015208e-01
-1.741951315203822404e-01
2.251409291182846495e-01
4.131005917201868161e-01
2.691500884543187588e-01
-4.946392092629777193e-01
8.615210553331893728e-02
-1.067815678314353034e-01
2.086892838748570511e-01
3.985972895134339833e-01
-9.610358839571659928e-01
5.623793202368836813e-02
-4.253761491733980549e-01
6.932329032725481621e-01
1.000000000000000000e+00
5.844876115460899690e-01
-1.000000000000000000e+00
1.371794386850284653e-01
9.124984209232329668e-01
2.456831052196254417e-01
-7.850905549169540087e-02
-8.675695114148543885e-01
-7.450638829526727847e-01
8.690321068885435984e-01
-5.969597032146065629e-01
6.824195435357740536e-01
-4.256031209718119102e-01
1.778704104206962899e-01
3.429990555180231215e-01
7.222490597196418172e-02
-8.295356112104657065e-01
6.214581775359795390e-02
5.610499204836250087e-02
8.198709269504367292e-02
-8.543907161577526388e-01
-9.226729494448453472e-01
-6.572655613006009867e-01
-7.550971297411677163e-01
1.668575768764831990e-01
8.983662383158375064e-02
-8.257588697549882450e-01
-6.576087272592926469e-01
6.874552274719141209e-01
-5.034453742344158211e-01
2.664636724498938847e-01
-6.395507319529946111e-01
-2.156708489570589027e-01
5.634835587157451808e-01
-6.872664229788180146e-01
-9.423404729224894583e-01
8.346404857617156781e-01
2.135598270990486103e-01
-6.216828891742437468e-02
6.703972887491725929e-01
1.336525979727188895e-01
-7.285952275212348450e-01
5.206718582713298904e-01
9.030469846614941343e-01
9.177553139203340482e-01
1.000000000000000000e+00
-6.125156766453685453e-01
-3.353527898895792836e-01
-4.473012484982823445e-01
4.219119262980515206e-01
6.920870387215087849e-01
1.000000000000000000e+00
3.457053018712712977e-01
-3.905012599224024217e-01
-8.702884887906152667e-01
-2.568856327986479560e-03
9.167073159669580917e-01
9.241608354859084384e-01
4.944358787660040888e-01
-3.960298317373791566e-01
3.486156554698583432e-01
-9.930919674362137517e-01
-6.948365801799223362e-01
7.598653461153364042e-01
3.322419013851029557e-01
8.653420765462653819e-01
-4.541941588339033498e-01
8.027714517220647661e-01
8.977230708992767205e-01
1.313019681788474280e-01
7.906630746432479206e-01
5.523134811564771596e-01
6.100399610380848880e-01
-4.066281173063674981e-01
-7.171364474648755927e-01
-2.373665033125840207e-01
2.300649503367133697e-01
-9.579361186172814513e-01
-9.500689061503391208e-01
2.800631814940419684e-01
4.182089456064577160e-01
-2.219259535361012281e-02
5.238641948239575186e-02
4.636541848940156640e-01
8.443173854632188835e-01
-2.232341149865306740e-01
4.880424659550432476e-01
-2.798048798148244920e-02
-4.862968479548406275e-01
1.401587300687401338e-01
1.000000000000000000e+00
-7.966791243512687526e-01
-6.932588707231368552e-01
-1.000000000000000000e+00
5.774353836888934666e-01
-9.976075125485186490e-01
-7.892392829419540012e-01
1.388261826908241403e-01
8.540209288863027659e-01
-2.035197451388504053e-01
5.508414910624082061e-02
9.347601765950495079e-01
