5.082518471906610769e-01
4.070737722102812928e-01
1.931514652419261679e-01
7.866592721893915507e-02
3.707503777418218460e-01
8.565287860452536206e-02
3.243590768369815081e-01
1.058666499306855184e-02
1.842518278400622489e-01
-4.390269872899172920e-01
4.213307669640260489e-01
-2.659154761933706784e-02
5.120649573084815054e-02
-5.896450176642015206e-02
-6.502325581565709944e-02
2.523576329961289555e-01
6.614275810200511696e-01
2.133540521572658000e-01
2.086738187886640339e-01
-1.562900225209187810e-01
9.708006051154924321e-02
4.263426849471723123e-01
-4.900729409026813310e-01
3.322377348680025655e-01
-9.995884639993044690e-03
5.263964226766498777e-01
-3.746933422173144568e-02
-2.214420876790061665e-01
-2.118769502050453502e-01
2.550795380158465270e-02
2.099802126396637381e-01
1.807335456652320316e-01
2.385192976737214310e-01
1.444947725041653142e-01
-4.506455981513995956e-02
1.385243603729622436e-02
-1.952597444181453090e-02
-1.120765723087003840e-01
3.039561353356357021e-01
5.090233831777030149e-01
7.012954872859776811e-01
7.585661420560098345e-02
-2.638813191709665218e-01
-2.709673616410208652e-01
-4.827783593770270110e-01
1.624737267207661540e-01
2.927629492769181496e-01
-4.079172369047648905e-01
5.726314931100753292e-01
-5.428986452051685063e-01
-3.279583639394840211e-01
1.814283222926268979e-01
3.519027094569737169e-01
-7.061436897289205539e-02
4.939448386615847841e-01
-6.949584619235213423e-02
8.647475052130410011e-02
-5.321105143064014387e-01
-2.799581340749510705e-01
2.342100208525450464e-02
1.841507208586602440e-01
-5.245589464071227503e-01
-4.447019978753233294e-01
-7.715040471949148326e-01
1.437818392421791880e-01
-1.000000000000000000e+00
-1.725247349234491634e-01
-3.244044542389677432e-01
9.170569888088232757e-02
1.061901523511151746e-01
9.140225610871777207e-01
-4.907060433042539360e-01
3.512676346036169295e-01
-6.111188600995902664e-01
-1.000000000000000000e+00
-9.497392788295200283e-01
-2.015167434471443753e-01
-3.951577310189376968e-01
-4.117384832289665564e-01
1.150738737281764151e-01
6.373644390110595470e-01
-1.989508512921375205e-01
5.727528750654913015e-02
-1.834967070629016650e-01
5.591830174703069645e-01
5.341764748163473076e-02
2.358546930829115706e-01
3.089983575702459628e-01
-2.748289905249362564e-01
3.974185169796164430e-01
1.295112516768819333e-01
5.079270749764686066e-01
3.512220411598460101e-01
-5.204254562582832921e-01
6.461008680854734010e-01
2.328962892334582591e-01
4.319020566468114164e-01
-5.247633171656997941e-01
1.222012326239243496e-01
-3.286878176501403237e-01
1.664795323323929044e-01
9.472945258022569259e-02
-2.232457950322369600e-01
3.195034048303897478e-01
-3.556744839068922692e-01
4.242881256130797141e-01
-5.388091974808040252e-02
-2.893556045574642299e-01
4.998605403018857585e-03
-6.618564228764173274e-01
-6.349413212745114166e-01
-2.360305997506577658e-01
1.088692796061288687e-01
-2.334557044176969187e-01
4.171810299606891759e-01
-2.695964507800496235e-01
-1.504010551284028496e-01
-8.693571825960058619e-02
-5.070426238717073986e-01
-7.419880640014528961e-01
-7.971776227519203339e-02
2.754949014706535859e-01
-2.223222073143654720e-01
-4.323479607511646616e-01
7.277716070889721223e-03
3.601431953752124993e-01
3.617270798682131749e-01
-1.600118149442056048e-01
4.760316948213580979e-01
3.076514488547490433e-01
4.069957977584828801e-01
-7.629769935292815206e-03
-1.881541885972417560e-01
-2.743845442417822689e-01
3.882112442453223844e-01
-2.189242714290548508e-01
-2.899336649227768348e-01
-2.488219099233885401e-01
8.500141844050151940e-02
-5.157060288495201039e-01
-1.397401890064676466e-01
-4.342372352312161565e-01
-1.849139427897413257e-01
3.733367952940389589e-01
-4.520852895413942085e-01
-4.080908635402596962e-01
3.408519237132108248e-01
1.225598209787609055e-01
-5.328066929878541025e-01
2.937708567200253973e-01
-2.688587039905103726e-01
2.117330985012085831e-01
-5.688603962630561783e-01
4.663199026333030850e-01
3.741155897798384977e-01
5.017742996259204613e-01
-1.029416182666319790e-01
1.471818546873180922e-01
-3.574892639136932893e-01
-3.309369824425959644e-02
-1.648081614426218089e-01
5.649018445281320799e-01
-4.494625076794257490e-01
4.520318983960727177e-01
-3.861349551429084093e-01
1.734099171871360534e-01
-9.144567707159750869e-02
2.549209235253120931e-01
-7.696180021055207821e-01
-3.779982283410099342e-01
-2.685479129375033525e-01
-5.426447168089972850e-01
2.891168347060161792e-01
-2.410584218893552511e-01
-2.111207122970349959e-01
-9.294050935113332135e-02
-2.524507853684201941e-02
-6.481777927436702669e-01
-5.656448790019317219e-01
1.730080627865157594e-01
-7.894238421133591144e-02
-8.715187955691657828e-01
-5.655877944000640145e-01
1.911126035730970341e-01
-3.114685896831455650e-02
-6.440005760216241937e-01
-5.026176778663719036e-01
5.522669434003851796e-01
4.702557178704692697e-01
-3.030607829253928465e-01
1.308354776341095205e-01
1.031387958360746593e-02
4.884559486563504471e-01
-7.934628895350226419e-02
3.726331808069840434e-01
2.989279140977336713e-01
4.985261665124934849e-01
-2.417182118483127973e-01
4.144485233311877570e-01
-6.630565988644165909e-02
-1.953624536955743118e-01
6.853042600521974323e-03
-2.792677908510524665e-01
-1.475823095864929879e-01
5.409201022664096303e-01
-7.279167575698370501e-03
-3.411258770561355069e-01
4.251784273830392369e-01
1.717386572829773805e-01
6.110521120942613571e-01
-5.051434697421828268e-01
-4.060941587629048888e-01
-1.756535490310747183e-01
2.617974409873757291e-01
-3.279853109272932166e-01
-5.132822067400242272e-01
-4.448672424728907782e-01
3.194752396520394999e-03
-4.308622480875586858e-01
-6.318823531638753099e-01
3.231117732326354020e-01
-1.211893562541922764e-01
-3.321129307416683663e-01
4.085294544064463906e-01
5.021089172239162624e-01
5.380716848477037351e-01
6.092097901134698734e-01
-1.460636435822714185e-01
7.109670807960641881e-01
-4.853577719803592871e-01
-2.541682974651439109e-01
4.822570431469463959e-01
3.576842428066171475e-01
2.464236602437511192e-01
2.006005709538384030e-01
-3.198691112155409577e-01
-4.016636113242380568e-02
5.860231112923963703e-01
4.442417775250278034e-01
-1.370844150172511322e-01
1.480424920659929588e-01
-5.081318540950316986e-01
5.111619376510818658e-01
3.239989660721561138e-01
7.189815288913778968e-01
5.075460040153754182e-01
-6.078571146131550584e-01
-3.525022814397960613e-01
-6.292508265718339544e-01
4.778930190149555113e-01
-2.382962229495722561e-01
-3.576757256088720083e-01
-7.343441650204556304e-01
-4.925451045671924710e-01
-3.166690791521756254e-01
6.166903849037559393e-01
2.516080511703907563e-01
7.730759899289234571e-01
-4.648534529586165198e-01
-8.544161740262617988e-02
1.000808206821162255e-01
-6.046817600155761641e-01
5.244141071661783116e-01
5.974961044818266620e-02
-8.595682507715383114e-01
