2.854966464086632905e-01
-3.855976160872096742e-02
8.578785410666169009e-02
1.544961056170188751e-01
3.347153141409184296e-02
-7.122782753417181145e-02
7.466355007654622289e-02
4.113771597396773116e-01
3.412642061136290650e-01
2.606304880132593871e-01
-7.475338509246476359e-03
1.911221828789051377e-02
5.413412583620565849e-02
4.908425379737915151e-01
-3.369685560142453018e-01
-1.379918431166210768e-01
-9.538814426009797898e-02
-3.693221515314058095e-02
-7.729736299438048908e-02
2.738825747202286998e-01
2.568028801102723024e-01
-1.417133947219296197e-01
-3.189969409976062265e-01
1.805954097359023791e-01
-4.071511326252312268e-01
7.458852753105388311e-02
-3.278523117680805510e-01
-4.371472122883919842e-01
-1.085489672142366802e-01
1.545700223419545494e-01
2.292637056140092444e-01
-5.526899796708755197e-01
1.590193908450536764e-01
1.021687788442501160e-01
2.354117144492547109e-01
-1.389933415365630642e-01
-2.924557895453468448e-01
3.375010538316818298e-01
5.852268422014008653e-01
8.453583075946720371e-02
4.083877542187455689e-01
7.489432107260639293e-02
-5.487388646536666137e-01
-5.011694800312668091e-02
4.417872145717164356e-01
-1.344305393928396652e-01
-3.190091254369978868e-01
4.204143597876315863e-01
-7.800624624010638053e-02
-1.798388298405602104e-01
4.291807055640353141e-01
2.258877385747139477e-01
2.693296010087150028e-01
-4.039509795732379449e-02
-5.152023019469424980e-01
9.639095541320898131e-02
-3.007898743333818903e-01
-1.378848105055915096e-01
-3.432822162796179688e-01
-1.602711721428379810e-01
-4.254716782103325212e-02
-1.333064412228526785e-01
2.202918711056050527e-01
3.678013606357067866e-01
5.202168680344473189e-02
5.935229082433046699e-02
-1.584466013026537001e-01
1.702140539230965477e-01
1.571246215095013776e-01
6.537663797538573185e-02
-1.059055746744573534e-01
2.579463812514780630e-01
-7.876965797010912484e-02
-2.765570625667661542e-01
-8.314235072845857499e-02
-2.700780065773458402e-02
1.064503520046039126e-01
4.237719376508620739e-01
-9.332683497889607271e-02
3.280170572378537375e-01
-1.512491393760561076e-01
-1.111379234042692288e-01
3.173603426727662769e-02
-6.553651123436593506e-02
3.475528962328973126e-01
-3.186405935960702762e-01
-5.470702034532430869e-01
1.469091630024216277e-01
3.313138780854944787e-02
1.702655456520557331e-01
-8.463754630170589044e-02
-1.654027295077361015e-01
-8.092897185103659075e-02
1.278941713540174829e-01
-1.880926105052237729e-01
2.570988541075436978e-02
-1.948738172438150423e-02
4.073918546682896852e-02
-1.933195233364685683e-01
-1.088706401041321936e-01
3.003326990587524836e-01
-2.049981203405944474e-01
6.743646931370961273e-02
2.283533481317750469e-01
5.197940716255172039e-02
-2.886026754048351961e-01
3.997638053645719003e-01
2.539930753854352519e-01
1.284337974994100295e-01
3.407364771628468292e-01
-2.867224603750827550e-01
-2.212187407317395549e-01
-3.180817765070279024e-02
-7.863084779045169392e-02
1.150538889706594486e-01
-5.245146080015157253e-01
-1.240071472301361583e-01
-2.230968216848511765e-01
6.053698991102468563e-02
-1.867603097315399807e-01
3.842081178809271524e-02
-1.199708231266364972e-01
-2.487615570830533640e-01
1.044502978016577655e-01
-4.763848251854817528e-01
-3.997726364163115692e-02
-1.009561799492051659e-01
1.349331544596431565e-01
1.631429027003413190e-01
-1.871596784955281145e-01
4.581782953199162178e-01
-2.107242745692445574e-01
-4.517634519976698737e-01
4.853151898136185971e-01
3.610971501671856460e-02
1.457790855500879501e-01
3.444231781499942913e-01
-1.714279388979514929e-01
-9.545438672265715851e-02
5.418704230662393373e-01
1.899959308004283698e-01
5.938834173148284101e-01
-3.720363464593633429e-01
7.733486157043138742e-02
9.683991605257269430e-02
3.082993278221191763e-03
9.971248871124624089e-03
-1.008189842780614770e-01
-1.522657129491813456e-02
2.503583983217527731e-01
-4.046391868939164249e-02
-1.328081446887819095e-01
-2.120263299974466109e-02
-1.156528673422426989e-01
-1.904532520259688833e-01
-6.199423203691007550e-02
1.773143942408698590e-02
-9.089089458730051363e-02
5.125778657704413432e-02
5.166111242359061606e-02
2.568153282881979749e-01
4.066798334224908801e-02
4.444114774751407038e-01
-5.563355721019029587e-02
-2.368663853579298373e-01
1.569676771851779284e-01
-2.715253873781898752e-01
-1.902600568235420786e-01
1.387187569817745214e-01
-1.638488237541959047e-01
-3.656139878524224396e-01
-9.059233370593092194e-02
6.216149277491696962e-02
-7.043440616215480843e-02
-3.069445604106139092e-01
1.164808336678538198e-01
-2.616197453261234762e-02
1.342802155028410827e-01
-3.795898497240678821e-02
9.399250171466166925e-02
-1.554035825761755640e-01
3.420841534616756441e-01
-2.551875238551205571e-01
1.723981703014666744e-01
-4.007772276391031729e-01
1.081575204794756051e-01
3.457781017518116867e-02
9.059361760360656879e-02
-3.620071576632840626e-01
5.497102434608001909e-02
3.733967463045713697e-01
1.260576697052422923e-01
-1.618629278681417150e-01
3.191214545633281885e-01
-1.038569067597950590e-01
1.904455713462769317e-01
1.542648988069483251e-01
4.357516316887213859e-02
-7.259719564934992431e-02
1.220680239225049035e-01
1.268322679887378679e-01
1.185684141706092737e-01
1.370604344199943536e-01
1.309462907056882508e-01
2.254816688763710553e-01
2.068209071957032852e-01
-8.100094100949313536e-02
2.915754616976258262e-01
1.942267765938495427e-01
2.506561861322339491e-01
-1.955614197139109445e-01
-2.736203894310970663e-01
4.830799541364174526e-02
5.861339883137302031e-01
1.218254849913089077e-02
-1.840994471614800509e-01
7.665556797644210163e-02
-2.771311546589912411e-01
3.384634269217431379e-01
-3.040853741379265229e-01
-9.211571013648468809e-02
9.706167744643942608e-02
-3.009909279417228301e-01
-1.310675967744418247e-01
1.304167110200649404e-01
1.808692128544044098e-02
1.616519160156729973e-01
3.168192562778576749e-01
1.805951291345533338e-01
3.217705599665843241e-01
-3.156694541439009627e-01
-4.488767032381014987e-02
-1.077414091978399352e-01
-6.244762794704527414e-02
-2.143006668809778470e-01
-6.102580435248066565e-03
-8.272194349492657806e-02
-1.667345809128915612e-01
-5.005049218922594245e-02
-2.722626115252378409e-01
1.007193597969637672e-01
3.442047198067702540e-01
5.759351343509550025e-02
1.294780394278892410e-01
3.501410229506201621e-01
4.064838772636260034e-01
2.487524830388034014e-02
-2.667505258550311176e-01
-2.063221735837937887e-01
2.770256743051350834e-01
-1.875559392389665458e-01
-1.406977063840851305e-01
2.697087084178964589e-01
-1.584578539377179685e-01
1.246006957316546371e-01
3.199453003854725586e-02
2.104208031382645283e-01
3.612652158666224134e-01
1.682109658160324539e-01
-2.076441991238837104e-01
-1.114462261824692851e-01
-2.446674600442719227e-01
3.888972750972764514e-01
1.298119139134973621e-01
1.762575804490074671e-01
