2.550391461560435613e-01
-8.012870074253150565e-03
1.552703079503448547e-01
-6.143809860105307885e-02
-1.581796637985896647e-01
1.847714015915700725e-01
2.572190117925604591e-01
-5.293609843089748523e-02
4.659152314590275790e-01
3.742624799185068074e-01
-3.002181138664131721e-01
2.139147958487698509e-01
-1.115005487581680471e-01
2.793794706476100398e-01
-9.246195864792042252e-02
-3.916927313125577459e-02
-4.580654453152488426e-02
-3.722481037170405349e-01
-1.873033901720290717e-01
1.395659597622385395e-01
2.495251860941961053e-01
-3.800302677182257338e-01
-9.992659297205869207e-02
1.380034231269071099e-01
-2.189037383059339037e-03
2.469739765168447176e-01
-3.245500490299387669e-02
1.982585634563374111e-01
-1.026774369404533371e-01
1.607501041800201980e-01
4.688227638339608205e-01
-7.366701548600619598e-02
-4.974647406211407663e-01
3.546695188130180587e-02
-1.007015871066966883e-01
-6.856807991965983839e-02
-6.808538232934108203e-02
1.287930048696683538e-01
4.250640620597387342e-01
9.527438425276632539e-02
7.644155789330844275e-01
-6.759484362114462352e-02
-6.530903752435038290e-02
-3.804252333080456738e-01
6.890501696757432570e-02
-6.739779459008069518e-01
-2.525825003915159184e-01
5.588196407379704134e-01
1.078730669108210749e-01
-6.250657745597078263e-02
1.987192724603813465e-01
4.483526736849389183e-01
-1.184710851965667666e-01
-1.709544634364537075e-01
-6.072856695497252932e-01
3.075598813324258995e-01
-1.341584660365307824e-01
-1.203543513803601028e-02
-5.400452943608596845e-01
8.675561517967476932e-02
2.129481881601900106e-01
2.951582493776802596e-01
4.856394132219892246e-01
7.914905160645088200e-01
-1.829745344773554827e-02
1.373815472949807825e-01
-1.211898871475700079e-02
2.217903601385098900e-02
-1.257701089129002747e-01
-2.569764374183182709e-01
1.073480386842365492e-01
4.930092325908570494e-01
-2.553164951291104351e-02
-1.593094623875362104e-01
-2.347695846009574816e-01
-3.397834600650914000e-02
-7.422195850567969710e-02
3.805004372397250978e-01
-8.427733595542391543e-02
2.959682291904520146e-01
8.649974427879303374e-02
-3.270146011347868642e-02
-2.685345219169097408e-01
-1.369241875708595846e-01
-3.111523817787768820e-02
-1.776777060709400224e-01
-3.429544774494339143e-01
7.735703123585253860e-02
-2.109590085997480324e-01
-9.256185349681290975e-02
1.868613028583634428e-01
-6.687809729838087303e-02
1.068959968789185422e-01
-1.718062961946860701e-01
-1.634686243839042485e-01
-1.944230009056690522e-01
-2.819269697599253721e-01
-1.263593126082670215e-01
-3.153534029789597515e-01
2.093261482126912779e-02
1.178409869775196711e-01
3.074395995095727252e-01
2.455238287547059362e-01
2.063735664971524664e-01
-2.894512006724939829e-02
-1.553705836971423782e-01
1.080547500310384545e-01
-2.580498277731054779e-01
1.942342341967819852e-01
2.567380099572035834e-01
-2.766664106470557716e-01
-4.341484594914686301e-01
3.539288516211645808e-02
-1.984356750305303618e-01
-4.805727211441545438e-02
-7.892978474176908232e-01
-7.909919204065309073e-02
-3.342026088123822153e-02
2.240468199220797263e-01
-4.136209584306946296e-01
5.713287479157456994e-02
-5.091506229728762212e-02
-2.219203672545236872e-01
-1.317922273060031513e-01
-4.591429009932010974e-01
3.927107709158710741e-02
-2.532516552758753980e-01
-7.073403602263854395e-02
3.629884743951342641e-01
4.537507893019138844e-02
3.123826815198589846e-01
-2.463315498357326605e-01
-7.006038897070139271e-01
1.317527969384476860e-01
-1.583763386679350876e-02
2.062906303125708607e-01
4.800055661072691882e-01
-4.364303253968853519e-02
-2.630501995479282273e-04
4.128407870612975650e-01
2.264225804261308372e-01
2.434482358983249828e-01
-2.235697066838627789e-01
9.036269344668808323e-02
1.346119069823074887e-01
2.480110433394111177e-03
1.170162094995101099e-01
-1.240293626062134308e-01
-4.174883233118355241e-02
2.800018034882336693e-01
2.248703327338558711e-01
2.650703559173561152e-01
2.629362045241417922e-01
-2.488910021369459269e-01
-4.207929721391365924e-02
-3.628136049808076691e-01
-6.931258292584674408e-01
-1.611527649582419619e-01
1.275106594510204971e-01
1.086435890221915251e-01
6.905302480702446566e-01
6.007542317801357196e-02
-3.403494956208342331e-02
-1.863519410721280745e-01
-1.330208332355976575e-01
1.890976543922245068e-01
-2.658628264615378600e-01
-4.858378688391493117e-02
2.295788534851333773e-01
1.747961659107283294e-01
-1.476939586312912278e-01
-2.380324052528298984e-01
5.190972509182488481e-02
-1.296524328979017648e-01
-5.128972318966794619e-01
-1.311931238612113262e-03
-3.300798126608944227e-01
2.720044194103157786e-01
-2.774421426409008351e-01
-1.447013236720196550e-01
-1.277258920289426336e-01
2.487151158460487177e-01
-3.853960369254251228e-01
-8.427127585231751483e-02
-4.432393236623838328e-01
1.064795227652978460e-01
2.956824529261792289e-02
-3.281317532568622242e-01
1.415341738968731444e-01
1.557602665687401189e-01
4.920514369227307894e-01
2.983539418921266062e-01
1.857176677812881482e-02
5.447160984407197759e-01
1.446904546246038092e-01
2.072213823508554098e-01
8.959148027143210014e-02
-5.938492698522469804e-02
-9.803287595452939152e-02
7.641538828002025774e-02
5.745920974357922040e-01
1.206598400290461587e-01
4.744856052375662214e-01
3.258239685278571107e-01
-1.106024131750677486e-01
2.617511312360258913e-01
1.276208745926069553e-02
-2.500776556098786019e-01
5.887368261778699319e-01
3.962012486620103413e-01
-2.319871844353930401e-01
-4.488415295758372281e-01
3.086542990354758098e-01
5.705863959221352255e-01
4.114699360635468151e-01
-2.787984604518580281e-02
1.069220922452070177e-02
-9.115154251523119311e-02
1.948233009608062727e-01
-2.170414088960641030e-01
1.819884462560021343e-01
5.981425321593435152e-02
-4.664732716831058168e-01
-3.971559300517019803e-02
-6.435305747361502737e-02
7.452583646106965276e-02
2.233279707865922503e-01
-4.942965255702675420e-01
-7.520328608789124125e-01
5.350741363305991372e-02
-2.603942192994250782e-01
1.112626364453258021e-01
3.669500911542511457e-02
-8.957841008546606199e-02
-2.317241301425372046e-01
-2.286825639798402143e-01
2.877820824794826704e-01
1.540939751380294154e-01
1.351361903983638868e-01
-3.146262949439687651e-01
-9.906999082290414427e-02
4.863204741460330216e-01
-4.491435041014200658e-01
5.835127903556915907e-01
4.147950526673690463e-01
5.809803807922018226e-01
-4.074262073500676262e-01
2.953025313984735112e-01
1.534431493891052489e-01
2.590111335634160405e-01
1.792601561301026825e-01
3.315506908963296306e-02
-4.287672824927579729e-02
8.081253710029623338e-02
1.420579046169528903e-01
8.070734276132922325e-02
-2.917999392528625724e-01
1.444084365466118680e-01
4.400925859902805048e-01
-7.035001797639436338e-01
-2.782735769781093937e-01
-2.486984142466308056e-01
3.259345376594851573e-01
-4.003580961991988207e-01
5.456967562516056719e-02
