2.570020526271372674e-01
-8.803282075917147065e-01
3.735099649496094742e-01
1.613322912572116852e-01
3.399862192606512012e-01
-3.940590674287536288e-01
1.115102425177115775e-01
4.173206444265582515e-01
2.121129541246986883e-01
4.357534764284197726e-01
-1.150014804355792980e-01
-7.972751297267499648e-02
1.130034318470122118e-01
5.576036695172876811e-01
1.591380604186040382e-01
-4.215947412730015054e-01
-3.902727720941434608e-01
3.786034922330758778e-01
-2.732816463793035291e-02
5.885092330078457445e-01
2.192046900885544769e-01
-1.928808705976303717e-01
-2.211410927903867396e-01
8.176596053538898179e-02
-3.042447845719585819e-01
-1.219869991415148819e-01
-5.332805624889128682e-01
-4.897256810586342324e-01
1.877621270983442225e-01
2.212805182853919694e-01
8.364159353963085408e-02
-5.261984009700410025e-02
4.608519297723662200e-01
5.262094549610575323e-01
8.419583961416177154e-02
6.561463302306569378e-01
-5.368305304457871019e-01
5.945935237165685949e-01
2.887349167029149011e-01
2.316826647838631237e-01
3.169469873253319969e-01
-8.770530181634317302e-03
-5.006599756091315578e-01
8.680250396323711815e-02
1.914452173911545541e-01
-5.433940333277631485e-02
-4.191329531788471341e-01
-1.186459236391493310e-02
-3.795575665154335421e-01
-5.494692196360798087e-03
1.691314251132101099e-01
-5.608997697278064742e-02
2.204756836956088262e-01
-3.194437220728705840e-01
-5.165770058896189676e-01
-4.124220210757097438e-01
-5.171825434440637803e-01
-1.686643195628693692e-01
-3.106557489919922407e-02
-4.331739798908267880e-01
3.690923156207839284e-01
-2.528116634169558785e-01
1.212296346817870463e-01
1.414561209709221667e-01
-3.555225169024857634e-01
2.201403428654348238e-01
-6.589895949918631590e-01
2.591879167196277645e-01
1.757381501261109369e-01
3.772691613919487708e-01
-4.341595912609338970e-01
2.435552896093881592e-01
-2.396871461828912475e-01
-3.474122412784902414e-01
6.575196120375831343e-02
-1.208072283353384263e-01
2.157742242656641996e-01
6.097711450408813683e-01
1.767619497998486056e-01
7.887463530645465182e-02
-3.409843587145997001e-01
-3.054785914113779532e-01
2.538452322902519653e-01
2.795961383401895928e-02
5.181530952909342291e-01
-4.073278675172318786e-01
-4.547478363945913760e-01
3.431811401768657954e-01
3.293172642819105489e-01
-1.037023711739546855e-01
-1.893976277277193421e-01
-2.870045734628727252e-01
-3.390395057106797005e-01
1.713481340860373847e-01
-2.049898333194849834e-02
2.017822721850722478e-01
1.843433371039223112e-01
2.880007546046272071e-01
-2.317166402612064469e-01
-4.171538920975549347e-01
-2.620776648007789866e-01
-2.020402147380267466e-01
-1.627919360794762849e-01
1.957870690643036260e-01
1.945481235189159552e-01
-5.335726106881513164e-01
5.907649227684698134e-01
1.012155937894438085e-01
-3.637697268884680368e-01
4.675178244558652607e-01
-4.872180548353936547e-01
-1.141780883698240295e-01
-1.211212837602227213e-02
-3.267298225000450640e-01
5.677556209362518702e-01
1.416424190033431507e-01
-5.343422248767109028e-01
-3.086763443604813029e-01
2.476694756705215827e-01
-1.488499153827813615e-01
-4.986217331446909928e-01
-3.880445989669512041e-01
-4.329886542478039724e-01
-5.193613956142878463e-01
1.609674558392470978e-01
-3.534168060930818756e-02
1.173362292486233027e-01
9.222329843129001281e-02
-2.708067858710467291e-01
-3.612421430304392223e-01
2.468885987052611419e-01
-4.001772708223002434e-02
-2.741926782722680644e-01
2.054282729435328581e-01
-1.891918903215119574e-01
-1.337300923231268257e-01
1.762588771064662607e-01
-4.545935579797515391e-01
1.227925696133019551e-01
4.466563885727925509e-01
3.414402920916973505e-01
5.028771650107828339e-01
-4.249875706626503047e-01
-2.151996957475358907e-01
-1.808273990107670259e-01
5.772644766644924319e-01
-1.069095138884450930e-01
5.163816619916276052e-01
7.587649630905009268e-02
-1.101710055770994262e-01
8.081233263424442148e-02
-2.889372116713528338e-01
2.517908007145203131e-01
-5.086957633392471395e-02
-2.885704590618463072e-01
3.235224200433533537e-01
3.897950721750097908e-02
-3.653500336112262548e-01
-9.129998547408715859e-03
1.742805270540116191e-01
4.955020879059473526e-01
-2.264444799005688180e-02
8.977671216346114202e-02
-1.983747278382806400e-01
-8.499967498157390278e-01
-1.740529272978572073e-02
-6.234709395979570745e-01
-1.009058390650131865e-01
3.573473612236874875e-01
-2.910567089419436870e-01
-7.481547598073651217e-01
1.488280119239824839e-01
-9.499604873929262672e-02
-4.963100318081120621e-02
-2.807870654835597501e-01
1.492340916568118403e-01
3.814743728957576963e-01
6.379666569869346660e-02
-2.787235848309135844e-01
1.339324670864525946e-01
-3.179520511457186727e-01
-2.172123413887890042e-01
-5.067992384881166990e-01
1.106592352135378626e-01
-5.924250738771780211e-01
-1.798933886753350253e-01
2.943388317177065283e-01
3.505559127722089330e-01
-1.946649475902480775e-01
-2.403018919670059095e-01
4.782083130393554038e-01
4.109375296044563419e-01
1.169848114000559582e-02
-3.209068373098213772e-02
-3.210888633860297658e-01
3.453728480813329504e-01
-4.892441687559614689e-04
2.590247435460517056e-01
-1.949055659103650362e-02
-2.317263411670239873e-02
1.378589851284986179e-01
2.290674731527992114e-01
2.708022192680633600e-01
4.036258147963689424e-01
4.197633769063969233e-01
1.955800917731816135e-01
3.459224395624409427e-03
4.299902784869915617e-01
2.534313208509643145e-01
5.358069901671943525e-01
-3.368820962300858590e-01
-5.409277939888819109e-01
-1.102849327663299600e-01
8.465226634325652144e-01
-2.239843904905855498e-01
-3.991923562059265240e-01
1.965458961123293657e-01
-4.288764713063769052e-01
3.512326788498754127e-01
-2.846483147296676730e-01
6.071799215961953128e-02
9.350270435505397826e-02
-4.244378536388970780e-01
-3.149304117830192262e-01
3.157920832200661332e-01
1.866702222546314516e-01
3.042828523680985997e-01
2.051818569262272851e-01
2.737255139923038261e-01
5.357204669166595323e-01
-3.758108188525892124e-01
-1.551063435583167616e-01
-3.068023657463429532e-01
2.320864046340187503e-03
-3.831562521998573279e-01
-2.437403319676970936e-01
-7.915917616486960184e-02
-4.366949014171743193e-01
-5.588018126633108318e-02
-5.908503771221451650e-01
7.222661804593906443e-02
5.505573969888574171e-01
2.308778361355046105e-01
1.527730578291469909e-01
5.408556064416740750e-01
2.259398633075641594e-01
1.536788348252475234e-01
-2.137021984016393150e-01
-2.993759780552739946e-01
5.766948769860626989e-01
-2.909576191059545791e-01
-3.443018399311694733e-01
4.480278155725923583e-01
-3.750088804361401684e-01
4.164969368951149664e-01
6.419239384317235175e-02
3.948224254458392313e-01
1.512483334896003451e-01
6.429035838352772925e-02
-5.016994807147731050e-01
3.414784893997643844e-02
-5.991701010948101702e-01
5.863388806179659074e-01
2.060004419766862938e-01
3.212527506465250871e-01
