-2.980572970136047828e-01
-9.545283598368309308e-01
-3.756106264004322459e-01
-5.318865806536512419e-01
-7.543799744052869238e-01
-3.120589546375463486e-01
4.713430487450105955e-01
-4.700725493734637661e-01
8.812166311262158436e-01
-4.553153303623594939e-01
4.484376169619452290e-01
3.361624609175259959e-01
5.115233333106433689e-01
2.212568301685323771e-02
-9.497469856547456901e-01
1.231283824232430602e-01
-5.961978908127236743e-01
-6.474147782399923834e-01
-4.557491764514912114e-02
-7.317145212311088054e-01
-3.397483862694273826e-01
-9.687382300525947398e-01
2.351120705437789449e-01
-7.174213792447783899e-02
1.889520080344971320e-01
4.729448431428155408e-01
-6.566492591642536514e-01
-9.753714040707938127e-01
3.637001749109982640e-01
-8.919163117555282128e-01
-6.795360312572779060e-02
-9.513994683157328547e-02
-2.607754823271505873e-01
-1.589035438843882375e-01
-7.192634560429503887e-01
-8.276035668311364502e-01
3.085278782564571110e-01
-7.440737414536641170e-01
7.418840350434832143e-01
-3.023421259176315434e-01
5.364409535500560544e-01
3.775293574280768616e-01
-1.585815924803974930e-01
-4.175044974806410014e-01
-5.024070469968903163e-01
3.012082457033556926e-01
2.263057140265494205e-01
2.757770271640646587e-01
-7.614454882232492006e-01
-9.601247011834727063e-01
3.615598812941398510e-01
7.032831836658682834e-01
2.055341016787795225e-02
3.380656205931265035e-01
-1.289228258619537493e-01
1.416430792309620879e-01
4.388116651889946429e-02
3.696486129447618674e-01
-2.476891983674884834e-01
7.504830041189063383e-01
3.600391772311959948e-01
5.881090729577798798e-02
1.670701033734505250e-02
4.415649466243447563e-01
-3.646098536579089194e-02
-4.590151236611381691e-01
-5.789465386556680304e-01
-6.602913282880635837e-01
-6.169993510853795105e-01
5.770035672829013640e-01
-5.354157750883034583e-02
2.005654684620346850e-01
-2.614410579904799265e-03
7.616189431130149234e-01
6.163725233153795058e-01
1.659804738929601398e-01
-5.937038820676752149e-01
6.462904411085390599e-01
2.533497064920192110e-01
6.307767755923667993e-04
-3.202537122369754352e-02
-1.558824388862168342e-01
-2.400282244683848987e-01
7.491956761171834067e-01
-2.850203783424207216e-01
-4.175808079511608706e-01
-3.393712910255693854e-02
-1.499113245755187562e-01
-8.201359544331550400e-02
-5.734330195710368727e-01
-6.434170181054860160e-01
5.532146442039086454e-01
8.753844134247693587e-01
-2.051320456970180950e-01
8.279385976624579202e-01
5.587910624002196958e-01
5.021786260897976861e-01
-6.059041495361925378e-01
-8.991114077587000208e-01
7.246856717472497378e-01
3.034322088540827855e-01
-3.787398331078459801e-01
4.818663785109201236e-01
-3.721568321322663575e-01
-5.908648386652561035e-02
-5.478210988977156859e-01
1.737374048830037931e-01
-7.124470241828520511e-02
3.073385094598190537e-01
7.074723180389858035e-01
-8.796954850203839160e-02
2.395414788190572131e-01
-3.172358994361579310e-01
-6.560865043527853713e-01
-1.069187415487531274e-02
3.427067684150768012e-01
6.892639563974585215e-01
-7.107628808182413493e-01
-4.738833419363912003e-01
2.095538951448875642e-01
5.003416685042535450e-01
1.889313534886986612e-01
4.879875932793771853e-01
-3.326671052657225736e-01
-4.805294158421268280e-01
1.667480371249382143e-01
8.529780582702534142e-01
2.076197101391812419e-02
-4.750633361418550304e-01
6.501747763642619082e-01
2.259998579122986795e-01
-1.080189283130552486e-01
3.932010081493800824e-01
3.379619672217805681e-01
3.585494288643580885e-01
-8.167394055943189013e-01
3.980620664133300846e-01
3.690480472025028935e-01
-6.187166993081714139e-01
6.350093899379195828e-02
-4.219827210115125737e-01
-2.898049456858255435e-01
9.131798612717312649e-03
-4.918050160912303959e-01
-6.529836567650183499e-01
-6.599319736553979077e-01
4.675816075156672968e-01
3.241781095022150949e-01
-4.308910489812853850e-01
-2.205449986051884748e-01
2.483337333292155169e-01
1.911807329242607156e-01
1.464124849853311316e-01
-9.276371412394935900e-01
1.450745567345489984e-01
1.951281310248570156e-01
6.640034778084699107e-01
-7.620408654625568379e-02
4.715574781914684266e-01
-9.819991604505713678e-02
4.010532746617240241e-02
-5.288170872301416470e-01
8.106280000412802167e-02
3.817422608843977216e-01
-4.838918252378595630e-01
3.806297649769376235e-01
2.685895025290229235e-02
-2.645989650555916062e-01
-4.388614930052340823e-01
-9.419569359745386117e-02
4.410722966286805824e-01
-4.122964732489168421e-02
-2.574926929123412811e-01
7.399889770940514255e-01
4.955643380151065758e-01
9.622558601138113676e-01
-1.151875227083852815e-01
1.145915269615651808e-02
-5.440181884560285619e-01
1.913253234003265968e-01
1.225927547032291814e-01
1.175153517191037666e-01
-1.419748408197126222e-01
1.156421138388673830e-01
-6.567509450514931180e-01
-2.768659361108414402e-02
1.538991156124114024e-01
2.571318433003478288e-01
-4.345636852568857816e-02
1.276560404803895044e-01
4.898772210169877739e-01
5.596213325837424701e-01
-8.234815955799851261e-01
8.448615416235458753e-01
-3.261671936811050276e-01
-1.829522763212775571e-01
6.468577832285203888e-01
-2.380112293611362229e-01
5.897212350851266383e-01
-9.234987293465745095e-01
3.835641004869266291e-01
6.387708567782565128e-01
3.312635106122647222e-01
2.624902557567901362e-01
-5.379060378641450368e-01
1.537214977582704312e-01
2.175663588404484761e-01
-4.034781319192609073e-01
2.477395602779116079e-01
-1.912590563685648004e-01
-4.665537939285388513e-01
-3.863219859457497352e-01
2.945239010318527195e-01
9.903548393150019002e-02
-5.634491509958145655e-02
-1.488421307539848637e-01
-5.152678812311141110e-01
-5.464838424639355541e-01
2.232488584724082875e-02
-5.014232202075181721e-01
4.390268180647349805e-01
-1.983533806002855393e-01
-6.369985877479306113e-01
4.877446597053922694e-01
-7.356494358386297394e-01
-3.233796412999197234e-02
-3.017059365176046892e-01
3.963161472928069529e-01
5.985272640313880066e-01
7.084915272334600944e-01
1.400255282731376338e-01
3.790172967729455999e-01
3.513506229304507733e-01
-3.180400642423254487e-01
-5.110443958107058204e-01
-2.151276613011888772e-01
5.437613545020905104e-01
-1.149082055799131724e-01
-1.197446118271766197e-01
2.787815323112257104e-01
1.409466301172032365e-01
-6.931370928776587892e-01
-7.143805438306515265e-01
2.183957189923136366e-01
3.338378672792864932e-01
7.593043725439581337e-02
2.760089557118265979e-01
3.315112661243365122e-01
4.822519226162572670e-01
-2.762912097038007220e-01
1.066245763725981038e-01
4.112985827523281679e-01
-4.912166740434040779e-01
-3.175108619534656729e-01
8.307225592384679391e-01
1.597515987311670660e-01
-5.870325942477093717e-01
-1.758707882847898585e-01
-1.457177100449474350e-01
-2.257012531785402565e-01
-2.074832889226940480e-01
-5.703397873254727468e-01
1.745314529367222589e-01
4.923768343968297212e-01
-5.239518209253127834e-01
