-4.584005348988288153e-01
-8.750611354538293529e-01
-3.581050579473812334e-01
-5.587545368087536435e-01
-7.274788336784990816e-01
-2.824401100947164789e-01
4.662766722196491909e-01
-6.029098233060031786e-01
9.370858870388197870e-01
-4.269927081665719770e-01
1.638078904298196359e-01
2.594418147012621523e-01
5.060153484852799588e-01
-5.769989395121975784e-02
-9.558928772919689232e-01
2.184574677101715767e-01
-5.222919245600685656e-01
-6.756742424425679072e-01
2.372774312276854924e-01
-7.524930846059689760e-01
-6.903838534712579689e-01
-9.058132399759422082e-01
2.392604524245631470e-01
-2.969212559841465926e-01
1.877650905819757965e-01
5.010386996444667895e-01
-8.635482605281397106e-01
-6.984694420224428768e-01
3.704844235286549603e-01
-9.439880027433723564e-01
1.158993489558878161e-02
-6.954498776828052509e-02
-7.021971160947654278e-01
-2.171660838449846198e-01
-2.943444131336405700e-01
-9.412225856587218553e-01
4.762001826934547100e-01
-9.072170095081419916e-01
8.916795953108160866e-01
-2.015751671376369292e-01
1.795342293755283203e-01
2.324982510969087202e-01
-1.638295516853229827e-01
-3.559430375640394995e-01
-4.452263778639648506e-01
2.834638885287330545e-01
2.503053955306282496e-01
2.284598314874434211e-01
-7.826132666528646809e-01
-5.566204167235651035e-01
3.551315615343149656e-01
6.544933154710660395e-01
4.726550481367772227e-01
6.883274471814321283e-01
-2.453832842871507547e-01
3.378666794688402475e-01
3.414646942380495376e-01
2.362835049493480430e-02
-3.190942459131160813e-01
6.864234675124737395e-01
3.989851604586431288e-01
-1.119589805399252673e-02
1.224964753583091676e-01
5.249031686537355412e-01
-2.093904401425615291e-01
-4.057005177789924644e-01
-7.619311899893852491e-01
-3.717121178587022290e-01
-5.651281961027508904e-01
5.892697402255170358e-01
4.299878569247973445e-03
-2.069279530855803462e-01
-5.676785652257193560e-01
6.850194365339599134e-01
4.949441767172524931e-01
1.499411968646450488e-01
-5.737210455394216035e-01
7.941056078858428346e-01
3.073279819689229697e-01
-1.164285660945136962e-02
-8.769397759383773527e-02
-6.452131796644110517e-01
-3.327471527589720979e-01
6.394077006826689447e-01
-2.299813870310837283e-01
-3.719969699935235519e-01
-5.900886141408154262e-02
9.234257860957663377e-02
-3.433761516004431302e-02
-1.269358817240676396e-01
-6.550624987065191140e-01
7.621869058640060590e-01
6.821584349332011632e-01
-2.197983682519853987e-01
8.907267315119520301e-01
5.421763899806828491e-01
2.521425489613952631e-01
-3.821844655784616962e-01
-9.242736167662684021e-01
7.415685774494993332e-01
1.976939217319199082e-01
1.340375083207000773e-01
4.602355368728919816e-01
-1.892016178689659434e-01
-5.144527028978968658e-02
-4.602861243217213350e-01
5.261648819424628865e-02
-4.034992396255603075e-02
2.806261222692967294e-01
7.149081615218630947e-01
-5.064565099459374109e-02
6.929328612745063246e-03
-7.631138363522574908e-01
-7.275515978322621979e-01
-1.565248011872481249e-01
3.458546269650421556e-01
6.982366901144047011e-01
-7.450575899860649720e-01
-7.064762920702915006e-01
4.500562763313746273e-01
3.070617300662740190e-01
2.269802986088616248e-01
-8.495887130285866007e-02
-2.688309580240376695e-01
-6.668966483036175008e-01
3.036924258128815279e-01
6.469544374481613902e-01
1.351027244030598810e-02
-6.377007020453751007e-01
6.021187883237051341e-01
2.338225380565741029e-01
-1.462915720371610884e-01
2.796348294788526534e-01
4.466266180496943350e-01
3.640697701559902355e-01
-6.152846170841292928e-01
4.172768141231231742e-01
4.066052690146024773e-01
-7.483250163111914155e-01
2.043887935483992002e-01
-4.510125283406551389e-01
-3.315325915142642438e-02
-3.434858162238471624e-02
-5.258616347712495864e-01
-6.601949192381061371e-01
-8.561068683842406601e-01
7.392273306474925754e-01
2.979641286194403826e-01
-2.497656940446469076e-01
4.165404791049422961e-01
2.522879446722326446e-01
1.820555895432452720e-01
2.284017272839451163e-01
-5.316542561827828361e-01
8.727369765240385047e-02
8.882293456636200513e-02
5.915000499006516366e-01
-1.664549027214315413e-01
-2.467644136036689986e-02
-1.081089204010002719e-01
9.112726085559841316e-02
-7.040331314162682208e-01
2.232120653478605055e-01
4.363421078468374681e-01
-4.944874744464602401e-01
3.983953407122118318e-01
1.081850108627834955e-01
-2.712590615969010521e-01
-4.633320631432908954e-01
-2.318841662913133927e-01
4.675363240663429343e-01
-2.122099705947711468e-01
-6.222211552598732043e-01
8.741520800740316677e-01
5.444103559476559662e-01
8.622372315924048403e-01
-2.816977837646995053e-01
-1.451219947953126255e-01
-7.579361057316156280e-01
-5.056234589139113611e-01
1.029406553158514342e-01
-3.420537351444720708e-01
-1.781458083963255723e-01
3.257701911714708798e-01
-6.140874218645947513e-01
5.226388708517558206e-03
4.963671947164028375e-01
-2.922671032226069054e-01
-1.415918122645651867e-01
-4.613552566741804806e-02
5.220124860457475702e-01
5.455221050165404151e-01
-8.019305063963774183e-01
6.775550684597845263e-01
-3.577465680307599927e-01
-3.308346565424749586e-02
5.062913735958662897e-01
-6.233802067512035361e-01
4.174705298886939864e-01
-8.175243265558851391e-01
1.580184015606576065e-01
9.073554468551229268e-01
9.060311935016103213e-01
2.661575065365414661e-01
-6.242982186072566497e-01
4.941175308919223269e-02
5.624578527652710491e-01
-6.322639519393907781e-01
1.399561918914550840e-01
-2.067109181341041102e-01
-7.468594117558763346e-01
-1.317281632354758147e-01
3.818349191160516631e-01
1.729221777290075590e-01
2.003126694208355596e-01
-2.014528916729333985e-01
-8.533350728022182086e-01
-4.993856977363629879e-01
-3.630817270397805330e-01
-5.407364955446349875e-01
5.187293223538056441e-01
-2.644707749936870966e-01
-6.761895054426539931e-01
3.692314793910287940e-01
-8.812098319099604948e-01
-1.214116024397081661e-01
-1.538429276488453845e-01
4.335459861175076646e-01
3.856868608260657361e-01
4.280846960358841158e-01
1.872963261861650408e-01
5.111357461906452793e-01
1.004997695369860278e-01
-6.753597577736105695e-01
-5.244910253875105788e-01
-1.735762974790378554e-01
4.450648797550270652e-01
5.297250898881644687e-02
-6.493458738985261602e-01
3.059526339670993744e-01
1.434057266878817072e-01
-6.699884962427432589e-01
-7.094460962274975468e-01
2.420771769257859252e-01
2.502030536308898490e-01
7.641485849850515599e-02
6.580148120936996081e-01
2.375360117722022935e-01
3.540954860688558803e-01
-2.494427290120423621e-02
2.162133293857275707e-01
4.663357581784973172e-01
-4.831523120166810736e-01
-4.973592431110653300e-01
3.452006208032668000e-01
-3.982107895215296345e-02
-6.594658254708567480e-01
-1.011047981236370130e-01
-1.407492076848582685e-01
-1.891415841482156912e-01
-2.101824694361415502e-01
-5.447818057734841179e-01
1.657991140738834523e-01
4.929894368585599485e-01
-5.591586645899573327e-01
