8.134696816110071893e-01
-6.700404312498579040e-01
4.817508157472276675e-01
-3.822800174598153244e-01
5.225174967412615779e-01
-6.060053108624003926e-01
-3.208149903009200887e-01
-6.206497073204078063e-01
-1.938076627266469565e-01
1.943974680817424916e-01
6.291443960501887922e-01
-6.641525721778103186e-01
3.555498996585400029e-01
-2.811334697821008533e-01
6.854232674266924619e-02
-3.541997120114288577e-01
-2.750575451928519155e-01
2.072757608920765549e-01
-1.000000000000000000e+00
-7.140015455774433306e-01
-4.283624306330720000e-01
-1.099355983737291820e-01
2.359815716163784216e-01
-7.624433248104328653e-01
2.589479823319624230e-01
6.640974501256382556e-01
-6.959895678037412159e-01
-9.546637062731719858e-01
3.308405701275163313e-01
-1.000000000000000000e+00
-5.319261308597229843e-02
-1.621112933240120568e-01
-1.363327493072656882e-01
-2.277707895319248665e-01
-5.329539307033817064e-01
-6.262648518165978562e-01
2.221480500952470738e-01
-7.280068462560331799e-01
7.322549571878781416e-01
-2.488278317000912898e-01
5.846212213572058447e-01
4.054602969398128642e-02
-1.017699464293192191e-01
-3.565772447459714112e-02
-4.735502746474468116e-01
4.839376185640961725e-01
3.113057011026033605e-01
3.880729050731239749e-01
-8.878311709145567665e-01
-9.125390167180744694e-01
3.552493999694426585e-01
6.176090223266268442e-01
-7.414375326598575400e-02
3.009422173867317141e-01
-8.258178754341612138e-02
-8.851506214818755103e-03
3.122818996249729917e-01
4.066612207879386487e-01
-2.861520597389659581e-01
5.910006918032409962e-01
3.964872467177720239e-01
1.348864289151397999e-01
3.482108407175982939e-02
4.072071290485934081e-01
-2.718437480927974326e-01
-6.723138746524324194e-01
-5.586139653659044635e-01
-4.272360350001990215e-01
-6.793602932132513095e-01
6.279854583764495901e-01
-1.264486765985319838e-01
2.475594689164689610e-01
3.615172054407726765e-02
5.009178485774505862e-01
7.578062190669441200e-01
1.744957563990957305e-01
-6.596935070372708099e-01
5.863368477221823083e-01
2.374897604349088254e-01
-1.815159031844187920e-01
-1.995593534429662350e-02
-1.693499939452048908e-01
-2.218497038355273232e-01
9.049121310022286702e-01
-7.134347904292233089e-01
-3.825237490826602915e-01
-9.088160530481062538e-02
-1.281474625085725350e-01
-1.721952757773398679e-01
-4.978631272821741338e-01
-5.444040706536010799e-01
6.135442593535860301e-01
6.428247339556389939e-01
-9.827525671982426103e-02
7.506546363382784470e-01
4.727321323171516099e-01
4.548020731049533527e-01
-4.922545009093954316e-01
-8.300406663699100296e-01
8.244912368205323805e-01
2.826610545282559062e-01
-4.356228270633550892e-01
5.788630440460050819e-01
-2.130081147445948009e-01
8.460979439423116366e-02
-4.891012618583890914e-01
1.268188660775334264e-01
3.306852083537664688e-02
2.777376871264725655e-01
5.963049806837589228e-01
-7.441291659353781174e-02
2.078417230599371446e-01
-1.230794347981361003e-01
-8.204000353054636818e-01
-1.678795974533127122e-01
3.668073470262421809e-01
6.455745685774049170e-01
-8.359162989764523655e-01
-4.357094400592634864e-01
2.143421212196271464e-01
3.892685371595096533e-01
-2.163146595711679665e-01
3.064977513308445589e-01
-3.492291225118941966e-01
-5.062052325029565703e-01
1.374033271374429932e-01
7.988975513244096494e-01
2.461462429312257505e-01
-5.935275460158191407e-01
7.411792934673480104e-01
1.784854667981352616e-01
1.009661270485733425e-01
3.104001528341870375e-01
-3.651674699113267863e-02
2.672256493589418858e-01
-7.395176791404347583e-01
3.341247408468987490e-01
4.110322427034978632e-01
-7.125417028794758245e-01
8.450109337774966423e-02
7.248425091725801961e-02
-4.009497095645265796e-01
-7.125511277641967400e-02
-6.028083383084008595e-01
-1.000000000000000000e+00
-6.797132252702682287e-01
5.556289089529249381e-01
1.230195117832471319e-01
-2.120437064339856237e-01
-1.052339373112974458e-01
3.399409566307618480e-01
1.081918652496464267e-01
-1.188794713621382781e-02
-8.869128355268990349e-01
9.120517847447723314e-02
1.713073544259567926e-01
6.497028941500045951e-01
-5.926882957339334179e-02
3.101482294532728057e-01
-4.302111120832414759e-01
3.094905586744446380e-01
-5.097824604158911477e-01
-9.040287677296288127e-02
1.855101333877585690e-01
-8.534500920031697913e-01
4.013016160792913234e-01
-2.304070455382691007e-02
-3.218792189672873283e-01
-4.831152457051528515e-01
2.077411386249000125e-01
2.701608565760257319e-01
1.926506797308816243e-01
-5.595251324746960409e-01
6.171084270892646106e-01
4.446214660753037284e-01
8.529812744349465348e-01
-1.119458592489500359e-01
-2.017708026223936912e-01
-1.000000000000000000e+00
3.280168983064143950e-01
2.848670920251223926e-01
1.867071089832742781e-01
-3.075801417107408287e-01
1.836673806026857814e-01
-5.409930046278454974e-01
-8.384638611165827482e-02
6.746918973428581157e-02
1.699747729416929698e-01
2.697383397379353731e-01
1.124889048901825395e-01
3.768313777649481278e-01
4.448846934802812014e-01
-3.177082085113723253e-01
7.446124279632293508e-01
-2.550948886961133533e-01
-1.275654552144411535e-01
5.801715115663864664e-01
-1.671435062712763597e-01
5.208514944470483687e-01
-8.307514056513208844e-01
4.451792446739727405e-01
5.063144588520007705e-01
2.202607700111702260e-01
-1.265652451994513372e-01
-6.380629145327840757e-01
1.638120161167703759e-01
-1.247452244422925793e-01
-2.106334312579012380e-01
2.481911668966446660e-01
-1.610685581674165534e-01
-5.607102718329044500e-01
-3.883131738786242959e-01
2.470316965939630682e-01
7.864249908812537271e-02
1.878373434384506546e-01
-2.665569711606994296e-01
-6.332582978204848168e-01
-4.451079552995791389e-01
6.545810470511484458e-02
-4.828450754601756323e-01
6.602774986475098418e-01
-1.977646130560661297e-01
-7.724121851893510637e-01
8.829445642466188238e-01
-6.819666660860714824e-01
-2.629450481857471544e-01
-3.122975102294128225e-01
7.402985765222451775e-01
5.808854799207938679e-01
5.612804413708754048e-01
1.770883674770435123e-01
3.658902515923365684e-01
1.831961916967939086e-03
-4.802589701192574445e-01
-5.997338883370436635e-01
-2.671149789672222497e-01
5.121576167960374404e-01
1.777131099975111650e-01
2.195020169480957350e-01
3.782893250431521581e-01
3.988673288602322398e-01
-4.780244333095909903e-01
-5.922508217700048760e-01
5.857954995443287460e-01
5.394796476744321279e-01
1.173549850741117950e-02
3.386730017384824154e-01
2.342779434896326007e-01
3.898299098772382565e-01
-1.665374162419260284e-01
1.743447151396330386e-01
2.554009591337044749e-01
-5.372496080220693360e-01
-2.480659177077813859e-01
8.474534061677310159e-01
7.341515640636990525e-02
-4.689842330204156418e-01
-1.626746778297705198e-01
-4.213875301509228954e-01
-8.896216945738116832e-02
-2.964359001736184829e-01
-3.134020114048478023e-01
1.013939114765622096e-01
2.789456422722322304e-01
-5.783875195142721415e-01
