-6.814071041204504686e-01
-4.501185974335731865e-01
-6.772070895827974057e-01
-6.374071393871316715e-01
1.614053752980900147e-01
2.722140325791352206e-02
-4.689153924949369251e-02
4.578000901137654344e-01
-1.352343921717348227e-02
-1.486696217380171214e-01
7.473034264643582669e-02
-8.780380188789783935e-02
4.542522431624943513e-01
-3.633994704747522952e-01
1.197472645129096097e-02
-1.622427463124645475e-01
-1.186506757206413631e-01
1.985853302977624302e-01
8.850780354918025283e-02
-4.513311495067496848e-01
-3.054545850262737061e-01
-2.191947497051008054e-01
4.714767104406877296e-01
7.582369433245840507e-02
-3.591405103919818598e-01
1.594722043968203884e-01
-1.572190749022579492e-01
-1.000000000000000000e+00
-6.313808403545602133e-01
4.395305330941863264e-01
8.967367387073612583e-01
-5.070983537745987757e-01
8.424325746392566927e-01
-5.862911868299616192e-01
-6.092057112435728117e-01
-9.372444098091416986e-01
8.527673738879173460e-01
-3.281577885042339382e-01
7.964311765088856188e-01
3.452568031824047590e-01
-8.590478565775916051e-03
-6.424781343541464684e-01
-1.770563786007958995e-01
1.619897797392387540e-01
-5.812680282898105011e-01
-7.707054565276013625e-01
4.109795053128430520e-01
6.632319892699903852e-01
2.970601743235461445e-01
-5.560755396978654952e-01
-2.177684509350191755e-01
3.378693631551007437e-01
8.966045938743756327e-01
-5.573094120811589169e-01
4.547306788975190028e-01
4.233928628471338995e-01
-6.697231597986958995e-01
4.449189653279841949e-02
-2.867108289009344668e-01
9.754105283781604185e-02
-5.143683391458174770e-01
-7.382869986993934042e-02
-8.747914435741699357e-02
-7.453522392125797591e-01
-5.077930243263701904e-01
-2.685555263763373945e-01
4.307137721810226916e-01
-1.475920655575734541e-01
-1.238071117325978965e-01
1.040269479364606432e-02
5.439234827570214037e-01
-1.686798652351695904e-01
6.905812174021491723e-02
-1.950053566628229818e-01
2.391139187404481559e-01
-3.093710431876568745e-03
-1.920525152996006013e-01
2.183039682672476833e-01
-1.326977708636479514e-01
3.123051767059790151e-01
-3.781207115262905649e-01
5.193555591196510335e-01
1.847374635491596390e-02
-7.202569216857753753e-01
7.487785993514812777e-01
-8.678668367988461307e-01
-5.620426614551690125e-01
-5.902163463228624618e-01
4.445746857376159933e-01
4.875728169452084870e-01
-8.595104967156322329e-02
-1.632554110037298667e-02
-7.369474996760057017e-01
6.599991063992084461e-01
6.374376421682976801e-01
8.087848299057479595e-01
-5.560342275639955645e-01
-1.201006012504793746e-01
-5.625588825162999296e-01
-2.611563537875603164e-02
-8.227647927956771579e-02
-5.426046111345039780e-01
4.954750788666476002e-01
-7.266865095752840231e-01
2.339221547989120131e-01
2.279335455159526846e-01
-8.625146989393737140e-01
1.309256035566570553e-01
2.986016195993043132e-01
1.086931357432350392e-02
-5.630809903114232240e-01
-5.692129733469146746e-01
-4.780772593543508031e-01
3.294044682989077932e-01
2.972144427733663941e-01
-4.538350354009235144e-02
4.097766716270133669e-01
5.883643628149959337e-01
-2.327632012429866892e-01
7.538723740131683115e-01
-5.482633348718595201e-01
-3.748468182560837358e-01
-6.632024715008920657e-01
7.287405705733330796e-01
-3.596275399144045481e-01
3.611670459832606594e-01
7.539566503320291879e-01
4.628772363853579930e-01
8.943660005307562111e-01
-6.457342452924828002e-01
-7.930105637523464646e-01
5.638880811042088492e-01
1.125185456626366237e-01
2.252116393232552749e-01
9.958100264421021475e-02
8.782878990632083660e-01
-3.718732405804148211e-01
6.704359127645278527e-01
5.281102907845045547e-01
4.490499971893862630e-01
-7.368547930152280490e-02
-1.288890126945968495e-01
5.476316866909978209e-01
-5.165641366740404417e-01
-4.413494973212823691e-01
-5.753379532185494138e-01
-1.673397987028337197e-01
-5.215275367545467722e-01
7.427555971271058155e-01
-8.731567205059127534e-01
3.843283121280044456e-01
-5.518419432301673311e-01
3.309728576843282144e-01
5.277438058134241716e-01
-4.259719104646945143e-01
1.724142846525159589e-01
-7.645269588122839410e-01
2.775542836652433731e-01
-7.741230003124589532e-01
-9.623639631418823281e-03
7.659074959489735601e-01
-5.054428933685523040e-01
-6.303117095692652994e-01
3.835002866867237015e-01
2.883405477326364541e-01
-5.564550377407776471e-01
-3.540748171851493820e-01
2.183510498469335703e-01
1.666057839204119762e-01
-2.061460469739953005e-01
2.195733676106421117e-01
-1.800926282617300311e-01
1.292476643216834420e-01
-4.706980930734772639e-01
-5.210720063578481165e-01
1.222532381110114641e-01
-3.462987256147623816e-01
1.078110343556626660e-01
6.806663983457384229e-03
6.804471491193434529e-01
-1.639652348494821110e-01
1.985119083835107379e-02
-3.860662808258244483e-01
4.742631134140129490e-02
4.859068344598029832e-01
-4.567600858365353789e-01
-4.215259187765401094e-01
-3.529405625527459178e-01
-5.169463334604325333e-02
-2.012828279453664493e-01
-2.505495467403736631e-01
-8.240293931717997122e-02
-6.297415295116324252e-01
3.290211203465008838e-01
-1.872151941904936362e-02
3.275508321156438973e-01
-5.399959399465292798e-02
-1.813747404264543506e-01
5.004565575696880847e-02
-2.970540244904446795e-03
-3.648575781385603872e-02
-1.364749065498804814e-01
4.205528370709260000e-01
7.704032360453078043e-02
-1.521205971948775548e-01
-2.810162519545015836e-01
-2.126986110604478786e-01
4.386315966112677711e-01
-3.405269013078082024e-02
2.546161131757937457e-01
4.064441794719363399e-01
-1.996987250848757389e-01
7.726341298375774547e-02
7.216281455265959044e-02
-1.452681244173923726e-02
-1.246749203848357274e-01
7.418773456816916967e-02
-9.381453074040131332e-03
1.850458700863955768e-03
-2.853432102586172525e-01
1.880036052880317554e-01
4.492456483872330208e-01
-4.935242638588562269e-01
-4.886724536717210743e-01
1.460970221266184588e-01
-3.856275424142254216e-01
-5.738491954157370900e-02
-1.560506614142890269e-01
9.536842519591443024e-03
2.588291980349481936e-01
-1.775841536730967951e-01
-6.181958870501039760e-01
5.697827318831807375e-01
5.817651554185100382e-01
8.396438780922980127e-01
-1.777870093865520917e-01
-3.855124067050597070e-01
-3.250656927926203199e-01
1.367076838784653803e-01
-1.619844314650832895e-01
-1.965762005881163399e-01
-4.355282737226207068e-01
4.667989415266241560e-01
-1.285752947757793085e-01
-4.885475468402544763e-01
-3.523837890398483497e-01
7.944554163418535153e-02
5.071838305866458452e-01
-3.912481199865515125e-01
2.723410384870051382e-01
-2.410790744424653742e-01
-5.872208878555658096e-01
-1.419710619716068878e-01
1.838784660428757212e-01
2.772197191291147500e-01
-7.342926878079880648e-01
-4.441094514252671988e-01
3.230339468102277345e-01
1.424829541775622932e-01
-1.434326598657747476e-01
6.834519380552948886e-02
2.887406885060175843e-01
3.177749155427476296e-02
1.850501419968437755e-01
-3.821792015364240958e-01
