-4.516783149030516031e-01
-9.829469560858002108e-02
4.652328493715812696e-01
-3.285140407070719082e-01
3.807677306506794257e-01
-3.548469014250648645e-01
3.602394094463230445e-01
-3.428516531618564650e-02
2.066906926320737359e-01
1.120518486032439226e-01
-2.125394265334493715e-01
3.412378300855660740e-01
-1.683142468941464798e-02
-1.994200407448918633e-01
3.576290092200626880e-01
3.263174292491554107e-01
2.817052752522858916e-01
4.187529593661714067e-01
-5.988796219536525467e-02
1.781626371797643826e-01
6.520046353459183486e-01
-2.867186595787142300e-01
-3.831036368396047997e-01
-4.842137652102952994e-01
1.339351926934569288e-02
-9.272445822708111351e-02
-2.400006255461483717e-01
8.169206897402379042e-01
2.309473561307654466e-01
2.453755597669980970e-01
-6.273504434853692802e-01
3.926853656566595130e-01
-6.408855461386331331e-02
3.970663382321770740e-01
2.616413239433464932e-01
5.782914628138862145e-01
5.045423149448422517e-01
1.294863176119002701e-01
-4.180476897581146822e-01
3.319067193307966290e-01
-3.270020939424864159e-01
2.824200739548727301e-01
1.967789493798927369e-01
-3.668748971058182762e-01
1.695504689349446592e-01
-4.095630946968878416e-01
9.491093482477105936e-02
4.300689722509174473e-01
-1.811369433686275121e-01
2.077920975147235505e-01
-2.180331814989560912e-01
1.077071645891957419e-01
-8.154872656223236538e-01
-3.444385297840516502e-01
3.748430065202485451e-01
7.303092255626344453e-01
3.105377715676699291e-02
-7.624518410071117192e-01
2.036442213677901181e-01
2.267890981489511515e-01
-5.433871798523661756e-01
-2.731563097666016571e-01
1.471947220868187745e-01
5.678148180472192968e-02
6.366611683800857402e-03
-2.267164908522964484e-01
-4.126029066307680959e-01
-5.862262005203253690e-01
-1.317222420886371426e-01
-2.102779007221736163e-02
2.567205415412657787e-01
-1.191883462289871354e-01
-2.761467022648983471e-02
1.803310651884792726e-01
-1.258973550079452441e-01
2.143488620963754365e-01
-1.230315482436074720e-01
-4.448596453181086208e-02
-1.592913145972452843e-02
-2.476327128400569455e-01
8.851006706269881619e-02
-4.936873803720784326e-02
3.360992716915449652e-01
4.431743728768088308e-01
-2.402531115541828577e-01
-2.660635535647469796e-01
-1.630049895264601145e-01
5.517239101337929608e-01
-6.265052839446793665e-04
-3.611907637266439375e-01
1.981635337656312834e-01
-3.712910404250778784e-01
-8.800096213322339267e-03
3.974727559396068477e-02
3.556222231116120125e-01
-4.010256827076362773e-01
-1.368676721893841985e-01
-1.985206455613462984e-01
3.605626759847053164e-01
2.799426058911650417e-01
2.426522943104711949e-01
3.155825335333269366e-01
2.003076717908139626e-01
-2.089438132268901516e-01
3.163429701828494034e-01
-2.012326520331955138e-01
-2.334468540663321434e-01
-4.176399551382367070e-01
9.614070014478100223e-02
-1.350357636959194918e-01
1.586840018298218413e-01
3.491967398600885342e-01
-2.707410161117981828e-02
1.136784979304686360e-01
3.691184957296930053e-02
-3.308920347646728162e-03
7.256012014741916594e-02
-3.699461566312620131e-02
-7.872898272608981618e-02
9.483842201526319904e-02
2.446490958246745895e-01
-4.497150833388793290e-01
1.564297360554831387e-02
2.495771330198491844e-01
7.817580497475062895e-02
1.498841477190956673e-01
-2.627560582480041873e-01
-6.511199390485337968e-02
5.979290381810585531e-02
-2.203784756375656850e-03
-3.511323390476775996e-01
-2.545338366508339556e-01
1.158571286466699574e-01
-2.746778478978567639e-01
3.968923779548325093e-02
3.492279230135964530e-01
-8.725405880381070789e-02
1.767886011546976333e-01
4.373719267702367297e-01
-4.464512791512923601e-02
-1.598892829020684414e-01
-2.256864157776276580e-01
-1.304517784506669387e-01
3.969117754573966289e-02
6.774252425472748751e-02
4.085072972421418536e-01
4.602958716511607040e-02
5.037834302958017485e-01
3.854159709706950210e-01
2.872016972605424545e-01
5.448494488232648036e-01
-1.353281844562710390e-01
4.566530498547409223e-01
-3.932734295280789216e-01
4.317568865097293207e-01
-4.824285299536617000e-01
-7.402915431150247638e-02
-1.649726062344750444e-01
-1.449366197355114183e-01
1.561351711775902096e-01
-1.111856197868572038e-01
1.759515929239174048e-01
-2.085046629451985101e-01
2.714584198059348807e-01
-2.617053431079472414e-01
1.491443504536457965e-01
2.761178293747210133e-01
2.736407307278971857e-01
-1.790831532634273304e-01
7.263301587000263460e-02
1.437622327740414874e-01
1.053502241499371800e-02
-9.208585919015177534e-02
1.764756262353218141e-01
1.548849564136839385e-02
-1.867336358841397703e-01
6.081668587985464280e-02
-1.380973864316801525e-01
1.368144288034403855e-01
-1.084618965862752665e-02
-1.360423846608818654e-01
-2.226472675911863597e-01
3.495340348328578317e-01
2.391385103771002940e-01
-1.556362078751074018e-01
-4.305273554135981978e-02
2.688807303451483111e-01
-1.190658261953010943e-01
3.631167271096460425e-01
1.783967172959170233e-01
-6.265048518463176008e-02
4.904939216397554702e-01
-3.031286839416459378e-01
-7.416165463048218776e-02
-1.420508721561028198e-01
-6.751724247585187688e-02
5.951102611486840388e-01
8.140235365968132020e-02
-2.591293040813686388e-01
-2.521538090537849275e-01
1.714730474758014156e-01
9.307424308602277319e-02
4.683731985546479293e-01
-1.467220199052022417e-02
-8.502431503987117889e-02
-4.042181349639824006e-01
-2.721994775678013845e-01
6.428212125204099681e-02
8.638850161188638133e-02
4.209711925291743095e-01
-9.367824024488677348e-02
-4.748823772083940464e-01
3.782933770737487711e-01
2.892938952733295488e-02
-3.743220797098779085e-01
5.424072571712632018e-02
-8.241657428660550955e-02
5.015393547776511585e-02
-2.032113618335284200e-01
-6.968280483755316668e-02
-1.000000000000000000e+00
2.555833147743670208e-01
9.883853378968800174e-02
4.435002968261043260e-02
1.196970171016630349e-02
-1.870678390257941026e-01
2.260283769051988911e-01
-2.189989709493621040e-01
-2.023871957944593514e-01
2.553302712452732992e-01
-2.916500639923095273e-01
2.983938694004953929e-01
-2.010416703190832932e-02
-3.792235946755790343e-01
1.547525130632917689e-01
-4.861401661646582717e-01
1.533935859292729353e-01
1.987320830439373021e-01
6.892757402998081484e-02
6.125534944221761036e-02
-1.855788956786534327e-01
-1.984487242153594178e-01
1.995521750974333375e-01
2.052803031166852143e-01
4.286371749569821699e-01
9.444599975679572601e-02
-5.126837293084725022e-01
1.272638833519527390e-01
2.756830615176584232e-01
3.047203767971319310e-01
-4.671074223590062635e-01
-1.261351974314139923e-02
3.966745353428285936e-01
3.701585735515707798e-01
-4.544765855402706500e-01
-2.637441698140882140e-01
1.001747161857734353e-01
-5.417264281079010591e-01
3.583408872787309796e-01
-2.896197445052197117e-01
5.931666095995347110e-02
6.072166379838525585e-02
4.728175153309467360e-01
-7.947021377030025202e-02
3.522530395745758214e-01
