-2.634887244171818521e-01
1.418384777615789433e-02
5.574069209561790528e-01
2.453361406600476288e-02
8.955917646548196276e-02
-9.081285919305218113e-02
-1.119499987644465011e-02
-2.250795439385887553e-01
5.006173156876867619e-02
2.868955004543408682e-01
-2.381728749667393341e-01
2.657428218745171988e-01
-5.812495936986639133e-01
5.396750230601021769e-01
1.344325839032469161e-01
-2.144236113697836343e-01
2.134190050166190622e-01
-1.796238913320489794e-01
-1.032443974694975952e-01
-4.130060796780352650e-01
-1.809999466225936104e-01
1.085366089542808216e-03
-6.515908809880684993e-01
-3.073157596014370885e-01
-6.261897631095753036e-01
2.926494017594504227e-01
6.098359193898976738e-01
-2.576983292147971283e-01
-4.241176849136375493e-01
-3.599289909589654113e-01
4.367328262155168450e-01
-4.469059835759492394e-01
7.046227364990276243e-02
6.412858820716146324e-01
3.820738035988279213e-01
-4.191607794385016073e-01
-5.408026405950101118e-02
-5.219755224749744738e-01
-4.978799547090281830e-02
4.820194587359439842e-01
3.614310886677105095e-01
-4.881398080497163783e-02
2.005329003998164716e-01
2.473137163022497143e-01
-7.913938530690488304e-02
1.377034755527680454e-01
3.625370910894797905e-01
-5.666444101730521155e-01
-2.655466423823691149e-02
-1.353034432278808485e-01
-3.754400766847390547e-01
2.633811045205522450e-01
-5.668657528948877200e-01
-4.235241479217662919e-01
3.838251714860599351e-01
-3.194992000512566488e-01
4.222920166200776204e-02
5.688681573458913565e-01
-2.875285574725333637e-01
-3.913945389499980387e-01
-2.914694506856519429e-01
-4.245825252092300106e-02
4.775055414785583374e-01
-4.361516282291413305e-01
5.816651096750198313e-01
1.966811916190436271e-02
1.741217143135270484e-01
2.115979727117128228e-01
3.903145762689748111e-01
-1.057972877439715548e-01
-1.354261488152479487e-01
-1.344786968290933860e-01
-4.876090035174875104e-02
-2.632161820749510106e-01
-3.583327761836348907e-02
1.598646302005057585e-01
1.390375983037869523e-01
2.969529884118067842e-01
3.389243648451403246e-01
1.477183190523302936e-01
2.522946372335054255e-01
1.854355315041085472e-01
1.807017483969798055e-01
-1.177363100782800875e-01
-2.495045654986460457e-02
5.634721637616878498e-01
-2.012318151802524879e-01
9.631506579017942715e-02
-4.859022676342630853e-01
-1.437201698320866861e-01
-1.383843125579481970e-01
4.745273714783723173e-01
-4.782159488177931683e-01
-4.859215280731302156e-02
3.200183816568187289e-01
4.949333686303424018e-02
2.013763055192772655e-01
3.059753271588350754e-01
5.943560692145058999e-01
1.620685924721755877e-01
-1.079010315865412545e-01
2.098169497498547365e-01
5.045836138225053696e-02
-1.577337000869528660e-01
1.887090950664639111e-01
4.550950478284230827e-01
1.703591863797902090e-04
-2.277818170488667415e-01
-3.842731791891371151e-01
-2.400212054875592305e-01
2.571176221311012311e-01
-1.124692813239372008e-01
-2.594328335517797068e-01
2.377701081193488997e-01
1.920658743701907367e-01
-3.248620903029182660e-02
1.210941583404596539e-01
-1.330630792584178712e-01
-8.861971030665495574e-02
-7.787706112245497761e-03
-1.509738295879923808e-01
-8.231970167955418582e-03
1.731329190687694031e-01
2.819045592610789908e-01
3.731699032921108605e-01
-2.083131669594948387e-01
-3.866263535521080597e-01
6.342736547314459239e-02
2.620933555237297055e-02
-1.545287421724468591e-01
9.274313277792939347e-02
-1.327385393413715586e-01
-1.899185064135952283e-01
-3.054746423006518552e-01
2.447037822098637183e-01
1.965559836754815215e-01
2.355893126335140975e-01
-2.520942896184682480e-01
-1.484817451770537033e-01
-2.264849916361098559e-01
2.168108713016487776e-01
-2.751079266906733545e-01
-5.603636503092292998e-01
-3.033654093342006419e-01
3.158117534504650270e-01
1.171279401673873399e-01
2.084052122449758793e-02
-5.437940740930147232e-02
-5.357164663580298025e-02
-1.957726533603183217e-01
-4.149849669991900747e-01
-9.686628665439864228e-02
-1.797420539656759964e-01
-1.403650496928622871e-01
5.636820278041257404e-02
4.356031603063066360e-01
-3.594469000589223251e-01
1.464918919873401948e-01
2.062224924848041485e-01
-2.523527023374013134e-01
-5.030295662882784680e-02
2.083788080618120542e-01
2.560724918090977464e-01
-1.703923015913669792e-01
-1.980289833524794263e-01
2.983015790613394863e-02
-6.578167558968048279e-02
5.325331986855538768e-02
2.333508698160847161e-01
-4.663331432437251012e-01
-3.789430618458759087e-02
4.407475574348276304e-01
-5.421422787505141005e-02
-1.613017534420503607e-01
-1.107555028919250256e-01
-1.790555151283875629e-02
1.934928338229731093e-01
4.361026383100649606e-01
8.765459087968181795e-02
4.946767825329005941e-01
-7.707626674880072026e-02
1.446814312091947441e-01
-4.489244825207017175e-02
-2.407313651236736296e-01
8.194851193512285581e-02
-1.750294538261736310e-01
-2.710600539120557317e-01
-3.613647997755661812e-02
1.592880607259048731e-01
-3.203762142294459547e-01
-1.478363109759024685e-01
2.224208390068718177e-01
4.910303786807164728e-01
8.367429086694905260e-02
6.491117614954375337e-02
-1.796165404232046292e-01
5.664358059708407556e-01
2.762839367096164844e-01
2.560372065954959475e-01
-1.250530538719823725e-01
-1.905741135641880191e-01
-3.405632288492574933e-01
2.543339378366410997e-01
5.468054828350901037e-02
-8.667451033940751226e-02
-3.603389521774593152e-01
-6.909767658182994210e-02
-1.987949553191268037e-01
-2.277290038982799913e-01
5.598769588261887087e-01
-4.409331538203290490e-01
-4.026245742723208454e-02
1.617750102800744050e-02
-1.070019278374196858e-01
-1.008237611818852894e-02
-3.347816814824922105e-02
-1.629359276538601756e-02
3.924311138851833136e-01
-5.208754065377739495e-02
9.919981967603323791e-02
2.545451433673269759e-01
2.332065427584925632e-01
1.341372518966078287e-01
5.794699788947271779e-02
-8.637957594043452203e-02
1.777641042392010540e-01
-4.394328781920350813e-02
-2.464540285015192345e-01
3.527116262414890513e-01
1.589796747169576197e-01
-9.487536903235851971e-02
-1.923058068721373304e-01
-1.351892730407976417e-01
2.445865582611101985e-01
-3.025511025171310764e-01
-2.690942992892295105e-01
3.545413065963002319e-01
-6.874752590999165802e-01
5.831718078201422739e-02
-4.556166001376021346e-01
1.299816731039942774e-01
-1.170376410875607065e-01
-1.053864957137026215e-01
2.262109725821834505e-01
-8.060874396495831817e-03
-2.245262571241131155e-01
1.431622204954606514e-01
1.306961488922881998e-01
4.489403571689893901e-01
6.030540955177298573e-02
-1.181106402173935088e-01
-1.963599489964579226e-01
2.650853080694860753e-02
-1.425639551682203292e-02
4.878608953557364014e-01
9.443455792896021661e-02
-1.658101476581516076e-01
-3.097365349230987372e-02
7.426144394387644565e-02
1.069300372042865793e-01
-1.368774155755776156e-01
-1.348646079920964580e-01
-1.683129428119794213e-01
-6.668299749670866805e-02
-2.259133605383955301e-01
