-2.554080665648550408e-01
8.900025301946808132e-02
3.813863556480363570e-01
1.634147677763074860e-02
2.425560514226510755e-01
-5.404466556953307910e-02
-1.335173731156767407e-01
-2.012685373129551591e-01
4.216847697310415616e-02
-4.716414730999932137e-02
-2.685928072855925941e-01
1.257745339395912043e-01
-6.462545913211564796e-01
3.287324793407033208e-01
-7.212434249619009696e-02
4.280635508207136786e-02
8.246390278114325290e-02
-3.174360220877828209e-01
-9.167238037230936165e-02
4.288370003974015243e-02
2.694541699663333123e-01
4.015004252490813608e-01
-3.967906713836106825e-01
-2.478363287137397564e-01
-7.978516046089119129e-01
1.805582318636001771e-01
-2.274991698327364087e-01
-3.491620685575513305e-01
-1.267853294909145334e-01
-2.400146938087198145e-01
1.971846543568679666e-01
-1.639046869589679545e-01
-1.085093599956021837e-01
2.776385619374652780e-01
-4.903648432910634458e-02
-2.078886410971568788e-01
5.484191106001287674e-02
-2.925891801146299209e-01
1.315782840398141695e-01
4.030037994232140153e-01
-1.687975906080028676e-01
5.373906195282555920e-02
8.424145604316485292e-02
-5.171495922260489070e-02
-7.454513309124298492e-02
5.279861119355000465e-01
3.867760535850275350e-01
-5.226044354946566273e-01
3.177149802433975601e-01
2.560590286296540175e-01
5.358254707735160549e-01
3.268031454538579128e-01
4.506891630382071079e-01
-1.986810592986321955e-01
-1.180044686768258466e-01
3.794727237833245281e-01
-1.418035657629057866e-01
-2.769407108234345771e-01
3.605353861981211439e-01
-6.057723448786541676e-01
6.895272393394071830e-01
1.126782291038456313e-01
6.674680471840095386e-01
1.018498480523748195e-01
8.155817870666743907e-01
-5.476811639711134938e-02
-2.363425043208206358e-02
4.577599285249906447e-01
-1.068190149051515131e-01
-4.868371911728767987e-02
-7.253186534561163468e-01
1.930801831544955438e-01
-2.256778480771353679e-01
-1.548439386205659185e-01
-1.282095212291246566e-01
3.615432145847461559e-02
-6.618963199371774575e-03
-2.254963130218349265e-01
5.851833925930408631e-01
1.510946293449715316e-01
2.119348746295813407e-03
3.589173931297515718e-01
7.622689489277890973e-02
1.377969618257037510e-01
6.430757478820384732e-01
3.194526406281371078e-01
1.627276155070886410e-02
-2.874994041435874337e-01
-2.209107104376127062e-01
-1.718298907337519887e-01
-3.873404628922353377e-01
3.752503882753404629e-01
-4.062707086359521047e-01
-7.333817329229766480e-02
-1.501468992771692046e-01
-4.729571759449701096e-01
-2.387335561948840945e-01
7.724488436882383235e-02
5.586895643665762412e-01
-1.489943024809405880e-01
3.469896598151590850e-02
1.688730919660501872e-01
3.815376314316407114e-01
9.858827046747964395e-02
-5.969218356372278655e-02
1.101446938957019728e-01
-2.369432322865880902e-01
6.891483314916284630e-01
-3.157362877613973939e-01
1.139593967434367611e-01
-7.698712900263118830e-02
1.601168594041385562e-01
1.297503303185957302e-01
4.321148979186217876e-02
8.967607925915768718e-02
-1.633701079033400561e-01
-1.866120876364682768e-01
-1.308515401387644328e-01
-1.521806917172918716e-01
8.149087556595902004e-02
-9.655501051621853681e-02
-7.323685514092516391e-02
7.833898629236307753e-02
2.605473124758592163e-01
2.121392963610372884e-01
-2.901115370950689276e-01
2.109333099060369532e-01
1.241108152581730240e-01
-9.506470559340907123e-02
-2.574720092164384799e-01
5.449186521817858120e-01
-7.063756455200016771e-02
1.995660292759711130e-01
1.212428296973932090e-01
4.108869908471416560e-02
1.230225888153156123e-02
2.427341919064273379e-01
1.694269229998247028e-01
3.663846462539519649e-02
-8.223718284907728382e-01
2.528672753851086974e-02
-5.110454624482879682e-01
-3.120069836277913899e-01
-3.938146508950780000e-01
1.027183693541060261e-01
2.332927243226234904e-01
-1.538439631658658491e-03
3.108411537696400551e-01
1.701425318107412099e-01
3.927880115987215648e-01
-2.025694566977966349e-01
2.947429643154452633e-02
-1.266612853717067888e-01
-1.029738851486535628e-02
2.723976113421573975e-01
3.580523203933799747e-02
-3.942297204098139246e-02
2.906431220186911357e-01
7.720979765345213630e-02
-1.861394811451046460e-01
-5.783300764908862190e-02
-1.476546646292964393e-01
2.845227343800008635e-01
-1.577551685850355490e-01
-4.792152817701033074e-01
6.523880573527666461e-03
-1.435964036595097082e-02
-1.010833527656892494e-01
-2.839267712762774676e-01
-3.138217095688624059e-01
2.409597517865489646e-01
8.709547423110618192e-02
-1.345682635257116067e-01
1.785001641113742599e-02
-1.015933832948298227e-01
-3.945623156933887321e-01
-1.618519119197614833e-02
5.942081261095870370e-02
1.881005728382967312e-02
1.192425076127184708e-01
-2.080553588383776964e-01
4.280268824535430894e-01
5.864111437621720713e-01
4.244088763360204242e-02
-4.101113322110485487e-02
1.902008097166824063e-02
3.357000518765356628e-02
1.683895389721759561e-02
-7.826214677118233098e-02
4.385827543002890350e-02
-5.879584862512459154e-01
-5.708970578560041559e-02
1.879618153368640410e-01
5.320381763841997014e-01
5.111396122029021605e-01
-4.385692566032793338e-01
2.012730456171701876e-01
3.024124305139145319e-01
2.958579684498416906e-01
-1.199357688769761565e-01
1.931839711485645872e-01
-4.420122296391186256e-01
-4.333371414085840367e-01
8.452894157427576216e-02
4.058492449986836337e-01
-4.675221447148599219e-01
6.005052881894104022e-01
1.931540970877727026e-01
3.233620615368971718e-01
3.252885812826442624e-01
-1.896851630144329448e-01
5.429724406378938495e-01
3.463976999012097213e-01
6.536955225130676450e-02
-6.292541362667186666e-02
2.682128253507795601e-01
-6.734586942214348948e-02
4.763810255664756993e-02
9.064286463407664196e-02
5.596446280702247478e-01
4.656028261839557092e-01
2.542892019263383596e-01
-3.118848426079423586e-01
1.921056667407059215e-01
-4.164796658462195378e-01
-2.261993654051778213e-01
-1.520531337165237085e-01
2.651238064290986629e-02
4.588145831509465311e-01
-3.183909782615389483e-01
-2.230974604966018682e-01
2.108767859035370895e-02
3.797556570637520279e-01
2.936148558515829787e-01
1.362102202336550882e-01
-2.120291520780752670e-01
5.200743030360278629e-01
-6.365649912415777267e-01
-9.383224738562970235e-02
-3.256640428854620239e-01
4.147864490779571423e-01
9.578974911100820999e-02
1.390945211270532521e-02
8.516685579199068101e-01
-1.229952974356301881e-01
-4.306259210677741422e-01
3.702580454236393814e-01
3.853360752951682788e-01
4.844660915853749028e-02
3.581007382269132955e-01
4.169473715720217188e-01
-8.953455797435845576e-02
-1.416970834875684593e-01
1.134098356807797803e-01
1.334740412627799522e-01
-8.202489175789316744e-02
2.192709642604232789e-01
-5.417267108801169240e-01
2.543232385683574445e-02
-1.336886585116063009e-01
-1.733225463874359107e-02
3.522331010771786453e-01
-3.494003183810512336e-01
1.397999757442728447e-02
-1.911660678894158139e-01
