-1.943172796622785747e-01
-1.175744249410723419e-01
6.353198524334844428e-04
-1.847817578376544922e-01
-8.755314730084418073e-02
1.788021990201020539e-01
4.409323887687366904e-03
2.193039463671918043e-01
4.721191388347762558e-02
-2.034070546754270792e-01
4.793684430090764531e-02
-6.587929234503464571e-01
-8.160005484626921615e-03
1.405969932133109279e-01
-2.815090024042188888e-01
-1.877705014859772092e-01
-5.865223476223038190e-01
4.014499140061789789e-02
-2.012621424763646472e-01
-5.737958169250076401e-02
5.952125375433505727e-01
-1.949983951352643463e-01
-3.878880932377119506e-01
-3.428581378247330114e-01
3.740611202142559155e-01
1.199518497755455160e-01
6.910565133501056501e-01
-5.327622326362577709e-01
3.773305767915926534e-01
3.591149622867629843e-01
2.426880163275710878e-01
2.238894416572215773e-01
1.118749033112940994e-01
3.342200131135310004e-01
-2.398679505986527349e-01
1.548986791937619588e-02
6.283586250523931493e-02
-9.428686137047254112e-02
1.409735515303034148e-01
3.148087726598384761e-01
-1.694175190987521340e-01
3.124939148502162700e-01
2.180547734965868345e-01
2.179747696069207485e-01
5.643297498333157414e-01
-4.154447256377646891e-01
-4.104698667776128518e-02
4.612769419040255170e-01
-2.224674834593774742e-01
-3.087770263527599146e-02
-1.116560770115846563e-01
5.988605387054184437e-01
1.004167201456264424e-02
6.179557141392062469e-01
3.577911102758498663e-01
4.549620066181440103e-01
5.989609317725230753e-01
-3.368784945123355357e-01
3.849747386042399189e-01
-2.031919452556281425e-02
2.548399389834316020e-01
-1.667359581989872053e-01
5.412279492884490562e-02
-1.779843182735125762e-01
3.654002825891439210e-01
-1.606951224388697419e-01
5.254849600659070585e-01
2.874808836309625804e-01
1.625075855148520182e-02
3.530672344234337401e-01
8.828287408153930871e-01
8.824785468311929781e-01
2.533147234620769517e-01
4.982503660371842558e-01
-4.750451897535885593e-01
-8.630098906177491314e-02
4.604130374511329338e-01
-7.267857437649208885e-01
5.555020420121219438e-01
-3.744434787739486792e-01
-4.473809235070414503e-01
-5.087735668024589986e-01
7.161393154605455447e-01
-4.201511841940739900e-01
3.905876052394854359e-01
-4.955759387445592412e-01
-2.796183049341449123e-01
2.726981251330489187e-01
1.948773747529331524e-01
-5.765027994593919791e-01
2.198614929804791063e-01
7.561546745871841613e-02
-3.812733548943136319e-01
-1.458388001605293305e-01
-4.659138765701251739e-01
9.033955722179379255e-02
-6.753836287906050950e-02
5.678457978946298557e-01
1.636556640749883135e-02
3.349542937167479528e-01
1.923365893712285501e-01
-7.871765666362018354e-02
-1.575354189111200787e-01
-6.892890878047802650e-02
5.043088494137981659e-01
-1.578264345344253805e-01
2.662223983410876293e-01
-4.117412404284755967e-01
-9.024336204907824621e-01
-7.897931171262886352e-01
1.064444294825351994e-01
8.046935713892805833e-03
-5.326603510796925622e-01
5.812025639835441959e-01
-3.096810955240192342e-01
-8.069467365999988262e-01
2.547461556167721422e-02
7.432033902382960688e-01
-6.138626066173126228e-01
7.228283075917785183e-01
2.737351550447293946e-01
2.838881089891047149e-01
3.554369997087854505e-01
-8.675206385850722235e-01
-4.600320242304763441e-01
8.215138810385194112e-01
3.623561985358730309e-01
-7.541069162769001855e-01
3.101293707493735230e-01
4.851260855271679606e-01
8.717007246203519744e-01
-9.072036036584686658e-02
5.845981819165524396e-01
6.245387225095145878e-01
-8.342732616761409092e-01
-4.490631995665282927e-01
3.300059199250228170e-01
2.595571498863199003e-02
-4.304565047193620875e-01
2.605674763931832838e-01
-5.386575148824997994e-01
8.181015903140723688e-01
7.178020472552658626e-01
4.224854428079474061e-02
4.470449598067741115e-01
4.185009959727866713e-01
2.344165496908353075e-01
-4.361609816069229040e-01
-5.187951154359282668e-01
2.907426787928192313e-01
1.993386312342801947e-01
-6.971854887947583901e-01
3.777523750408460224e-01
3.622978307805556630e-01
-4.482568523548981498e-01
-3.520172401873554180e-01
-2.925697154317930537e-01
4.132972668047845133e-01
1.464468549049825485e-01
4.255406391550698997e-01
4.251367039276164328e-01
-3.047739737780628677e-01
5.797414564120407787e-01
8.787946131290961249e-01
-3.440571165065291481e-01
2.463899364466207997e-01
-8.892296180859534660e-01
-4.544751690130660604e-01
8.537948730258584917e-02
6.274308344413760397e-01
-8.298753810450304469e-01
-6.181553407722811810e-01
2.723769440966875011e-01
-1.529389579410988520e-01
8.642227254331075192e-01
-1.586547357888351550e-01
3.150906159440107768e-01
2.693853741987885519e-01
-1.052753288085994388e-01
-3.777106773609884005e-01
1.115304052143321727e-02
3.386362528526392079e-01
9.909519176004694119e-02
1.000000000000000000e+00
2.495695954383789772e-01
-5.346954907176260097e-01
-5.808557935793099425e-01
-6.113056842059982898e-03
8.764155825631362307e-01
-9.534151952743924463e-01
-5.934192043925713422e-01
-8.555392379751709520e-01
6.556766879002373649e-02
-1.534866683023343725e-01
-9.535694407105281822e-01
7.007477219716935490e-01
5.609385978432691600e-01
6.159407066157061017e-01
-4.891575944385617714e-01
-3.378760029566660328e-01
7.370266291684495208e-01
7.984028837373310372e-01
7.190586438101502775e-01
-7.376633632514403294e-01
3.163748127791295439e-01
-3.037073170159630964e-01
-7.860346519164886914e-01
-4.206450607533983033e-01
-7.102621586517841035e-01
-3.075596267908450310e-01
5.024257136330541051e-01
-2.508528721969969233e-01
-9.209202050379454718e-01
2.861322729517556951e-01
-4.821585675057832310e-01
6.000086183684145702e-01
-5.033488606070628535e-01
1.373419546957068693e-01
9.429292937200686175e-01
6.055141387158635702e-01
3.548546241612557939e-01
7.246667750017188325e-02
-7.608280478719529061e-01
7.645380594546844488e-01
-6.234969783219759254e-01
-4.844486877219742471e-01
9.873562667222126610e-01
8.122032803650832689e-01
-1.962120703687829371e-02
-4.781586002255755474e-01
-7.737770953226996706e-01
7.028654776783616054e-01
4.897791774592635261e-01
7.445924387737266059e-01
2.569596336244711066e-01
-7.335649371234110871e-01
5.025850843243426791e-01
-1.391598189813273156e-01
-4.820935992073470122e-01
4.818243207512458159e-01
-6.274534150994672821e-01
-7.738709272998572919e-01
3.889766067511019054e-02
-5.552363861319422611e-01
5.494635192220632680e-01
-2.240431246226372575e-01
-4.222325818808206344e-01
-7.207163095333715130e-01
-8.516462525160670705e-01
8.693368763365362240e-01
6.799362244631246277e-01
-3.579402330312050351e-01
-6.454675045429782154e-02
3.844154948303062369e-01
-2.898076242747900655e-01
1.631426224031351235e-01
-9.251731382935886316e-02
-6.123400027754316577e-01
4.213606550324436317e-01
-6.535185615101749557e-01
-2.445605224614337825e-01
2.665324268748410219e-01
-3.943328814524947323e-01
-5.050977442119245486e-01
-4.767533797532439444e-01
