-4.374116534315130034e-01
1.670116417512776050e-02
2.776890343707608122e-01
1.256106623034017045e-01
5.358431824787485837e-02
5.366117667727696716e-01
-3.680156578055729932e-01
-1.389734428106648989e-01
-1.599638078915508604e-02
-1.561107787802848146e-01
-1.950541371952551617e-01
-3.773180019961432097e-02
-6.375709873354454826e-01
2.913380874378904695e-01
5.637987989750480738e-02
-2.192012814491747091e-02
2.227709542359556510e-02
8.477403555549142822e-02
1.762049180532583859e-01
4.437334270037389394e-02
2.738703833370061402e-01
3.758607892749910029e-01
-3.738404460335262858e-01
4.141389470073708612e-02
-5.797386448918503410e-01
2.804078038093520409e-01
1.229350254418734439e-01
-2.562871165096722859e-01
-2.936942724070046307e-02
-8.670447137173478702e-02
1.914256464766195820e-01
-1.954695123128401546e-01
6.637521943093444010e-02
3.039686954397619600e-01
1.282505670932117259e-01
-1.603455600739172593e-01
-1.895109173155127558e-01
-3.784383389452443125e-01
5.082609661418108910e-02
7.600516820100565452e-02
-2.653122336803254711e-01
1.629148544808496080e-01
5.585321847581037336e-03
5.320611345906905987e-02
1.922243847453849325e-02
5.454198363266862248e-01
3.466471603117326494e-01
-3.841411478877707619e-01
3.380021892057015753e-01
2.800069194036788334e-01
-1.292718366768647043e-01
4.059950693538652566e-01
4.938551253840650634e-01
-3.132586696677309712e-01
-6.803747550211280970e-02
4.226280198749120531e-01
-5.826582587747682895e-01
-3.290893168723811324e-01
2.871929386316772748e-01
-1.036237802133284508e-01
3.963278551686976181e-01
-4.775704572257459535e-02
5.251350469659770148e-01
-1.880541796639806085e-01
5.167902873635121797e-01
-1.596245080640706360e-01
-2.162332423442135665e-01
-2.933451869981433535e-02
1.518819804770788484e-01
7.041986068670613719e-02
-6.077408369116881204e-01
2.135406950642715351e-02
-2.554301652836095116e-01
-1.461325191382455702e-01
-1.479834886537478023e-01
4.057336241038860675e-03
-9.647436743251544544e-02
-3.326439243672026369e-01
3.460116169023488841e-01
1.289447242898400514e-01
3.368013663045552608e-01
2.473446169032649244e-01
2.179259913741577459e-01
-3.330707966302366707e-03
6.685396708295037183e-01
2.836901460543153064e-01
-2.349629499501571656e-02
-8.802594542418298862e-02
-3.146394305384591084e-01
-8.403829644967580892e-03
-8.343769335403153353e-02
5.435127598816452688e-01
-2.296337831066294077e-01
-1.654498614790082811e-01
-1.938435511292279506e-02
-2.933563145767180136e-01
-9.126666245210496298e-02
2.078171495064640995e-01
3.011288968422382029e-01
-7.235381056267400912e-02
3.358340196913324471e-02
-1.185340996025201626e-01
4.629469396004283199e-01
3.333014250818458479e-02
9.716284435255241950e-03
1.852109650967047605e-01
-6.656966336608828583e-02
2.732831413777809804e-01
-9.459038241900297184e-02
2.223629295078836110e-01
-1.960683185910437332e-01
1.840694757320852637e-01
1.683995578554275951e-01
3.037962227004092908e-02
2.297948913037078378e-01
-1.388950360759615144e-02
2.111910419308013487e-03
2.555664959741207887e-01
-1.653173241863294118e-01
6.890204715781382550e-02
5.414510189251459105e-02
-7.180193367124591830e-02
-4.589284430607092069e-02
1.418283262130708156e-01
1.058245235002273354e-01
-2.749848837430459714e-01
3.065393653474712266e-01
-3.670149436656885977e-02
-1.718653261042408370e-02
-2.357457749449635709e-01
2.210984681561014020e-01
-9.559682116570222821e-02
9.195865048629892069e-02
-9.571244137986860412e-02
4.777924399866937538e-02
1.803943376122344247e-02
1.905781003046620459e-01
2.252521439273781345e-01
-2.798485792520163384e-01
-4.585668585719321344e-01
4.749001780403834527e-03
-3.993729517682013674e-01
-1.646624644930953507e-01
-1.930252745768653855e-01
8.813585697822565179e-02
3.257948592543481459e-01
3.003844538850634904e-02
-9.349833407444679834e-02
1.116747852904256544e-01
4.322523390339514382e-01
-1.514028855276068619e-01
1.015201873291255441e-01
-2.265462911296424187e-01
-2.572149573139538847e-01
9.292064804154603896e-02
-4.828610198687486310e-01
-4.706500727429139413e-02
2.688400555853708851e-01
9.510744027934853184e-02
-7.940397341812076293e-02
-1.489581984717519014e-01
-1.206535495089203214e-02
2.346078309955073604e-01
-1.871608828211436260e-01
5.671219115690712131e-02
3.405008001816553498e-02
-7.537797386906144870e-02
-1.188562414518629096e-02
1.555379763039343999e-01
-3.198426964061521494e-01
2.135548797791709530e-01
2.507441587669397842e-01
-1.468265711761529424e-01
-1.716526146197099312e-01
1.787049143635318360e-01
-3.079883831708380981e-01
1.560228955345674580e-02
-6.396486535128944467e-04
-1.003277928575733134e-04
5.716750448117156047e-01
-1.985572833042629770e-01
3.813347304896705925e-01
1.928398261456543694e-01
3.819624269771125513e-02
-8.665457535174572734e-02
-2.169863804509818139e-01
2.915373918646300966e-02
5.606379729030337711e-03
2.064616370312001570e-02
-2.732478073977125388e-01
-3.969247154940820366e-01
-7.090590619844834575e-02
1.850875531162242682e-01
3.933495746557487127e-01
2.827795059890220175e-01
-3.650543690738246028e-01
2.548301359579819292e-01
2.097695876429583883e-01
4.172628351220911691e-01
-3.390559584102373902e-01
1.570994970695574477e-01
-4.800203246242118471e-01
-4.196924736809199419e-01
1.947766418082201301e-01
-1.132889289797059940e-01
-6.951749621780609623e-01
6.369932973122309772e-01
1.852841712682035402e-01
3.018334981767804015e-01
3.238010671705423005e-01
-1.770424850020871355e-01
5.102757361869003638e-01
2.880520412639968608e-01
1.294910964576033441e-01
-1.798245150024242178e-01
2.210094348748203319e-01
-2.486279512163845629e-01
7.773661333738762780e-02
8.915363949037211078e-02
5.233787101495821492e-01
3.805557251176355238e-01
2.246857367233994207e-01
-2.634308306001869049e-01
2.198035114091745901e-01
-2.512044347401414801e-01
-2.502461111717900755e-01
-1.392419197660537677e-01
2.222319201656216409e-03
4.384515558782285938e-01
-3.084116765729639220e-01
-2.569191062592801056e-01
-4.804292650357713801e-03
4.283170909251514114e-01
3.090063684312298053e-01
-1.233046468590417166e-01
-1.300505748661592853e-01
4.829085260124281187e-01
-5.671357124773616087e-01
-8.791565862915860785e-02
-2.779692187173569140e-01
3.792498741729052880e-01
4.231302643410115444e-02
2.421623811335997523e-02
4.353648350049610372e-01
-7.920586393734051212e-02
-4.301875063695801416e-01
-1.024291070174107032e-01
3.407815568128907402e-01
7.837319845248399974e-02
2.701553109718592416e-01
3.730230622408353125e-01
-9.759658904051634817e-03
-1.567139005093664411e-02
2.087920762639267069e-01
2.159264391860200583e-01
-5.985156966762174985e-02
2.808430045074930895e-02
-4.760882596707695091e-01
-5.645176663577295556e-03
-1.159969814890207673e-01
-1.616095625954733911e-02
2.218561247999702446e-01
-3.280717255927335652e-01
-3.809851144192935579e-02
-1.719360482813341029e-01
