-1.943172796622785747e-01
-1.175744249410723419e-01
6.353198524334844428e-04
-1.847817578376544922e-01
-8.755314730084418073e-02
1.788021990201020539e-01
4.409323887687366904e-03
2.193039463671918043e-01
4.721191388347762558e-02
-2.034070546754270792e-01
4.793684430090764531e-02
-6.587929234503464571e-01
-8.160005484626921615e-03
1.405969932133109279e-01
-2.815090024042188888e-01
-1.877705014859772092e-01
-5.865223476223038190e-01
4.014499140061789789e-02
-2.012621424763646472e-01
-5.737958169250076401e-02
5.952125375433505727e-01
-1.949983951352643463e-01
-3.878880932377119506e-01
-3.428581378247330114e-01
3.740611202142559155e-01
1.199518497755455160e-01
6.910565133501056501e-01
-5.327622326362577709e-01
3.773305767915926534e-01
3.591149622867629843e-01
2.426880163275710878e-01
2.238894416572215773e-01
1.118749033112940994e-01
3.342200131135310004e-01
-2.398679505986527349e-01
1.548986791937619588e-02
6.283586250523931493e-02
-9.428686137047254112e-02
1.409735515303034148e-01
3.148087726598384761e-01
-1.694175190987521340e-01
3.124939148502162700e-01
2.180547734965868345e-01
2.179747696069207485e-01
5.643297498333157414e-01
-4.154447256377646891e-01
-4.104698667776128518e-02
4.612769419040255170e-01
-2.224674834593774742e-01
-3.087770263527599146e-02
-1.116560770115846563e-01
5.988605387054184437e-01
1.004167201456264424e-02
6.179557141392062469e-01
3.577911102758498663e-01
4.549620066181440103e-01
5.989609317725230753e-01
-3.368784945123355357e-01
3.849747386042399189e-01
-2.031919452556281425e-02
2.548399389834316020e-01
-1.667359581989872053e-01
5.412279492884490562e-02
-1.263636083359780393e-01
1.759207344401224615e-01
-2.511769195387462683e-01
4.763557082803258624e-01
2.622343523575132451e-01
4.096265705044399574e-02
3.749360703377782600e-01
9.179494991182943764e-01
8.817981242603512015e-01
2.009494359584869383e-01
3.805915344843878723e-01
-4.832012465784549793e-01
-3.651223645920255167e-01
6.418752695791034579e-01
-7.040546513742118595e-01
5.722800718359947192e-01
-1.436911520512020313e-01
-3.497500957232130836e-01
-4.921993996962740758e-01
7.102429852414304801e-01
-3.920647976905848320e-01
3.929807363786034791e-01
-2.629910545308689063e-02
-1.385504752883813528e-01
2.390055527590030926e-01
2.403710410352151439e-01
-6.119412393822915019e-01
2.827560234514279180e-01
-1.213207556614123300e-01
-3.243982855148767608e-01
-1.461829938025858144e-01
-4.553213418159727244e-01
3.151199828465763852e-01
-7.024250575505019967e-02
5.107010740021975526e-01
-1.527553665617712580e-02
3.491438841084957834e-01
-1.838170626611631275e-01
-4.538616419233919286e-02
-1.262120123403818739e-01
-5.874179125410911029e-02
5.421765658182210457e-01
-2.128242193605937166e-02
1.048938322427529907e-01
-2.794239942170347324e-01
-8.936683552776978345e-01
-7.406049355687182034e-01
-6.848899673469623084e-02
-1.250813442554148947e-01
-5.361738967033172765e-01
5.442591896933128837e-01
-3.280125939418415126e-01
-5.879125768850397282e-01
-1.110802885269496221e-01
7.431071472177366299e-01
-4.226373934813500988e-01
2.984756891225275877e-01
2.178040972475634995e-01
1.251233037372030399e-01
3.275760434111055774e-01
-6.715225028749471914e-01
-3.506910693242693000e-01
6.170264413345658561e-01
4.018921383981005069e-01
-6.446704135744918407e-01
2.365828811570805379e-01
3.086527109924530610e-01
7.762502580213576087e-01
-1.578295939050280705e-01
1.876528650456919523e-01
5.559638126935475544e-01
-5.611612451393422907e-01
-3.731709611391156312e-01
3.905225323776539414e-01
1.047329228328600093e-01
-3.493333406548113640e-01
2.605674763931832838e-01
-5.386575148824997994e-01
8.181015903140723688e-01
7.178020472552658626e-01
4.224854428079474061e-02
4.470449598067741115e-01
4.185009959727866713e-01
2.344165496908353075e-01
-4.361609816069229040e-01
-5.187951154359282668e-01
2.907426787928192313e-01
1.993386312342801947e-01
-6.971854887947583901e-01
3.777523750408460224e-01
3.622978307805556630e-01
-4.482568523548981498e-01
-3.520172401873554180e-01
-2.925697154317930537e-01
4.132972668047845133e-01
1.464468549049825485e-01
4.255406391550698997e-01
4.251367039276164328e-01
-3.047739737780628677e-01
5.797414564120407787e-01
8.787946131290961249e-01
-3.440571165065291481e-01
2.463899364466207997e-01
-8.892296180859534660e-01
-4.544751690130660604e-01
8.537948730258584917e-02
6.274308344413760397e-01
-8.298753810450304469e-01
-6.181553407722811810e-01
2.723769440966875011e-01
-1.529389579410988520e-01
8.642227254331075192e-01
-1.586547357888351550e-01
3.150906159440107768e-01
2.693853741987885519e-01
-1.052753288085994388e-01
-3.777106773609884005e-01
1.115304052143321727e-02
3.386362528526392079e-01
9.909519176004694119e-02
1.000000000000000000e+00
2.495695954383789772e-01
-5.346954907176260097e-01
-5.808557935793099425e-01
-6.113056842059982898e-03
8.764155825631362307e-01
-9.534151952743924463e-01
-5.934192043925713422e-01
-8.555392379751709520e-01
6.556766879002373649e-02
-1.534866683023343725e-01
-9.535694407105281822e-01
7.007477219716935490e-01
5.609385978432691600e-01
6.159407066157061017e-01
-4.891575944385617714e-01
-3.378760029566660328e-01
7.370266291684495208e-01
7.984028837373310372e-01
7.190586438101502775e-01
-7.376633632514403294e-01
3.163748127791295439e-01
-3.037073170159630964e-01
-7.860346519164886914e-01
-4.206450607533983033e-01
-7.102621586517841035e-01
-3.075596267908450310e-01
5.024257136330541051e-01
-2.508528721969969233e-01
-9.209202050379454718e-01
2.861322729517556951e-01
-4.821585675057832310e-01
6.000086183684145702e-01
-5.033488606070628535e-01
1.373419546957068693e-01
9.429292937200686175e-01
6.055141387158635702e-01
3.548546241612557939e-01
7.246667750017188325e-02
-7.608280478719529061e-01
7.645380594546844488e-01
-6.234969783219759254e-01
-4.844486877219742471e-01
9.873562667222126610e-01
8.122032803650832689e-01
-1.962120703687829371e-02
-4.781586002255755474e-01
-7.737770953226996706e-01
7.028654776783616054e-01
4.897791774592635261e-01
7.445924387737266059e-01
2.569596336244711066e-01
-7.335649371234110871e-01
5.025850843243426791e-01
-1.391598189813273156e-01
-4.820935992073470122e-01
4.557826929644124836e-01
-6.274534150994672821e-01
-7.738709272998572919e-01
3.889766067511019054e-02
-5.552363861319422611e-01
5.494635192220632680e-01
-1.161676582110441613e-01
-4.222325818808206344e-01
-7.193427629098836373e-01
-8.516462525160670705e-01
8.693368763365362240e-01
6.799362244631246277e-01
-3.579402330312050351e-01
-6.454675045429782154e-02
3.844154948303062369e-01
-2.898076242747900655e-01
1.631426224031351235e-01
-2.350761248826202521e-01
-6.123400027754316577e-01
4.213606550324436317e-01
-6.535185615101749557e-01
-2.445605224614337825e-01
2.665324268748410219e-01
-3.943328814524947323e-01
-6.869050012499405833e-01
-4.767533797532439444e-01
