-6.634096857684086412e-01
-7.904706557522249710e-01
7.188553547918234976e-01
-4.887952557356995964e-01
6.932285503459029163e-01
-1.255321857817714437e-01
5.277046205808832990e-01
7.348258492468096037e-02
4.492476328725825141e-01
-3.351248920978744383e-01
9.982755970101919729e-01
-3.861062290557129018e-01
8.891720889197027855e-01
-3.055886501276325884e-01
-9.814630968363874386e-02
-9.336566082387327548e-01
-2.446862272395151638e-01
-5.588215602395172343e-01
-3.635988628414985602e-01
-4.881908420329770237e-01
-5.690784285540897436e-01
6.290254715791299134e-01
-5.006549729849125718e-01
-6.465313403141292881e-01
-8.217599989021062701e-01
-6.616110554389313947e-01
-3.629695571471551752e-01
-5.768644388672790058e-01
1.135557117560516416e-01
-2.370301766823292855e-01
1.420983069444283764e-01
-1.130862668525987047e-01
-2.892795806164054628e-01
-4.170568426533118322e-01
-7.688988890599934845e-01
8.997579878157404565e-01
3.203833534539450856e-01
-3.104668335748026475e-01
-5.966026031450466505e-03
-6.993781650185757481e-01
6.644184417707873491e-01
-1.268209399335715748e-01
2.708411957060583575e-01
7.131388211867846216e-01
-5.662357111081011141e-01
9.185588789117984376e-01
-3.857367535133946479e-01
-9.199522750204331967e-01
-4.841283604156858544e-01
3.041324363061674863e-01
6.192300356699208530e-01
-5.244000355087190535e-01
8.868282633273643079e-01
-5.786592523653417697e-01
-1.626843448601253961e-01
4.195480936200837174e-01
-4.878072924322141568e-01
2.000057823525653866e-01
-1.000000000000000000e+00
4.756782221272313205e-01
9.903760999002184651e-01
2.386862816078894056e-01
1.243061503286579939e-01
-9.150406049524208996e-01
-1.412562595580313385e-03
3.572286708428435986e-01
3.168232937754889011e-01
-4.767418248808314996e-01
9.288319938017708388e-02
-3.533763398270295397e-02
7.342619870555717743e-01
-2.963993044633546070e-01
8.885366026135355089e-01
1.525384182137667910e-01
-7.590720851696730609e-01
1.478325796963513294e-01
2.886126989757011874e-01
-5.383680751552729626e-01
1.644223703112535073e-01
-5.048376764470956513e-01
1.996286254893457901e-01
8.887452637056743043e-01
-5.441200253204520054e-01
-7.610054330175113346e-01
-5.552143272157428200e-02
-1.388146658029756342e-01
6.408090334623037787e-01
3.230727464342657562e-01
1.999492194355800834e-01
-6.941979363262351654e-02
3.180092985168836428e-01
-3.085539430498009938e-01
-7.826634655099786730e-01
3.010607820223959452e-01
4.095196321427754249e-01
8.928227910642505538e-01
-2.957255230493556208e-01
8.041228989940554239e-01
4.352853776952825271e-01
-2.261835518271919643e-01
-3.643305893939972062e-01
-1.418135170533529887e-02
7.675515079026611343e-01
6.139015082868324313e-01
-1.000000000000000000e+00
4.411059034891706698e-01
4.994813676764346955e-01
3.655794774296275418e-01
-6.614997634345398669e-01
9.134164250825616005e-01
8.334323466683231096e-01
8.052241871344476554e-01
-3.977827237598980936e-01
4.807270396848440930e-01
3.378424493808560580e-01
-2.065799769207814773e-01
-3.909029452226438217e-02
4.046205638735450028e-01
8.271683507925658985e-02
-1.506891377401885501e-01
-3.428168118127015163e-01
3.686430548374827199e-01
-4.768261229120014655e-02
-7.213130297637690980e-01
-4.962932231721561838e-01
5.000255298840139417e-02
4.543814050124056481e-02
-1.823380380464378892e-01
-9.395805409190984836e-01
-1.532032183018934290e-01
-3.260919983914656317e-01
5.130887778574206859e-01
-8.296643104061640628e-03
3.048957953602562249e-02
1.894727837724126118e-01
9.838282243599070220e-01
-2.303026346263070678e-02
4.159799735137070797e-01
7.168893928113655445e-01
-4.528965592464777590e-01
-4.718918013657014132e-01
-5.626536571788416374e-01
-3.608903340186777609e-01
-1.629798761796952267e-01
9.905484279054754815e-01
-8.267756899880285282e-02
1.000000000000000000e+00
-3.925472299430057266e-01
-3.833964561446151498e-01
1.682837550349116640e-01
-6.869416337045595178e-01
5.662178635464358845e-01
-2.482089235768012436e-01
1.728715080599174669e-01
5.721420387216913372e-01
5.147596308075247373e-01
4.337299620535919331e-01
-5.724830072751818655e-01
8.454530320553377276e-01
3.305221367108750474e-01
-9.247640084871158184e-01
-5.834439374656663624e-01
-8.566135116389628212e-01
4.112610447460811613e-01
1.019154302847842253e-01
-6.059966413943058683e-01
2.986342118045071103e-02
-1.352444358599829144e-01
-8.002841432483995820e-01
8.211404330886944436e-01
-5.731895976118961400e-01
-6.617026735717401742e-02
8.687873265131094147e-01
-5.386339825153150240e-01
6.924399477353788690e-01
4.648248041703095801e-01
1.896436185434644539e-01
-1.251158176803151001e-01
-2.613519435539474189e-01
7.572950574679613300e-01
-6.679046219335497137e-01
8.934155143168693858e-01
-7.633375511296514038e-01
2.206983961269524119e-01
-6.397876968976785872e-02
-9.282642171151449517e-01
-9.700574055864021883e-01
6.599485381225806968e-01
-8.824363029351487420e-01
-7.278595291071132678e-02
-1.000000000000000000e+00
8.382146101009699812e-01
6.948151340058794645e-01
-7.405899692847215388e-01
-1.749988395222517035e-01
8.359600025540370183e-02
-8.940579981849319235e-01
-2.070822645706342779e-01
-8.164004406673834868e-01
-8.702398509544788663e-01
-8.416123618678725826e-01
-4.823539871677908764e-01
-7.291727407470096622e-01
9.655805596742667030e-01
-1.564789438088363127e-01
3.808579889483225678e-01
4.164314894335063855e-02
-9.944840067347244794e-01
-6.193480384353877710e-01
-6.972723701821572639e-01
2.712738362560409566e-01
-7.211659715010048100e-01
-9.437707180041869925e-01
6.285621651829120804e-01
-4.311987754548380902e-01
2.140311717958101045e-01
9.068911859555353061e-01
-5.793262273766027759e-01
-7.418748880208179131e-01
6.862026470222681862e-01
-7.456358203156285835e-01
6.829316203635156235e-01
1.000000000000000000e+00
-5.295275151859939466e-01
-8.135673521653519202e-01
-4.408850984871262035e-01
7.513278326736283486e-01
6.199121866269654557e-01
2.106350441883784175e-01
5.558199148001370382e-01
-8.391971710505095050e-01
-1.000000000000000000e+00
-9.903175167810798207e-01
6.568556913156946564e-01
-6.004265268282280577e-01
-2.711186417929598580e-01
1.289644411056334317e-01
1.000000000000000000e+00
-6.400503933282619684e-02
5.400614129049403633e-01
2.097660389355640032e-01
-1.902294705548490672e-01
-1.295473853672328701e-01
9.050726721714212886e-01
7.173910223648540807e-01
4.881263099520025683e-01
-9.109095586737929739e-01
4.795933475386351397e-01
-9.454284370794407977e-02
-4.017648094162098449e-01
4.158286187852051619e-01
2.147698798025341471e-01
1.938973823360228277e-01
2.200056028751977699e-01
-2.666464469533267323e-01
-5.608537928490804347e-01
9.075009803707203559e-01
-8.526332273263683703e-01
-8.662589098262050147e-01
9.233349299836268731e-01
-8.318554882798172567e-01
1.968192820625869199e-01
-4.160528398707528108e-01
1.854730765863842334e-01
9.131626890216000270e-01
