-2.575511312754881210e-01
3.952874575053785255e-01
4.417591805276790962e-01
-1.486212444152781309e-01
-2.769763913340260453e-02
-7.205043489878699692e-01
5.528030331390160201e-01
5.530127885612743377e-01
4.290887379075009056e-01
2.790694275846077321e-01
-5.154309088111044268e-01
-7.227209578986261151e-01
-3.348065370434230026e-01
-9.857805944621149397e-03
1.954985472842005745e-01
1.808893742162143714e-01
-1.832309406612723512e-01
-6.871781107075880524e-01
6.711593634207050352e-01
-5.777835718541782795e-01
-9.018484131256040981e-02
3.672353566718993267e-01
-1.928197501009314974e-01
-3.547629505363595337e-01
-3.045543477629534812e-01
-1.112459621968010515e-01
-1.580528753081684445e-01
6.282015132908609356e-01
6.460577813888835896e-01
7.456356098133010146e-01
-3.325299532393599100e-01
8.308479623945106418e-01
6.673025594471720945e-01
1.102866839212902350e-01
6.653497413615108158e-01
3.357393166467027568e-01
-6.632009272905654562e-01
1.471401687998820373e-01
5.062086122801456867e-01
2.972211757328895726e-02
5.152231838788426943e-01
6.714663702649891208e-01
4.949314768659301977e-01
-9.780995575198788566e-03
-2.904325909764167435e-02
-2.018767066702575608e-01
-3.131088024352546850e-01
-6.436316933717272093e-01
-8.940006580737569486e-01
1.612209492924282783e-01
4.228819702302669681e-01
6.346124636704749689e-01
6.774801887933331601e-01
4.416016770264199476e-01
-3.187540923339988730e-01
-7.684994664344491078e-01
4.025076266214853288e-02
-5.587604756791827443e-01
-2.131508625493042097e-01
4.992319807516736735e-02
-5.193527894924695465e-01
2.364406201964273924e-01
6.847073448781897387e-01
-2.964708965827782539e-01
9.677819973657408870e-01
9.451823865570721517e-02
-8.932239252766324134e-01
-4.979629929472881300e-01
-2.810477785573503584e-01
4.301940625133834212e-02
7.463447380495859262e-02
-5.305456574754624510e-01
3.144125825782479455e-01
6.329230198744192348e-01
5.812874488033802356e-01
4.339135229658853676e-01
-3.620664296789538050e-01
-3.579936775277402505e-01
5.623321070076684469e-01
-3.648412684554018237e-01
1.611681983018669329e-01
-1.779750227892614722e-01
5.995987219038108051e-01
7.447579949730134263e-01
-6.362278574357375094e-01
3.761358179713648608e-01
-5.120918498345777836e-01
7.302558064023425555e-01
-7.440778239599664667e-01
5.048911633728215831e-01
5.017275211054768036e-01
-2.342817521260071312e-01
-8.724953427582828880e-01
-3.978182295752005770e-01
6.035878969246443598e-02
2.300929673299559608e-01
5.421846704178454601e-01
7.574266435984309265e-01
-4.447189012022294552e-01
1.492167666892164624e-01
-2.676458058382462091e-01
4.546372465005806274e-01
-2.768474024810597678e-01
2.548653134291885558e-01
2.885150570189757291e-01
-2.097372023259516660e-01
-4.396065602538927475e-02
-1.717803021380518158e-01
-2.341639965945368773e-01
4.011111345459044131e-01
4.284726989489327509e-01
4.565788269624266871e-01
-1.925106690333625303e-01
4.692372898036651918e-01
-5.037068725515847500e-01
-5.267196056132352755e-01
5.757913163795157496e-01
5.492640443377515558e-01
-3.316413100476890419e-01
-5.097677063930979857e-01
-5.010497637190022280e-01
-2.461489408938871692e-02
1.740455710473113593e-01
4.037336308994414202e-01
-7.765636506360278080e-02
3.567236686364630427e-02
3.952981145333854807e-01
4.045967583021072289e-01
1.000000000000000000e+00
-5.983391412185918856e-01
1.160582587109242891e-01
4.522608074129713662e-02
3.058579867343044767e-01
4.684265070499859518e-01
-2.975710453726212457e-01
1.896783490891878754e-01
-2.978169591974303976e-01
-6.143925367452442998e-01
-3.645340469142775985e-01
-2.188171866156322920e-01
3.496910395485438028e-01
2.486807461753549331e-01
-1.379703207132978171e-01
1.144804803312155783e-01
3.242012109449530777e-01
7.781127293847462933e-01
8.905317365882131631e-02
-4.204006042926677345e-01
-5.904163469572319967e-01
1.242395771044619568e-01
-1.584629596139762800e-02
1.829039625357250509e-01
1.773830909278135137e-01
-3.137652100993816862e-01
1.366511070874546208e-01
2.716708272982174682e-02
1.503912624254803709e-01
-5.414470103074943419e-02
5.414401964603663409e-01
-7.696682526885206821e-02
3.430555427807000513e-01
1.721718587985812399e-01
4.058628110282728740e-01
-3.549001562016148581e-01
3.412129475575513826e-01
-2.441917126739682753e-01
2.334594521920110577e-01
-1.322239253896476119e-01
-2.854513413581200032e-01
-1.747576617255389708e-01
1.170376688213786709e-02
-2.905795515752074634e-02
-4.779039967855702731e-01
2.805746357973638028e-01
-4.761871053552384492e-01
1.169410879175923762e-01
3.955101558658737776e-02
-5.248516060356214208e-01
-2.606439790456287486e-01
1.930080582137588541e-01
-5.826423650578254065e-01
-1.378940365199828044e-01
2.568072427759908738e-01
-7.585541186540392666e-02
3.150707069929904458e-01
4.714682334687550491e-02
1.203529171347573756e-01
3.955138563203934865e-01
-4.494351302612876742e-01
1.029296972842861507e-02
-6.647299813949540670e-02
1.056968963417344864e-01
3.641721025428199532e-01
2.516233259879050443e-01
5.997474573170695766e-01
-1.184665100013567174e-01
2.904846120584367863e-01
5.013450117495640290e-01
-1.182954051373980020e-01
-2.796311421311709761e-02
-3.807526950464995563e-01
-2.800542957749105333e-01
-2.853198912845520407e-01
-2.668778877456152165e-01
-3.466838096897262300e-01
-5.929864687862843597e-01
1.033457919778924261e-01
2.445360915599809060e-01
-7.332721375700252953e-01
-1.903805134280059930e-01
1.905856673107377275e-01
2.186415249244038142e-02
1.750984153762540907e-01
3.677390948328049802e-01
6.447952179931811800e-01
4.394858341207928398e-01
5.983464018067375934e-01
-1.404758114393640234e-01
4.088501977406099885e-01
-2.315107113831766095e-01
-6.981822099489615185e-01
7.288018489937059252e-02
1.833738725794970548e-01
4.466514475686121366e-01
-6.413034403712627451e-01
-2.715657482682755086e-01
-2.611062888313338548e-01
-3.903175108282601613e-01
7.009619078653490654e-01
-9.979706769397342359e-02
-6.019718377622891303e-01
-7.851129698905314758e-01
6.135692044969764947e-01
-9.862147139341240210e-02
-8.409963585481000647e-02
-1.233361798402194121e-01
3.020551517394814978e-01
-9.999417642034425652e-04
-5.491571124067321508e-01
5.472485769585647697e-01
3.111285611500753667e-01
2.842423006170742839e-01
3.123539289445996792e-01
-2.109807691522189999e-01
-3.509061245350598157e-01
-1.851430157907176244e-01
-3.791866453351920574e-02
2.702270136849910243e-01
2.560893820335440885e-01
2.806518747774172651e-01
-3.428815576090707418e-01
-2.520378177835014277e-01
1.309088142539917010e-01
-1.036923525710211208e-01
-5.479228391407870574e-02
-8.909128385715786580e-02
-4.018155918093525569e-01
-2.789261773811747558e-01
3.711374675235230014e-01
-1.829004689164486497e-01
-4.703830722861234714e-01
-2.745862710503826909e-01
-9.897651639375525112e-02
3.852497292883309832e-02
-3.218474282702025735e-01
