1.175648968455613036e-01
7.568216632619404471e-01
-5.898331952650903709e-01
5.167957797165645406e-01
5.969132184900454163e-01
5.273295088507555795e-01
-5.547611901914092369e-01
-5.892383524275852658e-01
1.005641957418375587e-01
1.669661191592220623e-02
9.177825040469006490e-01
-1.273989058388987350e-01
-4.310326440197973508e-01
1.257522931179784198e-01
2.892353145179450413e-01
3.096856444227213956e-01
-5.969769490513644472e-01
2.169343326245081749e-01
-3.686881246365482645e-01
-3.457451716211101256e-01
2.270263865952265037e-01
7.748967062920003590e-01
-5.859198194136833182e-01
5.676192339064622949e-01
-3.430134645462479259e-01
-6.724001164261886321e-02
-6.582623548110098921e-02
2.580146017621119947e-01
-8.678688972948851443e-01
-7.541179192699133671e-02
2.867162606008799575e-01
5.285277904257165010e-02
6.054322119079019737e-01
-1.194116274831525798e-01
-9.723104748982235035e-02
-9.557417785042303382e-02
4.889320088847746160e-01
-2.292778550949439442e-01
-2.468022368136541522e-01
2.635447572278276640e-01
3.182494507155724239e-01
3.978146362239809997e-01
-1.045520177986928589e-01
-1.733753727149394130e-01
-3.485997628150515615e-01
3.570917305769720218e-01
1.101632531761558981e-01
-5.339948493249261352e-01
3.004242069819485494e-01
1.815729141618062092e-01
-8.263387877341540899e-02
3.938631169099501839e-02
1.794882485084695889e-01
-1.328807093217912461e-02
-7.900797897358269317e-02
3.802000693189003799e-01
1.393013252259554247e-01
3.093461853304869669e-01
-3.369181663892405476e-01
2.414209437719148366e-01
5.789710265658795096e-01
-2.261749787028310421e-01
-1.312156587552802678e-01
-2.620628543414290634e-01
1.588029587601952897e-01
-2.351622206661827530e-01
-3.196768071020169577e-01
2.420245492473783733e-01
-5.347520611341771701e-01
-6.525717390204562041e-02
5.549698291125318983e-01
-1.629768826028936968e-01
-1.503973093267757521e-01
4.225178902842882112e-01
1.187000443058950916e-01
-1.491687510470315059e-01
-2.401736577388287053e-01
1.429544974739489771e-01
4.211155574620210063e-01
3.332108790557397615e-02
4.257843325356835962e-02
3.687806308588739701e-01
-6.083512528399304120e-02
5.969524610136804910e-01
1.559207411550023181e-01
6.032498635251745123e-01
5.439845153440006076e-01
1.181852101167177038e-01
1.916594038946422551e-01
3.178173710305742805e-01
-4.240038246087241003e-02
-1.236389897658300430e-01
-2.270528697786159122e-01
-3.981413300259514232e-01
2.029398591293281873e-01
-1.617378956514339827e-02
-2.381073833202632106e-02
1.352555067287944390e-01
-3.623685914114724849e-01
-3.828271129120899841e-02
-3.541742936638579975e-01
-8.153109467073221817e-01
-4.148149373368466009e-01
1.679796556059570123e-01
-4.829244586110940096e-01
-5.005708019738073222e-01
-3.500953456075774906e-01
2.227226988747798286e-01
-6.166136210503934123e-01
-1.271102233201420739e-01
1.591385798756870806e-01
-1.784184028460416294e-01
-5.621110224951159084e-02
3.543102926978439760e-01
-2.253499907895312182e-01
3.377648909629772378e-01
3.534682942320538923e-01
-2.684394996080868845e-01
-5.534092718936811650e-01
5.427671946066006115e-01
-1.510484950198052179e-01
9.307450306807116269e-03
2.910409473054030860e-01
-2.160085648352796095e-01
-2.773086138120451349e-01
3.231217556858839712e-01
-5.747477805322806499e-02
-7.688670339357495109e-03
1.318882988050346095e-01
-2.164634361220422187e-01
-2.376908770789477598e-01
-9.637994240068312179e-02
-2.657060039365628096e-02
1.331769869614148061e-01
-1.349919604000846263e-01
7.254577396359125629e-02
-1.232182892802504148e-01
9.889028333474172983e-02
-1.751540744798577853e-01
-5.830116276684786936e-01
2.927596620916171344e-01
-4.744138981283060191e-02
3.738407674851862983e-01
4.335718899551668781e-02
3.538831957370487391e-01
2.652512559076296572e-01
-3.465798242558520981e-01
-1.923249826703548812e-02
2.033648433009891399e-01
-2.827154313086369108e-02
3.835517795400386065e-01
-7.801327959181091343e-01
-4.644486512040623544e-02
-4.004681691377747210e-01
-7.816172489568712356e-01
2.254589411808301525e-01
1.401305754385756552e-01
-7.084748552363958618e-01
6.264712903262002752e-02
6.534163647407829068e-01
1.216235713861481826e-01
3.193464352203559398e-02
-6.904187998437136820e-01
3.234884279491292425e-01
-7.369607379974039141e-01
-7.805771637674340235e-01
9.192910576549084833e-02
4.251827659474985976e-01
8.163243802345316880e-01
5.285567387264810124e-01
-2.445876446108525837e-01
-3.383363546516888754e-01
-7.923512997455408602e-01
-2.862381646613684771e-01
7.066528560677676207e-01
-9.141597742822755723e-01
-7.786053934329988380e-01
8.030793208926398918e-01
4.020392891168946825e-01
-2.921444532444900100e-01
2.859019664741171418e-01
-4.977142758263868316e-01
-3.817386888624320074e-01
2.514033908789821692e-01
-3.432101061817107723e-01
-5.920624759277528515e-01
3.162971020167659741e-02
3.427168084459005226e-01
6.059781822730672118e-01
1.077383162405721462e-01
6.352090966151204832e-01
-6.687741468117726074e-01
8.494633394572811413e-01
9.630090112533392643e-01
1.258328708175173241e-02
-1.584120498666644061e-01
-7.442529731087255129e-01
8.847255826513340526e-01
-8.284155670989794551e-01
1.682618949109195017e-01
-3.306978194009613792e-01
6.667619410172475058e-01
-3.133018720703783372e-02
-1.968470061568629303e-02
-6.706190357881991471e-02
-2.276150861754031030e-01
2.057696995896601821e-01
-7.010877321630286374e-02
-9.007650599862990770e-01
6.384121601750921693e-01
7.387484803843425984e-01
-2.699326489012524033e-01
-7.257220193836874111e-01
-6.425768329942825874e-01
-3.846660433300891357e-01
-5.305970763376973709e-01
-6.533590674763212203e-01
-6.738837902893611842e-01
8.526423354933132526e-01
-7.169667661734081543e-01
-5.896863761853775587e-01
8.841224608985587263e-02
-1.023263373406702731e-01
8.265136185262510482e-01
-6.392200718875382659e-01
-2.897865880838107477e-01
5.313032569777297320e-01
-1.980647605994421412e-01
4.108679599441065755e-01
4.491958914796038704e-01
-9.520873456087733944e-01
-9.000290661218468546e-01
6.795346287418991826e-01
-1.000000000000000000e+00
-3.165045540635204602e-01
2.469338971564527807e-01
-1.624803160641396793e-01
-4.743614027131151101e-01
-5.184572441641821516e-01
-8.711235213551267176e-01
8.743997687322735413e-01
-7.874212185104570993e-01
7.191514739846160964e-01
6.402530619762194508e-01
7.585721095342824460e-01
3.369218976723878933e-01
-7.742102205334270293e-01
5.138476023593108177e-01
3.997072716086374489e-01
3.914323768605728060e-01
-3.097157301595733769e-01
1.155786902559646223e-01
7.802745717889413291e-01
5.860027302149433126e-01
5.242109071601283032e-01
-4.799236492148951094e-01
-5.348197018767972266e-02
-1.983739294914493023e-01
-2.429248512188646458e-01
-7.693860811216973739e-01
5.440763756680141450e-01
-5.871483606652734277e-01
-4.506678255451288667e-02
7.432061292563312271e-01
-6.386156929524379189e-01
