-4.085719649444176649e-01
-6.390068663913849312e-01
-3.297175148748182072e-01
8.356956334869001246e-01
-4.864167112106181357e-01
3.619586612526616287e-01
9.235649400318804991e-01
-7.790984338322325398e-01
3.300062528102364889e-01
2.672618336229098390e-01
-2.321963068029649913e-01
-5.832020058170694909e-01
1.750281267861333867e-01
-5.400578855620138397e-01
-2.735530755207172815e-01
1.284879814997612890e-01
1.533016959307604010e-01
-5.245859101278800285e-01
8.821516159398270496e-01
5.771860507160184728e-01
9.575943521891214227e-02
8.148119425869403132e-02
1.693848975630227738e-01
-5.258434550208007652e-02
-7.767818967928052931e-01
1.202837618822043542e-01
-3.372322007303411584e-01
8.601786819991940058e-01
-1.817647712292525669e-02
3.545668650501421215e-02
3.246908397189094964e-01
4.961842431377156970e-01
-6.359626319620261814e-01
-4.718157491356022026e-01
-4.127674566174450166e-01
4.925958711672467905e-01
3.036684202278959743e-01
-2.525903624668250358e-01
2.784513505927982413e-01
-5.961978694254919109e-01
8.301605764263411125e-01
2.758503945681907155e-01
2.747813813375127312e-02
3.610996125454719596e-01
3.916855244297410277e-01
4.182775796120179468e-01
3.464910007341621689e-01
1.136382296110238777e-01
-3.991852599115071620e-01
6.934634502707011094e-01
-5.699095548331788441e-01
8.215266555174716157e-01
-2.367008482351068421e-02
-2.828965202685574387e-01
7.508722688471118900e-01
-3.082172673414513842e-01
1.404127789898148848e-01
-1.000000000000000000e+00
7.814553207333214679e-01
-4.251195503787386087e-02
7.645710190292420716e-01
3.127745584834847881e-01
8.467226658259259242e-01
8.864285432650966801e-01
-1.265715940442612431e-01
8.536909213049900247e-01
-2.254187256778397153e-01
7.280272250969817005e-01
-7.462813437364015368e-01
1.542256075867591836e-01
-9.583618804672640046e-01
-7.112435338217895087e-01
-7.403310711234081243e-01
3.597234500510326782e-02
3.414288306270976681e-01
-8.554187427778326969e-01
5.317324188536024510e-01
2.185759714126849634e-02
-1.891192198372761146e-01
-9.261223694356963965e-02
3.609329332169969318e-01
-4.545647018472549483e-01
-4.690484116006387039e-01
2.903630628641921119e-01
3.878019231839197611e-01
-2.175106482886747516e-01
1.466116762183886923e-01
-1.751340768482895771e-01
4.471816624895413872e-02
4.542434175759096221e-03
5.120725734382086669e-01
-1.017827201201214199e-01
-5.425188102716802518e-01
-3.984170670817794857e-01
4.515247438337984670e-02
1.967481930754088615e-01
-1.087461555431649685e-01
-1.704140692325596951e-01
-4.779007551532668541e-01
5.369977309716693625e-01
2.537361138936182758e-01
1.677111843867231944e-01
5.715267153401488304e-02
5.709999005306132247e-01
-7.098213320017553452e-01
-1.145409838954248444e-02
4.451902335453379878e-01
3.844237260102966180e-01
-2.886380568967518712e-01
2.958107061346174627e-01
-1.220990125147722177e-01
8.220433778927155322e-02
-6.624093518071375031e-02
3.537488172911555651e-02
-5.849126930529285895e-01
-6.872901512432552651e-02
-4.298142703034091294e-02
6.022467108670485070e-01
-2.284038384466290927e-01
6.402581505434445930e-02
1.889020204137830672e-01
3.572754714288219891e-01
2.982417088795935034e-01
-1.606420523850073390e-01
4.111788018540196155e-01
-2.415984255914720435e-01
3.981090296280130614e-02
2.096453959344946327e-01
2.861661192605162440e-02
2.156169024602449802e-01
2.203139420572755025e-01
-6.656913348002686803e-02
3.339842324837188903e-01
-3.499480768915371742e-01
-1.977261880640263647e-01
2.030684626741340315e-01
5.716654102637850343e-01
-4.860141405743397675e-02
-1.913326410945802997e-02
-5.314330222997735165e-01
-2.740069532369495131e-01
1.515343707345339908e-01
3.314431022457500209e-01
1.530684014506984991e-01
-4.962130961576157601e-02
-5.167966637640426519e-01
-2.787470598768716501e-01
5.195117721908754094e-02
2.281264209107911611e-01
-3.465791071573403048e-01
3.325672595916660812e-02
-1.283291056100880068e-01
4.555737722951549995e-01
6.652107055924871837e-02
-2.296990461206487727e-02
-2.487124982118338670e-02
-5.378801509678658999e-01
-2.906495465130909950e-01
-2.805224352125433307e-01
4.311856855661659882e-01
5.169256238345830423e-02
-5.620210191934473659e-02
4.228479900076353992e-01
4.450174306391045387e-01
-3.164742366241806715e-01
1.830145678379218460e-02
1.958107853530001788e-02
-6.409957564916538009e-02
2.838458307111065004e-02
-5.341365538370911326e-01
-3.727362637231602660e-01
3.042258910293413332e-01
2.212751755811462051e-01
7.353058201588211773e-01
2.301199424657615067e-01
1.778273328461857372e-01
-4.845733028589082059e-01
-2.684247983632052637e-01
-1.950636903748161413e-02
-2.350920885152970319e-01
4.646612026650447369e-01
-5.621529604773257971e-02
-3.801300932035336921e-02
-2.367594940285992211e-01
-1.530718278779461539e-01
8.025722126050595095e-01
2.021547290885939430e-01
5.808258178197536759e-03
7.695243488218173056e-02
6.096702753404337205e-01
1.256120805916752237e-02
7.312066508792294806e-02
1.172398920116793225e-01
2.011996820640687619e-02
2.430117754133147290e-01
-6.049350428600210883e-01
-1.517198846805910273e-01
-3.251117288022732643e-02
-5.867796955264213687e-02
-2.705190719230655266e-02
1.140101188988127956e-01
-3.624739671696793897e-01
-1.599436281207018695e-01
1.506255156336325229e-01
1.970726611736261791e-01
-1.050354068838844357e-01
-2.665857897224024886e-01
-2.029450662052524335e-01
-1.192392645339613866e-01
1.358335066499571364e-01
-4.204383804924329837e-01
4.277393439041788925e-01
9.320689254808164903e-02
3.123998518466296614e-01
-1.020133135542761332e-01
-4.301794278835207042e-01
-3.423782373222699627e-01
-8.671333982336033863e-02
3.922730914160125343e-02
-6.579135760075550954e-02
4.106270121118085203e-01
8.204593110167746062e-03
3.017951903307590222e-01
3.735412004137736997e-01
1.369885841975366225e-01
-3.357461445444127057e-01
-1.211455368696596341e-02
2.459725993357699259e-01
-3.280429930665458294e-01
4.568334885189254124e-02
-2.848608044747741874e-01
-1.424550289652175561e-01
3.518392785296162173e-01
-2.876045970050003509e-01
4.411137437005169248e-02
-2.603427756001424065e-01
4.358644279424294110e-01
-3.791368935317821487e-01
3.382531989946593876e-01
8.570644850985990881e-02
-2.923724186644698353e-01
9.545920393887746824e-02
3.908309397957820258e-02
9.615235153726414685e-02
-2.219449251775408860e-01
-2.348842990942434927e-01
-2.392883983461908670e-01
-6.990530736773109544e-02
5.128535328215582112e-01
-7.638511329481109668e-03
-4.722832303169920837e-02
7.043324103708943629e-02
-3.306826667685390242e-01
7.445178901074189781e-02
-2.552211908370388693e-01
-3.240186524622100106e-01
9.346935761964281220e-02
-4.687742478889200815e-02
7.406496922024166096e-01
-1.319682391692268142e-01
4.145436768319091247e-02
-4.860699699645656402e-01
-1.130187194228485237e-01
5.198010640874114463e-01
3.806308309021068648e-01
