-6.762131195365481129e-02
2.506308539480817110e-01
-3.293329636166622554e-02
2.243680037350423984e-01
-7.343259477861630025e-03
-3.288758700176303562e-01
4.731712803391584510e-01
1.768620988027703178e-01
2.765033579924777163e-01
6.756360036914331457e-02
3.705300200144415190e-01
4.534533464681993475e-01
-8.179340212389724085e-02
-1.460176274989836709e-01
4.891703774061560983e-01
4.184572412286102772e-01
3.519566506618476698e-01
-3.913539689673096317e-02
1.698096551220197037e-01
-4.512526891141460106e-01
-4.505704262443464558e-01
1.409729598719188792e-01
-3.179572009474158634e-01
-8.728172632921585294e-02
3.049051684099803317e-01
-1.506283839563785087e-01
-3.770382434549244821e-01
-4.345294677636034608e-01
2.003164912184198510e-01
9.494980951062202690e-02
-3.617619650896754246e-02
-3.823583152017457354e-01
-4.763456169006254071e-02
-1.718006137685281487e-01
1.302142952123217512e-01
-3.294268741787365062e-01
-1.325728696123050776e-01
-6.893903560521948137e-02
-5.871442454477784345e-01
5.123896693114340373e-01
-1.762785823484900871e-01
-2.089696965984902122e-01
-1.242990360939343342e-01
-2.993157057346530481e-01
-2.250646452626807459e-01
-1.522173709405453268e-01
-1.447313923450241346e-02
6.159922444662757623e-01
2.924211750177841962e-01
-9.771164977514798511e-02
8.464031405177547818e-01
1.527635687766968897e-01
-6.306591158693374000e-02
4.086981727169604062e-01
3.949827424164275569e-01
-9.535522753569640464e-02
-3.425062394243238995e-02
4.488581210822851358e-02
2.359100806336197620e-01
1.361378787100427645e-01
4.245155232955168390e-01
1.727559555668290170e-01
-9.011474098991939519e-02
1.506898794101565464e-01
1.796327959647791295e-01
2.659273657992244355e-01
4.366088354242820269e-01
-2.087253811935593228e-01
4.256002811469508096e-01
-2.765868199067803013e-01
-3.365351359671565068e-01
-2.898836362108150322e-01
1.984869335883796271e-01
-4.838006368030535187e-01
-4.336945949366831712e-03
7.900397669538616885e-02
2.832157839832240565e-01
6.138536788657940335e-02
-1.060335728117294402e-01
-3.186557798754770521e-01
2.299004341953276020e-01
3.026277708768783103e-01
8.176462515155764887e-02
6.236529045567890117e-02
4.546760970938589774e-01
-3.286359201075524927e-01
-2.140632127560985198e-01
-2.862175980689999830e-02
-5.375548197191660771e-01
2.326090850218461292e-01
-4.343277533575910510e-01
-4.496264078850091828e-01
-3.445452938236315266e-01
-5.602136821585137483e-01
4.645475143301168175e-01
-2.389905905832784005e-01
-7.635725614521234050e-02
4.197595458133687174e-01
2.841307202763595496e-01
9.158966736062659764e-02
-6.431184619169441619e-02
3.895036867013235149e-01
5.436763343855657293e-01
-1.109032397152717453e-01
1.947871110143195861e-01
8.881381322551565316e-02
1.675827954653150761e-03
-6.099512824183158655e-01
-5.359307201207057503e-01
2.287787755447824589e-01
-1.447362543150723380e-01
2.039874993379665047e-01
-2.054404631409539883e-02
6.211960812942218801e-01
-4.644146787690570100e-01
2.245782141799361753e-01
2.701071520117909186e-01
1.878378965134671619e-01
-4.110440095349215950e-01
4.388582553857435786e-01
6.166530220795448658e-01
-5.199160172384648115e-01
4.682504377009804042e-01
1.898802254165637693e-01
3.989162676659016027e-01
-5.512692021350183991e-01
3.604629694318225441e-01
-6.848516894348781747e-01
-1.627931984142278743e-01
2.440058888411531512e-01
5.288459084665969590e-01
1.050231971167425032e-01
-4.011191027647257323e-01
1.595600411745939085e-01
6.235602268268417570e-01
5.976728496900835658e-02
-1.898616162321627998e-01
4.125970923691639758e-01
-3.904749061385991427e-01
7.325650085227529695e-01
-6.503503909788354020e-01
6.044392003621351650e-02
-1.765552881147280095e-01
4.434325945798271440e-01
4.576544737345518421e-02
-3.994495271318624363e-01
-1.070856412177508404e-01
-7.176583508278669976e-01
-2.922201928169285701e-01
5.393645196749950049e-02
6.785792678224256136e-01
3.043929252061394752e-01
4.034962758817964845e-01
-4.996846018011273372e-01
1.970386408730887273e-01
-2.494509988884497376e-01
5.427958634028732243e-01
1.174575322063249605e-01
3.314334305617315790e-01
1.836639056185390695e-01
5.334103981739550804e-01
5.552490552027493642e-01
-5.955346390330549244e-01
2.447936712507866874e-01
1.788827665619950880e-01
-7.089604334180050760e-01
2.227164232233742602e-01
-1.034924629936384705e-01
2.015232009024848225e-01
-2.593571546353414803e-01
3.537001829931061825e-01
-4.093307784095246982e-01
4.355078609503899578e-01
-3.600967659171517843e-01
-2.611534641920398858e-01
-4.018304419241146563e-01
-2.005316168457946802e-01
3.746587528772731268e-01
5.418430653087026316e-01
-2.151974764922736094e-01
4.462843894455426619e-01
2.460334927257652737e-01
-2.603297969138963497e-01
4.523198914535761506e-01
2.676905927390783591e-01
-3.126544997088546718e-01
-9.158759814613520733e-01
-3.395549908457026755e-01
-2.120136308658818469e-01
2.278892816425669432e-01
1.611119276182597926e-01
7.963275544896439850e-01
-3.443980681955354783e-01
2.092830137838610771e-01
-5.988118978412715343e-01
-4.559293293228910415e-01
-1.810428488391527257e-01
-1.760070969644942918e-01
2.859886330783680680e-02
-5.859388888879364377e-01
-2.759806324461726579e-01
4.395384392371184390e-01
-4.494789856647768977e-01
-6.445460171395254179e-01
-7.336579109199891091e-01
2.332685098838715998e-01
4.966889280901864989e-01
5.380463829599130277e-01
-4.655410046092449683e-01
4.182573189932066726e-01
4.680782065552660520e-01
-3.503539178430936651e-03
5.973651819561910381e-01
5.216358772696869650e-01
-4.555916567927544847e-01
-6.538714300636999655e-02
3.577287471999324175e-02
-5.174173464384176357e-01
3.495808287456109165e-01
-4.332626322184476297e-01
-3.105319701676026445e-01
4.520168662501385937e-01
2.373382186348815537e-01
-3.930481208683053174e-01
4.195211575144384142e-01
-2.818787438279183322e-01
-4.964813043681980814e-02
-2.817099569948733340e-01
2.226170354038254362e-01
5.294707000857206136e-01
-4.206230572202055429e-01
1.863483039790465035e-01
-5.590193586794562908e-01
2.510077015075906637e-01
2.523874359752076302e-01
3.303797538687184843e-01
1.671703004292145744e-01
5.582207186861485315e-01
1.204552263803118362e-01
9.988170629106521425e-02
2.192990171686583778e-01
2.452653593827670009e-01
3.351029532304509728e-01
-4.694529194058361110e-01
3.677352533785523403e-01
-3.069364260742032946e-01
-1.131555477570700963e-01
4.467925723433619489e-01
-1.559225292677742236e-01
-4.105483372467929604e-01
-5.226860068240222201e-01
-3.360306071660671967e-01
6.136567250377056304e-01
-5.235252703332262669e-01
3.708256470199955968e-01
-3.311069617522334751e-01
-2.672518238439614557e-01
-3.111294593552274557e-01
-4.590034816436526222e-01
-3.448215461141967420e-01
-1.373503851653802288e-01
-4.208582687383741194e-01
-2.913032917770576602e-01
8.280061575994210332e-02
-3.239356338978438554e-01
