7.596685805384509674e-03
-3.797774758986103283e-01
8.748982217566714237e-01
6.158470576135198771e-01
-7.257712832919974710e-01
1.397504655989489919e-01
1.716052426653728591e-01
-2.197702624327805276e-01
3.624498738305443890e-01
3.153213948363193797e-01
-4.105621950144058285e-01
7.771920979310030786e-01
8.066461015044824601e-01
3.027909889187056502e-01
9.196592356918409372e-01
2.607895854079425590e-01
8.226908533373660237e-01
-2.012022764051908941e-01
4.993722899980218566e-02
-4.934299113739092774e-02
-7.205329012140498923e-01
2.543580482359335537e-01
-2.549147775200738542e-01
-9.639420429646280430e-01
9.465682538952707725e-01
5.656214513433017732e-01
2.219078803665038568e-01
-1.567782892127529415e-01
8.519327206258913154e-01
-3.365593467474579936e-02
5.801618440743452343e-01
-2.113738469874736348e-01
-5.926173570189080531e-02
6.271071125804366098e-01
3.608101667075840346e-01
6.296947172299162121e-01
-6.488212314576317086e-01
3.483254021722030358e-01
-4.156038208402860756e-01
8.964734897936924574e-01
-7.467715892240762814e-03
7.216256112298103931e-01
1.260565190672647828e-01
8.258935411315566633e-01
1.864345722396041627e-01
-4.529878160946851917e-01
-7.750213110699757380e-01
-7.428028351750686209e-01
4.146350055065035067e-01
-8.368070353133592043e-01
7.376534949150540532e-01
-5.341373743909474392e-01
-8.357323006234665952e-01
-3.883383269345933586e-01
-4.725786970605466153e-01
-5.908880188489791241e-01
1.372049244428204251e-01
-4.816193929903613002e-02
1.134057407869507317e-01
6.097054720138019857e-01
-2.127340392672854852e-01
8.879572535272056699e-01
-6.171938002427891368e-01
6.827843852399113622e-01
1.560457669830869198e-01
-2.845649463874249524e-02
-9.646184022149251192e-02
8.535760911892743830e-02
5.157736169133118054e-01
8.372930787862615798e-01
-7.540978530976375493e-01
-6.685267845548246157e-01
-5.578155756926358455e-01
1.943892128733047328e-02
4.574843092726407212e-01
-8.168779477526949551e-01
5.690453839193650998e-01
9.175304284443521752e-01
6.833421021593086842e-01
3.854809321273502259e-02
-7.621658420200272399e-01
2.299077664737045334e-01
-6.883810068937131765e-01
-4.444358151017352432e-01
3.815631221318319666e-01
-1.835200431944261079e-01
3.356322223556683637e-01
5.957383597327182700e-01
-3.873260907747635984e-01
-4.078324854741812722e-01
6.796819262846213183e-01
1.998135057811294413e-01
-6.900286681870435590e-01
-2.077612167610790594e-01
8.611044345859932836e-01
9.255248058905994890e-01
7.161092020923871537e-01
-2.010704003573784981e-01
-7.020114944172197724e-01
-1.107029585417471235e-01
-6.302235105515264779e-01
-3.266278237270668905e-01
-4.216316216518108950e-01
-1.789198500928663449e-01
-8.106261591111709741e-01
-9.313775499800212021e-01
4.400448487624931265e-03
3.966268987120312173e-01
-6.864985101260322464e-01
-8.142993678742539432e-01
5.174178626358121313e-01
5.501395888009141810e-01
8.189421093703552756e-01
8.195728384712299697e-01
-2.292686184695772456e-01
-6.225296786090286361e-01
-4.040116593733046324e-01
4.378606544051028560e-01
5.027857972228957362e-01
-6.182636807186467909e-01
1.800327982001915794e-01
-1.595046047273978584e-01
-4.697614839065634151e-01
-6.481129647523082848e-01
6.399993869312382566e-01
8.225593217093108978e-01
5.709844790491667155e-01
-4.818002987792061043e-01
-9.104519169394090783e-01
2.541723835887824134e-01
4.872631102271420267e-01
-9.263937891487128429e-01
7.872471552005432249e-01
-7.368535952584748250e-01
-6.138293920824535732e-01
2.541337543890521133e-01
8.744392165828689389e-01
6.821555352309333076e-01
-6.656023485608570933e-01
3.698897588627520494e-01
-5.778220718941378120e-01
6.173157034773626428e-01
4.315506932979905064e-01
-5.699615073617567695e-01
-8.448731348284640452e-01
8.658184883099976359e-01
9.141579505650068715e-02
-8.065240794982031503e-01
-9.165011349072670344e-01
2.096634705424730849e-01
4.872816142212610946e-01
2.845802210855699066e-01
4.139753674549435658e-01
6.070324472195093302e-01
6.729437894585315050e-01
8.852403152029589828e-01
1.241386974903682383e-01
-8.148613565829713190e-01
-5.614649553667211412e-01
-3.009898999872258618e-01
1.544540894950910959e-01
-4.068230361505936199e-01
5.918960600125796612e-01
-5.972940524106506999e-01
8.802372131657820731e-01
6.665683965394041399e-01
-1.466724474162978825e-02
-8.880382385297439507e-01
8.253522150795939982e-01
-8.104392088015993645e-01
5.532827570658441774e-01
4.599166924589852545e-01
8.209909752464559229e-01
9.553011205530856365e-02
3.799505425257846403e-01
-7.000312315313486078e-01
2.375172520293247769e-02
-4.938961244670405093e-01
-2.004882948674677201e-02
-9.143595025748300908e-02
2.764409377485786776e-03
8.499856285473368633e-02
-3.963483344100678929e-01
-4.485416157785058755e-01
7.988434861194388947e-01
4.509436215734264897e-01
7.183813868047345119e-01
2.433291624153129940e-01
-1.531874622145339981e-01
-2.681438702057594159e-01
-8.993774961119352929e-01
-8.803607106523698711e-01
5.697541660726754831e-01
1.551241134039416381e-01
1.221217000281879239e-01
7.424623379250515631e-01
-8.993572444271727973e-01
-4.428190235204270131e-01
-2.155440913409031878e-01
-5.661018343519903517e-01
3.229082897449957468e-01
-6.777293298220798956e-01
4.622966207860220167e-01
-2.445478845272164858e-01
-1.312648826802661484e-01
4.031309797618524704e-01
-6.194138996563580690e-01
8.488580586126610594e-01
-6.386633049763276171e-01
2.726115080460226325e-01
-3.148593452766115103e-02
-2.407502288053289252e-01
-2.497112029416714285e-01
7.485066253052700125e-01
2.058882136278147867e-01
-3.105676214923607792e-01
-7.441434966874502788e-01
8.867381861664844767e-01
-4.649712240912866057e-01
8.961561897902079465e-01
-4.696474880238506178e-02
-5.499301299749490557e-01
-3.188470698049594709e-01
2.782872492556089442e-02
-7.905764749195178798e-01
-6.094957911874233636e-01
-5.936013773057676746e-01
5.539604857565251506e-03
-5.871702101029709908e-01
6.424469286070925989e-02
7.633061550063875433e-01
-8.057442598257917865e-01
-5.457308578333605054e-01
-6.379304546020700961e-01
8.886200195965561210e-01
8.010097896595456124e-01
-9.675324004384950882e-01
-4.820423802105274769e-01
7.242757818872178621e-01
-9.765945578763647328e-01
-3.340539379344584225e-01
2.337788623933028664e-01
4.273009673750987059e-01
6.681585349039781407e-01
-6.258373771376165573e-01
-3.286662577478806080e-01
8.703760632971796474e-01
1.093197168280888587e-01
-1.931832954826801507e-01
-8.348012947156386865e-01
-2.689978623371457878e-01
-6.194366711403773706e-01
3.666736327827879727e-01
-7.231455400003499179e-01
6.426792712427954468e-01
-6.644552866173762673e-02
8.890746356634146030e-01
-2.188038562629822936e-01
-2.011897732840522146e-01
-3.837645950687396112e-01
-5.035924327326427585e-01
3.104424684663728007e-01
-4.238454312949478942e-01
6.664613839484417879e-01
3.855774049615691701e-01
