-1.927230054286524774e-01
-2.939916092467021458e-01
1.330839369485921631e-01
-2.883858208399957546e-01
1.735718640597125884e-01
-3.447574764837229022e-01
-2.392774764347163630e-02
2.152202497239210366e-01
4.513157267865406941e-01
-4.807825083966162372e-01
1.030493551733435431e-01
2.505657734276780513e-01
6.196346710162223964e-02
-4.610622132574243581e-02
-4.300769981126627561e-01
1.550924657259114270e-01
-1.595967985005802836e-03
2.075390666298283504e-01
-1.641914382279596185e-01
3.988717626600976063e-01
4.220425631784812670e-01
2.179161583721790918e-01
4.923219061846600964e-01
1.922786736850033151e-01
-2.852855546334371328e-01
6.174487155792842685e-01
6.289856830487956796e-02
-6.736516534665861755e-01
9.361246727662000944e-02
-2.238123986526053544e-01
-7.593391041361076121e-01
-4.106991675357423571e-02
-4.600277252870934031e-01
-7.611430422039851262e-02
1.132492490318444955e-01
2.020286809824422547e-01
1.739723893524510595e-02
-2.289670444575182540e-01
-2.861113027266814490e-01
2.118886601765853639e-01
-6.664542236712198142e-02
-5.123210267210304147e-02
4.273419836574135489e-02
2.046771505842420735e-02
1.418095398312452793e-01
-7.685473585046284639e-02
3.986655065072731985e-02
3.221890627314604738e-01
-3.347199105760334525e-02
3.189916666690121860e-01
-5.764905664255324247e-01
-5.026823850989274867e-01
-2.845307344927512361e-01
-3.132065179930706433e-01
-4.489763254000975756e-01
3.396012130772488868e-01
-1.437106437613738796e-02
4.335624342224268513e-01
-7.041803580540059171e-01
2.173104836055133049e-01
6.406516446804914056e-01
-2.595254395337610043e-01
2.700864555722918836e-01
-6.769358181580624745e-01
-5.233793135301572086e-01
-1.869737226276269038e-01
4.569399108267355736e-01
-2.078591719076092470e-01
2.261095659083229292e-01
9.623858302480463311e-02
-3.494512512262947235e-01
-1.319760876590132248e-01
5.140602934012219322e-02
-3.743344892134760071e-01
-7.336330179360488479e-01
-1.019119558720493340e-01
-6.246019576622460767e-02
4.289046052656485253e-02
7.634625322000823111e-01
-3.145663061262197746e-01
-3.928539719933112906e-01
-6.194236128844594208e-02
-1.361504125416138078e-01
-3.920867779377723572e-01
6.248193230323486613e-01
5.070258909263122282e-01
-4.023764707724390433e-01
1.035750126861858800e-01
-1.522957937638055315e-01
1.005322135592697091e-01
-4.895261949452180961e-01
-1.124497535413133686e-01
5.436371744451953258e-01
1.584557486162296303e-01
-3.166774341140322635e-01
2.099777655875111615e-01
-5.248398550708588406e-01
-2.992717366587129835e-01
-4.266126223512758386e-01
2.959979572952281535e-01
-4.582557836823837327e-01
-3.554319326795609690e-01
4.863290927116615814e-01
3.465324614611119403e-01
-4.051528348480268327e-01
1.525752018184521330e-01
-1.782212843951441195e-01
1.175738970496289885e-02
5.703146148695993345e-01
-4.504117253217091998e-01
-5.730634883146722425e-01
-1.221750073988340513e-01
-4.968113858126278065e-02
4.202052271171182254e-03
-2.842921409115293785e-01
-1.785417448192133938e-01
-9.206989182783233139e-02
1.150554282150642871e-01
-1.814429196431585067e-01
-2.225587042603302812e-01
5.940060352631507667e-01
3.129673981081360634e-01
-1.759387358504150012e-01
-6.696106573705090659e-02
4.592891371742102713e-01
1.903489063105080412e-02
-4.295904427252654201e-01
-2.805827736798839969e-02
-1.257704713606914992e-01
4.269139634885765755e-02
-1.975250683964283049e-01
3.182563001221954124e-01
3.390461300068873252e-01
4.095478483270654779e-01
-4.354157802955130330e-02
-2.412111372024615674e-01
1.452432412908314097e-01
-5.572515894884546572e-01
-2.077276073245246657e-01
2.383893223557688457e-01
1.779854116526755070e-01
-4.439248230294413067e-01
7.537329776861769748e-01
-6.840694962240724264e-01
7.788371444460162607e-02
9.132011256330618831e-01
-6.556798948651298975e-01
2.461236790720515710e-01
5.807328365650640256e-01
-7.492757160437673036e-01
4.888530355283907669e-01
2.590783371026019744e-01
-1.846756434835592486e-01
-9.947492430324444967e-01
1.946278998720998299e-01
4.920216060163063454e-01
7.677369680169210397e-01
-8.032173027775657559e-02
7.821957596575604965e-01
4.067113579283974656e-01
-5.402668267590919893e-01
-7.599382800887480860e-01
-6.204728518366705581e-01
-6.039325115582672154e-02
1.000000000000000000e+00
-9.972721532351063178e-01
-2.029195584660563045e-01
6.484193308590219251e-01
4.005502441954162940e-01
2.022659540394043942e-01
6.431731478315625417e-01
-6.206508686344092141e-01
3.640858840378550232e-01
-2.871123773746704355e-01
7.273379868643118362e-01
-8.775616497733248478e-01
-1.000000000000000000e+00
-3.196340051965003148e-01
-9.683852534291367276e-01
7.998790673746130064e-01
7.687830168562956867e-01
-4.283630021014254163e-01
8.755327598412312451e-01
8.822430734334507640e-01
1.000000000000000000e+00
-5.902971509631199654e-02
3.986405262442968556e-02
5.774758500957192231e-01
-7.584003369618317336e-01
3.872406657078379943e-01
6.306735460929024928e-01
2.356532031563194629e-01
1.208135031908774693e-02
1.793395826649285540e-01
7.150314516338612814e-01
2.507487352191425378e-01
-3.149014132551744005e-01
1.892193569032049882e-01
1.567820401185279766e-01
5.147833270120530935e-01
-2.416102633200385430e-01
-2.279349617034906184e-01
-5.599684797322859175e-01
8.607147921664571877e-01
-5.854368350437437751e-01
-6.915954922624736323e-01
-5.257205373938270698e-01
-7.923732286839202388e-01
9.725056378458137030e-02
5.641893667812115654e-01
-6.742050730837005901e-01
2.899638005688054410e-01
8.244881463772185670e-01
-8.431554058932430040e-01
1.934606678159213611e-01
4.686807576861228841e-01
-6.651373898252610495e-01
1.655280071190938507e-01
-1.104503650828537326e-01
4.081948777087373026e-01
9.100728821066086383e-01
3.082191819464407678e-01
7.534784436222319304e-01
-5.604897747195901614e-01
5.414776505308662724e-01
2.049740375259552216e-01
5.446521019171335354e-01
-5.448371793371906691e-01
4.579671385432522723e-01
-2.043393001113998353e-01
-8.557627361085949902e-01
-1.000000000000000000e+00
3.037057667655157847e-02
2.595744690167559043e-02
-2.495657869324774958e-01
7.672760469937995875e-01
-7.207870350791185654e-01
4.784471967340788723e-01
7.620852052757880468e-01
7.536727334871754502e-01
7.155668087402918820e-01
5.528636364616518195e-01
8.116457075040510727e-01
4.040692403914915021e-01
2.567734692709229827e-01
8.621639530699755360e-02
-7.282815580654476983e-01
-6.239628494835708361e-02
4.392481126719319784e-01
-3.553531493069890801e-01
6.406523146405985747e-01
1.987293566848751802e-01
8.116467194626909576e-01
-1.890139687698010607e-01
5.458166502784529417e-01
-8.309277170969751047e-01
3.992070176310845431e-02
-3.546799774220360524e-01
7.727458948782826020e-01
-5.950424268631798741e-01
-8.131085020233559391e-01
-8.695257163812284418e-01
5.580453956659547909e-01
-9.815218356151178547e-04
-8.289154885117915317e-01
