-2.517792035986466948e-01
4.919930241872438881e-02
8.411318079034296735e-02
-1.789262696857878490e-02
3.312028563974831613e-02
-3.543466967038545468e-01
3.642415530255605494e-01
9.692258216731398923e-04
-2.399949365385262989e-01
3.168586156660918585e-01
2.274177801646349861e-01
1.333068761927236334e-01
9.542273345496549153e-02
1.139094905546703257e-01
9.020947268859981494e-02
-7.516443963693117958e-01
3.851276195425670790e-01
6.803523809218550711e-02
2.522715081031659534e-01
-5.119683076286156709e-01
1.913936008099980657e-01
8.219424171240947985e-02
-3.697362818989517463e-01
-2.136966146216928708e-02
-4.063277592885393419e-02
4.735863452967147003e-02
-4.435158907639180637e-01
-4.662660764480290598e-02
-7.026041182279546549e-02
-3.054667511681542769e-02
1.273045066866360653e-01
1.813239950108139764e-01
-3.174104172860524598e-01
-4.674801429676079395e-02
3.435514226366325197e-01
-1.724195682318285239e-01
2.032232910230039602e-01
-3.517895161227039269e-01
1.777897306465035798e-01
7.148218630187225253e-02
-1.083918082071136380e-01
-4.383128867739704004e-01
3.260910289585945976e-01
-1.704967778311297644e-01
-3.493812493875408931e-01
2.636510331477898150e-01
1.654228152496765303e-01
-4.078761670367362369e-01
-7.558690016927646638e-02
-3.911483044296397427e-02
-4.036103009787135321e-01
-4.408666794125447597e-01
9.163433796535871978e-02
-1.025921247255551227e-01
-1.028335534828523634e-01
-2.532285421691307659e-01
1.021474379188633541e-01
-4.626220416685004888e-02
2.922037166705836464e-01
-1.674102676378072529e-01
2.716255944084062790e-01
-1.024785369226231257e-01
3.207030098887654335e-01
2.100364318190755739e-02
8.721535863345080200e-03
-6.502890785722185117e-03
3.226052858421476488e-01
-4.332003417936078904e-01
-3.136082507813338638e-01
1.337453734928059357e-01
-1.007618031255647639e-01
-2.683429286810109504e-01
2.963924141443968208e-01
-5.623124018169447513e-01
2.288438763233299200e-01
-5.135027821106501467e-01
3.158357548639953993e-01
2.152847015000751985e-01
-6.245539154001730764e-02
4.476033893957420684e-02
-1.995746313441426958e-02
-3.314200215210189732e-02
8.235815562532528000e-02
4.300493457151797205e-01
2.236645511436575751e-01
3.301921455450956278e-01
-1.407025534582237725e-01
3.121453521808925657e-01
-1.768497946796262210e-01
-2.980293061372462082e-01
3.174650378275379881e-01
-3.078546023560632325e-02
4.266595729789541408e-02
-1.814930797038963317e-01
2.534059490630302114e-01
-4.056397595160393665e-02
-3.739236337837436031e-01
2.197525989924135614e-01
1.194745225637756092e-01
-1.607159592057064434e-01
1.162101782106433889e-01
4.616808825459156052e-01
1.296418815699472982e-01
4.467005749919316093e-01
-1.415980424534563076e-01
8.407757768554511776e-03
-5.297238122532443860e-01
2.743736098255550870e-01
-5.864178814196856493e-01
3.405461286336266546e-01
2.642447467391615956e-01
-4.756813171919913596e-01
3.397809241725063822e-01
-1.621661690454716254e-01
5.535511483607594707e-01
2.593934423353360108e-01
1.046969455440542318e-01
1.716774773410379984e-01
4.169662268834285479e-01
2.304493519715911445e-02
1.260835715789324629e-01
3.388245109217867812e-01
-2.076796688978764238e-01
-4.433068137791726371e-01
5.255075894917728974e-01
-1.185078774883662617e-01
1.206436613188246881e-01
-4.110370733856039127e-01
-2.632912965664396254e-01
1.192006540839903594e-01
2.177630507672101978e-01
8.124264626919723842e-01
-1.617668216320625740e-01
-3.784970096549623575e-01
-2.536488505991434939e-01
2.816886803037145226e-01
-1.253580931847095292e-01
1.136803982481650876e-01
-4.581055994835797618e-01
-1.569278186457594981e-01
-3.225397921560818615e-01
-2.894424730751702368e-01
2.516016706281838933e-01
-1.897140461890436114e-01
2.039554154783488893e-01
-3.071916876632735383e-02
5.210443890920087029e-02
3.704786780486312714e-01
3.680080082063890701e-01
1.186930247328804033e-01
-6.093748738521843622e-01
1.251971739199803368e-01
-2.893255709844180790e-01
-4.156588288191671171e-03
-5.402614916553942492e-02
-4.180802794983946580e-01
-5.199256663926739019e-01
4.697271361140459983e-02
4.190568032947702415e-01
-1.296279307705579531e-01
6.263608998355360558e-02
2.360606802663235415e-01
-3.638357534361259527e-01
2.089799048317180497e-01
2.189893248246907731e-01
-2.787060526590672271e-01
-1.525114456286827402e-01
-3.207322803332129241e-02
3.632615356884037749e-02
-2.366474623636796726e-01
1.319033093370836421e-02
-1.382815563423614794e-02
-2.162181800800547782e-01
3.447330873313670940e-01
2.207900437861689547e-01
2.288357599079830426e-02
-7.764279815110719518e-02
-1.496133281226962319e-01
2.543400442976668785e-01
3.110494316299118323e-01
4.471905786997848464e-01
3.188089412349648377e-01
6.626031939586139730e-02
2.036065430710174429e-01
-2.187283230124582034e-01
2.651187302877796581e-01
3.403063419856779959e-01
9.552076918249044479e-02
-2.156827129413688149e-02
-1.563561946132478453e-01
4.520697923678285157e-01
1.706137760707733542e-01
-1.353537210870381924e-01
-1.359602002871176940e-01
1.966002053822930584e-01
9.291610909683356567e-02
3.122644847371776056e-01
-4.317415860379976156e-01
-2.216611100124787626e-01
2.965380522036167310e-01
-2.513709715191466687e-01
2.852178083932086494e-01
4.693351371220025325e-01
2.864173567646875473e-01
-1.850362096931337241e-01
-1.153450657851100153e-01
-3.306526916283250017e-01
-4.774029208343428810e-01
-8.962841864165457112e-03
5.066317730601938019e-01
-4.758834061216714595e-01
-6.023389820550827806e-02
4.537994107471207683e-02
3.432016605476209681e-02
-3.432441517047019053e-01
-1.254508139232956843e-01
4.479911457397449392e-03
5.432238059124248064e-01
1.925101910231095670e-01
-7.662915868961941990e-02
2.218230851788327573e-02
-3.909857190241037839e-01
-1.361203289941568251e-01
9.488494932659823078e-02
3.716094967333125609e-01
-4.576038738082531809e-01
-8.351556421741103409e-02
3.506975118442183792e-01
7.147465981770970145e-02
5.089694231043113692e-01
-1.073529219725421896e-01
-2.073095968642881537e-01
5.090843657552253099e-01
-3.874490491177845497e-02
7.386954128627482019e-02
3.010361737749497890e-01
-5.456597953638555598e-01
-1.903614955545217535e-01
7.486658132260719245e-02
-1.926375579268736205e-01
-1.146499429422700445e-01
1.918012083417378610e-01
9.899328419381078770e-02
4.196870353326047631e-01
-2.174618665509470972e-01
-1.646070504625858980e-02
-7.830933266561324047e-02
-4.984778794268189817e-01
1.585696828925084456e-01
-2.574169553074115435e-01
3.038693590853109860e-01
-3.182062513686622074e-01
-1.054071226377447656e-01
-8.178715600202732250e-02
-7.837783773584838798e-02
-8.614451089868600808e-02
5.100903343071169771e-02
3.595676799173821298e-02
3.428467556562435070e-01
-3.277639851595134241e-02
-5.137490629433254519e-01
3.895277859540984267e-01
2.065436371536377158e-01
-6.433256345885192129e-01
1.846594920210667401e-01
