-1.106300491018753773e-01
-4.093689417903932926e-01
1.939162830981779051e-01
-3.389883081973475987e-01
-1.430079194014872435e-01
-2.448010180775083700e-01
-4.762725671798564431e-01
2.126446339001871466e-01
5.258517055237172944e-01
-1.256413890056701510e-01
1.352454131756998523e-01
7.918708291162950275e-01
2.750820265423055688e-01
-2.208310146296012418e-03
-2.759323631332206150e-01
1.730276746627479323e-02
-2.045312097790031314e-01
3.712693226025203658e-02
2.621719897682012745e-01
-2.343257814840196129e-01
5.763331241900652158e-01
5.952892245834591201e-01
4.900668981658083956e-01
-1.438882206299254840e-01
2.619639107949132961e-02
1.570753931848850316e-01
-5.043794651954908170e-01
5.940553319678556488e-01
-3.367678357189017868e-01
-1.823419436299668350e-02
5.618560777157136643e-01
-1.838960704877843633e-01
-1.200214585798658889e-01
-2.279874464882089002e-01
-6.952027944590921660e-01
-1.022566746432124474e-01
4.125680397094557139e-01
2.118331574125027067e-02
-1.823057927709519355e-01
-7.133582646680954042e-02
1.042293266476744112e-01
-5.555496987276969945e-01
1.752705232222384335e-01
2.869051584114413744e-01
-1.928708339252883652e-01
2.923459936327623687e-01
4.952546414217398607e-02
-9.152345141443472831e-02
1.763005670693652549e-01
5.743570082011236755e-01
2.682348393745973003e-02
-2.805439830427930437e-02
1.489294199859514944e-01
-7.058316848433561219e-01
7.405238988571324898e-02
-6.642478959253972359e-01
2.460278206383548771e-01
-2.573959981705051248e-01
-1.499867698332905397e-01
-1.300830761030392080e-01
-1.305943851703172121e-01
-5.407081924514698379e-01
-2.507206905737750791e-02
1.806031975511966092e-01
1.752878810732189097e-02
-4.133972940972036048e-01
1.690096007324656258e-01
-3.625954658136405495e-01
-5.146744421829438365e-02
-6.168970990692288492e-01
-1.516782590833133382e-01
-8.860734551943146020e-02
2.517024196065443808e-01
-4.281901343900750834e-01
1.202711085900428495e-01
-5.116865834338496510e-01
3.085895891653046563e-01
2.781307858495621899e-01
1.077818484112824660e-02
-2.709385999651306443e-01
7.634976349516352234e-02
-1.403207595030561972e-01
2.210186571429161861e-01
2.970860446085082374e-01
3.108827246597273275e-01
3.628367783517542078e-01
7.421579542907666416e-02
-9.605990702621890198e-02
-2.934959907741553353e-01
-2.817268436362779793e-01
3.706158586594709980e-01
-1.595396550748635622e-01
2.704457833193322225e-01
1.173991738695081000e-01
3.498989437931359081e-01
8.753429934360422437e-02
6.299731068386049682e-02
6.302090930798671664e-01
6.861750753212615683e-02
-7.536589305322641263e-02
2.467620254673059260e-02
4.322661005156485658e-01
4.317450548666592614e-01
4.703040513582503745e-01
1.518044689151679671e-01
6.908293060777281891e-01
-5.317274071578013128e-01
2.625912810348032811e-01
-6.606457420748744758e-01
6.087750251480337216e-01
3.135470011396432333e-01
-5.788991883849869957e-01
3.803771172981714188e-01
-2.159278742846095778e-01
3.594624088953641272e-01
-5.288857587053275022e-03
4.259350769552455174e-01
1.765348030046306194e-01
2.356900336644114358e-01
-8.708216968743034969e-02
1.506831177037515901e-01
3.228528870635455350e-01
-1.976136991774802565e-01
-4.203092992172840492e-01
3.985100563066862889e-01
-1.559985049120731770e-01
-2.705168057495271200e-02
-4.559838200274826669e-01
-2.750959484097139085e-01
5.168000563589002505e-01
2.073614530786923316e-01
6.157808294766194956e-01
-1.960762767007179219e-01
-3.764154758443153392e-01
-2.451828627365526536e-01
3.228936119176576969e-01
-6.436173127428959639e-02
9.137572226946148735e-02
-2.624494616498286859e-01
-1.136706548037784842e-01
-3.460475062606388486e-01
-3.103183339947443997e-01
5.433826038846131801e-02
-1.845295118438290694e-02
1.771895563198927839e-02
-1.144257907785484890e-01
1.478378973915004113e-01
1.629321685257514030e-01
4.008599449269642512e-01
-2.049472431827828456e-02
-4.029194576452408416e-01
-1.565002813894314851e-02
-2.538743985681757298e-01
4.644157061794613323e-02
7.487143543450695826e-02
-1.958185398929727650e-01
-4.683314682366658821e-01
1.358022864526136630e-01
3.227926887794468902e-01
-2.886016282136346089e-01
1.174445882173285986e-02
1.820356471539279208e-01
-2.628897333804968151e-01
9.275990200146206482e-03
2.373113522406217202e-01
-4.528592597517273194e-02
-1.797944308874761810e-03
-2.025323099629050272e-01
1.731817623181520702e-02
-2.951304902853448819e-01
-3.481603481060389221e-03
4.584137103156521453e-02
-6.064190132929322408e-01
-6.407928672555851524e-01
1.672753996002909194e-01
-3.041524856185550685e-01
7.913598024704435741e-01
7.686647535003450216e-01
-3.952770363331276071e-03
-6.881031039872477217e-01
5.403032968127527980e-01
1.210364807690965383e-02
2.333419800352701523e-01
-5.943357479976764113e-01
-4.494713553773432846e-01
9.492472205418539533e-02
-2.234688914543010441e-01
1.084758419000053098e-01
-5.700683003266873161e-01
-4.894085390271758484e-01
-4.542350576883914526e-01
6.672352186502782390e-01
1.500144909653712277e-01
8.118326277230399068e-02
-3.607130209189416958e-01
5.694563768031708773e-02
-4.042065551751441443e-01
-9.888774184887187679e-02
-1.251506815693156360e-01
-7.884578934957900409e-02
1.909184005649244842e-02
-1.272359821371010224e-01
7.552709159771233693e-01
-7.244716401402355732e-01
3.863720385505998722e-01
-4.242422679405513097e-01
3.429183318027647642e-01
1.405031560883692188e-01
-1.260726396564111895e-01
-3.058871880817580768e-01
5.111610207279572160e-01
3.033245487267534068e-01
4.052990145182385207e-01
-1.370349663884942726e-01
2.856597641594599279e-01
-5.244127361100071605e-01
-7.351211300510479552e-02
7.974661261900575226e-01
7.212287395061939277e-03
1.189947132514773132e-01
1.041662806257632329e-01
-5.754519625789361603e-01
-1.180531435549070640e-01
7.272411444793934754e-01
5.504777833945484478e-01
-1.561936821615033666e-01
-3.119349492592313755e-01
3.511984404275222960e-01
6.257748560445617336e-01
-5.482665687397253462e-01
4.483296842979592745e-01
-3.492600311545330793e-01
9.167506573601305608e-02
-2.843084596168887201e-01
-1.691834819094972520e-01
2.548359471016414107e-02
-6.121218158119866581e-01
5.849152062554993647e-02
2.778557345710627735e-03
-1.362460766782405130e-01
7.376271567202211110e-02
2.656497178665798709e-01
-1.042506428749746250e-01
-3.210613913953744292e-01
-2.778721225254975336e-01
-4.104097742770118074e-01
1.637822816790029945e-01
5.335040254569363427e-02
2.103162191142400328e-01
-3.199786171383371403e-01
-4.778982613392811496e-01
-6.768384515215125630e-02
5.713271503107498761e-01
2.031528586550299664e-01
4.101567844257690831e-01
-9.509448903060419012e-02
4.561928740333627552e-03
6.453097847946933641e-01
-2.075079809348653048e-01
-3.624478345612890950e-01
-5.568246762076600742e-01
6.157659974874097886e-01
3.637169389221541760e-01
-5.526824187695822399e-01
6.284373781649950363e-02
