-2.113005274160474345e-01
5.080769402502769566e-03
-3.473379273380626520e-02
-2.325441823905495808e-01
2.554794408645066905e-01
-1.147394369989945470e-02
3.504072945350695800e-01
1.003888231849281581e-01
3.350821468665730607e-01
-1.959228176798498422e-01
-5.173053090566773204e-02
6.638004431942964856e-02
1.416630951327354504e-01
-2.211483622623917206e-02
-4.164953958259768885e-01
1.295001365981084812e-02
-2.272464252767145698e-01
3.203560457548513402e-02
6.766080961436045371e-02
2.735414470295612355e-01
2.570467981803922775e-01
1.161350682721888281e-02
3.011492391542207603e-01
8.941249175435415919e-02
-2.837569384814573881e-01
1.710361392188388396e-01
9.669984512647226277e-03
-3.569728486168816661e-01
5.759020467680477096e-02
-1.178567005982516375e-02
-3.660065578275712994e-01
-4.634165090577453683e-02
-3.132475949728651399e-01
-2.100798356020445665e-02
5.242165713501695246e-02
1.409251458860403261e-01
1.894203674704165175e-01
-2.979185839820064352e-01
-8.889892405153244914e-02
2.196906355925025978e-01
-2.798484256411171850e-02
-1.829208807801960615e-02
6.323338892668108058e-02
6.023142330715725024e-02
8.313689397477893456e-03
-1.386068412977467246e-01
2.030676282195700288e-01
2.351127482180930678e-02
-1.231456722818101424e-01
2.817775408435949647e-01
-4.766811601715290614e-01
-4.333617759492641719e-01
-3.298900764553592269e-01
-2.377698001272874340e-01
-3.825609327155430339e-01
1.971230342344117148e-01
3.347478037088331276e-02
2.962823430226101395e-01
-4.298510530047737754e-01
1.193071116185187713e-01
5.298424877310156100e-01
-2.451044719109103931e-01
2.752216046136820582e-01
-5.231818371113545751e-01
-3.822840772814863342e-01
-1.603249934698879886e-01
4.388243413827035422e-01
-2.751197924928169836e-01
1.664789829996157766e-01
1.203954784517942411e-01
-2.665487464663652273e-01
-1.582909579586531945e-01
6.357340634651108269e-02
-3.788660776730393698e-01
-5.984247678647527380e-01
-1.643769773416955959e-01
4.382504884337176145e-03
5.407628883334063968e-02
6.101487174240903810e-01
-2.788432170281709421e-01
-2.838430909185947204e-01
-4.162274757750282494e-02
-1.064098261998230321e-01
-2.700447762358800796e-01
5.418099454933620329e-01
4.751909981348134693e-01
-3.849517414783369396e-01
1.601824933083476898e-01
-2.043310205590695983e-01
1.287918481444789154e-01
-3.178054919300741243e-01
-7.410231914185233526e-02
4.229944648154965736e-01
4.620705320440497005e-02
-1.970090867590443551e-01
1.224186379256656521e-01
-5.019240406743209482e-01
-1.882331271183914079e-01
-3.568071507978551327e-01
1.871574322699738058e-01
-4.073387003802486639e-01
-1.229755710653339384e-01
3.897537533617893568e-01
3.745762862068925947e-01
-3.425927795032085443e-01
8.219336182887931885e-02
-2.340493364958383393e-01
7.165683290380098214e-02
3.405583369314104103e-01
-2.812319070742747562e-01
-4.168350681910441002e-01
-8.935288554785414394e-02
7.359717332477158647e-02
-7.291650482257687471e-02
-1.161751638449727841e-01
-4.609818697671892729e-02
-2.776692522577565297e-03
1.205271305158095996e-01
-9.704269711871439663e-02
-1.637017209456714528e-01
4.736141389985511485e-01
3.654012514094285846e-01
-1.271766410626241628e-01
-1.758742537413386930e-01
4.152568558702092738e-01
2.874376949189810446e-02
-2.630097254599317314e-01
-1.050922101675925424e-01
-2.824555313304573101e-01
1.251046181688527936e-01
-7.493067575052705931e-02
4.712147184737640604e-01
1.516085221173488484e-01
2.438866746375160655e-01
-1.179313326855018634e-01
-5.435435919528949777e-02
-9.618349395537120761e-02
-3.700846430598651038e-01
-1.553419538890261631e-01
1.134177642551346260e-01
1.786096347944634427e-02
-4.179006813070550996e-01
5.197270129524531601e-01
-5.152797854069700589e-01
5.938172305085182706e-02
6.376639787778107804e-01
-5.617755863618489887e-01
2.100209343458937505e-01
4.372087881027564293e-01
-4.010373023467667664e-01
2.499081943293736674e-01
1.500544368173447329e-01
-2.321648807932627789e-01
-6.432676721415634402e-01
8.333581752831982492e-02
2.060774008899171894e-01
4.403182399167391292e-01
-7.031088701262554544e-03
6.788702539428536076e-01
2.537017183555332345e-01
-3.170088610007277818e-01
-3.481438928485062201e-01
-4.748237358847309242e-01
-1.440603736687669223e-02
6.827151529811918973e-01
-6.779288333887023565e-01
-1.162116889830890065e-01
6.067017127896281448e-01
1.999184578023423253e-01
8.915494395270057160e-02
4.345992788298814746e-01
-2.880672982880632671e-01
2.099274765183084812e-01
-1.259511916994957570e-01
5.265150544262213739e-01
-5.365127374138789484e-01
-4.928387586969490419e-01
-1.730862988008802783e-01
-5.006426385933914203e-01
5.226036555794772998e-01
6.047481261417045895e-01
-1.984566438195049798e-01
6.244378898224789420e-01
5.872952574090770650e-01
5.199181204309005766e-01
4.651878167567004979e-02
7.293239718117383585e-02
3.683790823702980388e-01
-5.805330996090063422e-01
1.165589711012884888e-01
4.769010497679232463e-01
2.206810707801482030e-01
1.114468771467435476e-02
8.176979533497635844e-02
5.192701152502066098e-01
2.216368453229936031e-01
-1.808638374132773008e-01
2.535212715050329246e-02
1.231780061259721420e-01
3.376807215834992659e-01
-2.675125939427287491e-01
-3.707213492570955032e-02
-9.139450403448788618e-02
6.272429111348317710e-01
-4.429021873664439335e-01
-4.548542481275278937e-01
-4.915635650228846742e-01
-4.551169878096705812e-01
1.315678587994831839e-01
5.225826796614435610e-01
-5.854588992409442971e-01
1.947242104328281431e-01
5.451025081368419123e-01
-4.895861853171739053e-01
2.637661292312180536e-02
2.891227268209252688e-01
-3.346590766922583615e-01
3.310678864409974387e-01
1.487488849355951895e-02
2.491624327454877441e-01
6.051541729325929930e-01
1.836878114191525524e-01
3.827726183648114677e-01
-4.095282755430226240e-01
3.816836919989740062e-01
1.123379030418825697e-01
1.603674570517962250e-01
-3.277756266332291224e-01
2.548374234670391369e-01
-6.372695789966170699e-02
-3.573291401820063995e-01
-5.827373105104383111e-01
9.684045744899187624e-02
1.347002820154922370e-02
-3.027143076177820635e-01
4.889858739172331381e-01
-5.344798282990820271e-01
2.651007044560760306e-01
4.921955765519067105e-01
3.809226804973425140e-01
2.679256582955832910e-01
3.379722293991009319e-01
4.165193773017433210e-01
3.800157872406678128e-01
2.315437046396765508e-01
-7.051757887167900418e-02
-3.941254951796946959e-01
-1.724612545399442642e-01
2.007408359458715263e-01
-2.499177453666860393e-01
4.192703472161240508e-01
2.075935969091921851e-01
5.949849409586762672e-01
-1.647726070702968670e-01
4.853730854415411744e-01
-6.190224626633620275e-01
5.306806974579539316e-02
-1.449039491696841320e-01
7.029547029776908040e-01
-2.348286637749461836e-01
-6.207194890708892521e-01
-5.457819351901392890e-01
3.255000606899202675e-01
-2.116721071032220403e-01
-5.951776319231344425e-01
