2.053106555616152074e-01
4.627646865993646774e-02
1.869576214193585939e-01
4.321730248570558319e-01
-5.624700171600047760e-01
-3.271285841974290731e-01
-1.758631364890161919e-01
5.563237080970697690e-01
-4.316427417406686340e-01
1.965971208965316130e-01
4.123239271427707187e-01
4.296733534477780725e-01
-2.904903939497035514e-01
4.344051842258488394e-01
-3.505112516884894003e-01
1.464454284674784890e-01
4.298400921024726484e-01
2.203687214582740750e-01
5.131694081614390779e-01
6.888026786826235703e-01
-3.721746696793054587e-01
-5.392507486066910882e-01
-2.181870149590264540e-01
-5.721149594543266659e-01
1.445713662467769389e-01
4.234238125538329345e-01
-2.790987362163911412e-01
1.427093296235614484e-01
5.349581490017225605e-01
4.568243241677322208e-01
-2.937940706000050639e-01
-4.290694994927236605e-01
-2.087588233268843907e-01
6.688876895763987140e-02
-3.254152738033125880e-01
-4.979016426558549591e-02
1.693010296556581862e-01
-1.172085098223105415e-01
1.880597072978864026e-01
3.152130408091601277e-01
1.986385591666743888e-01
1.252910273030168609e-01
5.060406938775537933e-01
-2.666131572966606855e-01
-1.660161790123989289e-01
1.911825790834345562e-01
-4.627829395293823755e-01
6.292473902550746456e-02
3.706975802292640232e-01
4.598246450265904839e-01
8.575924302752320483e-02
2.822290046192997837e-01
3.417254586228791191e-01
1.648178267132666686e-01
-2.610495316716974212e-01
8.494196158898563442e-02
-4.544855591866307776e-02
1.983991172261345137e-01
1.049034215160799116e-01
6.065166241845522110e-01
1.713501327041145050e-01
1.433762181976700953e-02
2.352228425828619685e-01
-2.233842121988488805e-01
3.011547061947122406e-01
1.548015791880300029e-01
8.905662731666615095e-02
-3.426363095689982652e-01
6.957292551684325643e-02
-2.734945576410421353e-01
1.017256229288336367e-01
3.117007434451726233e-01
-3.774968518008693930e-01
4.701140900790222454e-02
1.964142246589697938e-01
3.253517628490166791e-01
-2.252714139217082967e-01
-2.011609454407720099e-01
-2.817611181201462589e-01
-4.193320849341889561e-02
-7.715975313923541246e-02
3.943393810818693335e-01
-2.850959298581884904e-01
-1.963555307803112049e-01
-3.059892418796740510e-02
-2.844923351430515002e-01
-9.154514937866160829e-02
3.932547441460146342e-01
-2.973439984941400049e-01
-7.663478347569316895e-01
2.792938850564032904e-01
-1.402709729447226272e-01
-3.540071663908764821e-01
-1.892268830975392391e-01
4.983341991883674105e-01
3.951329630146498406e-01
-1.702298265748520278e-01
2.587456047645167456e-03
2.221220871662598836e-02
-5.764809471190057016e-02
-4.165353526371830262e-02
-3.094783191157798874e-01
-9.266361374144947705e-02
-3.823616830796945365e-01
-1.077371602839632403e-01
-1.888622174567023138e-01
7.661155296603580633e-02
-4.659316585729904592e-01
5.160663539744693162e-01
2.706632154556921632e-01
2.000598844262152232e-01
-7.494253883014742046e-01
2.611555503203818671e-02
2.906639368223608577e-01
-1.336525808919591662e-01
-1.735667958189333615e-01
-6.815542061293974885e-02
-1.704396564152899085e-01
1.967006337207134192e-01
6.571427137931891149e-01
5.767742189168928446e-01
4.848941808148131138e-01
2.536811065885495320e-01
3.527640111954917224e-01
3.602622355543059207e-01
-1.110862780388346127e-01
-1.578014450384483160e-03
-3.549443518520027929e-01
4.974599045300501787e-01
-2.791561927775835783e-01
-2.445003704213061235e-01
-2.098676475023605326e-01
3.895872070613861093e-01
2.810255037405741119e-01
1.770492670621661158e-01
-3.101349847792090331e-01
2.983470716260624434e-01
-9.015874246878044507e-02
-5.401140076562942482e-01
3.443120770052895407e-01
-4.781816884193637596e-02
5.989303036758557575e-01
3.991152043802563831e-01
2.952272914894708555e-01
-2.108300674661977014e-01
-4.162784901474589905e-01
1.967845257250174229e-01
3.529579741665239689e-01
3.687741579196421871e-01
-4.747519480071386161e-02
3.857995845654909051e-01
3.515690831987597909e-01
-3.678368220048569559e-01
-7.274201627974135054e-01
4.323897727595016338e-02
-1.214302754054737976e-01
5.151138136442454663e-01
7.289042198971420472e-01
-2.263493716233289099e-02
-2.878471582128116490e-01
-6.515113666995525632e-01
1.217303945298001122e-01
4.826545510803113004e-01
-4.079063895997622202e-01
-4.008544799861992747e-01
-2.493747652707397622e-01
-7.321364734433287447e-02
4.628277404465577782e-01
1.450862820534740694e-01
-2.001296278771403370e-01
4.112874778742898751e-01
-4.071231072150134356e-01
7.091684775762214787e-01
-5.147894228306008901e-02
7.136739679109773693e-01
-7.103202993451297464e-01
5.653966664082331617e-01
4.024530960486810138e-01
-1.753057314590255322e-01
-1.379494001622466604e-01
8.872796903987215100e-02
-1.712924087313357630e-02
2.784242509540834579e-03
5.503596896202914701e-01
-7.409013005282984177e-02
-2.914111841563131744e-01
-2.498942132989930842e-01
-8.918897761293845261e-02
-3.902228015727925992e-01
4.870063007648383069e-01
-1.306944889408339083e-01
-1.151125003242571693e-01
6.174241194629592755e-01
-4.962620493235222474e-01
-5.744609650445039462e-01
-6.144601748449393108e-01
-5.453774389398370614e-02
2.582100194494941769e-01
4.285295204797200941e-01
-2.235641144043801765e-01
-1.715140288043936756e-01
1.964750429667756759e-01
1.290500280086547269e-01
3.290234642571729373e-01
-1.303578796500674125e-02
3.308924256210433734e-01
8.277302568975977715e-03
1.978338824880245539e-01
-2.219537863904265940e-01
-4.160362409641109038e-01
-4.582165139014190425e-01
-2.806099950257456843e-01
-1.801768321705582432e-01
3.448942206356579998e-01
-2.375989942932162369e-01
3.043532811560917817e-01
1.940967497561118527e-01
-4.905452483843893430e-01
-4.817322833752292477e-02
-2.089257911473737794e-01
8.571894220616330107e-02
3.386095999481246732e-01
3.049752553079196349e-01
-3.471387851992008278e-02
2.053190042260606973e-01
7.884128849223666358e-02
-1.823787836255061912e-01
1.336413994998271737e-01
6.297582354939544602e-02
3.411176382981825350e-01
5.458191882514902282e-01
-1.166614773239764147e-01
-1.706529069410291366e-01
2.630837653313277194e-03
7.631805549141645884e-02
6.170003898300043810e-01
2.687819458828209079e-03
-2.470950568009663145e-02
2.849738262510600473e-01
2.010112611526363724e-01
2.669927133248751749e-01
3.666300642908604246e-01
-2.982628000516390765e-01
4.092220558276670611e-02
3.545764312623488346e-01
1.474096568750232483e-01
2.571820319323445680e-01
-6.339501202572565830e-02
-3.436286730857414651e-01
1.133851129069966129e-01
3.765069127635087623e-03
-9.385566546153087386e-02
-1.086186667444805909e-01
2.536259661481902739e-01
1.441431825170525483e-01
-5.753087972453737597e-01
3.278037009011585678e-01
1.730247557407539327e-01
7.007726415226930294e-01
1.819249576044822680e-01
-4.265239613386537787e-01
3.663091211618865056e-02
2.045278521251334691e-01
9.687618510302548752e-03
-1.020226496430737401e-01
