-2.022451924006299362e-01
2.812282217843286025e-01
-5.635786219397607155e-01
4.024344882825594549e-01
1.204363763304397150e-01
1.190533477305986965e-01
-3.686550334460738099e-01
-5.078892897505322690e-01
7.915779905056061772e-01
-8.724914401569773270e-01
-1.117170634621743840e-02
-9.755016347946662281e-01
-9.482996739901271566e-01
6.582456030060055419e-01
-9.648344515900433294e-01
6.966609599418781551e-01
5.937377365596374634e-01
7.304038080424650747e-01
4.990939589612438665e-01
1.877466545455925284e-01
-1.929880204391508092e-01
1.176491888372939443e-01
-9.992418065814726025e-02
4.253008007497294796e-01
2.684364733039226736e-01
-6.316391920437610663e-01
-1.139324484187059783e-01
8.034659298720459031e-02
-4.144701542713593451e-02
-4.084572986163889086e-01
5.144677264538904948e-01
2.222270365698177375e-01
-4.273765737407416720e-01
-8.956180316795170349e-01
-1.858473352537172718e-01
-4.412957964970047886e-01
2.437574892664921555e-01
-5.952403378453743343e-01
7.691556850195796491e-01
3.431771864658725302e-01
-7.150365178046464987e-01
6.609830143632255961e-01
-4.072255237982695952e-01
6.352506550396320728e-01
-6.595298261758936187e-01
7.995702912785751515e-02
6.529667411158877055e-01
2.385182824902751797e-01
7.223159228291236023e-01
1.030928379396770789e-01
-5.270078293642815881e-02
5.847996578100267406e-02
8.594406329613173412e-01
-8.646409994267456600e-01
-6.443337432119169428e-01
6.377363362385790602e-01
2.167642321426130336e-01
9.723497928685659319e-02
7.629083310177661170e-01
-7.910199327275616588e-01
8.713171722389704277e-01
7.779661687458867547e-01
-2.747168896071821576e-01
-7.383127712521642128e-01
-3.612406996785710311e-01
-5.339957502991300453e-01
-2.551820409919833277e-02
8.618841477599341327e-02
7.169184758436322746e-02
-3.431809374004901603e-01
2.059237496744253104e-01
5.224778713230444627e-01
-1.474955046296146099e-01
-6.114266564856667419e-01
4.574567205232708544e-01
5.902025779588186971e-01
2.807314404092467464e-01
-6.921256979762905326e-01
1.391814941828896091e-01
2.604148862154284094e-01
-8.615438907982324590e-01
-7.361352920742824102e-01
-1.147774415056527636e-01
-3.453457636086704752e-01
5.878448734996012393e-01
-7.577564368759488467e-01
-6.721139555063678772e-01
3.668623268220306821e-01
4.540847075655215503e-01
-5.916630137391314381e-01
-4.616575687650327775e-01
-4.662979733291252593e-01
-4.073744783774250755e-01
-2.339492258569605271e-02
-7.374364103406559900e-01
-3.335174111333188418e-01
5.073211636333643249e-01
-8.352627000135721957e-02
5.551866399636880001e-01
7.667481197418688499e-01
4.685048112070888671e-01
1.589972026727237975e-01
6.041850081217314816e-01
-4.705430194650880305e-01
-5.529097367248988482e-01
7.509179368477796324e-01
-9.913117349364378161e-02
7.309086966722622147e-02
4.155051162743779170e-01
4.343376170711115147e-01
-2.126977886553560460e-01
2.376401930156413489e-01
8.134538244349438785e-02
2.834200047948082779e-01
4.298154908353123138e-02
7.058176823219044493e-01
-3.857146305772923278e-01
-3.610522735902633729e-01
6.391593245629910713e-01
9.925126073817282235e-02
4.049340825089695062e-01
-5.480953190133117658e-01
8.516037135392681146e-01
-2.751207893044567143e-01
4.191410976681725908e-01
2.828150708955010431e-02
-2.004682831488264205e-01
-2.060780273537543561e-02
6.276175322424941694e-01
8.233153664488014611e-02
5.675361612577025511e-02
-5.321953108405179655e-01
-7.849905585737497749e-01
-7.071499073645979294e-01
2.456422023248258923e-01
1.436427237552079794e-01
-3.706100863965574033e-01
2.155124707755752267e-01
-4.597253525496738380e-01
-4.962640396066568815e-01
5.457484020910703393e-01
-5.752045158707086436e-01
1.896891965813665704e-01
8.889894896171918193e-02
2.533926041431371345e-01
-1.864653304030822190e-01
6.159956909119039814e-01
-6.547232078102962483e-01
1.936825419369012924e-01
4.316613891347420018e-01
-5.083386748094402829e-01
-1.637574297615586039e-01
4.471388270331456138e-01
-6.998390705859776073e-01
1.394262160305788922e-01
5.579664746573431700e-01
-5.363912192152241465e-01
-7.237454949958732620e-01
2.266826293190974395e-01
8.210854743109080589e-02
2.788292442358852874e-01
4.455073548254347982e-01
5.833033787693184813e-01
5.937950321815297361e-01
-3.580193612481411547e-01
-5.417156142547794317e-01
3.910351896338430666e-02
7.846085453730095027e-01
1.730999967832075326e-01
-4.805719721547137557e-01
3.807356845769349074e-01
-3.317946830867257169e-01
-6.752276043134575190e-01
-5.242339919871775999e-02
4.864108618565434750e-01
6.601779587721622322e-01
1.945217235941556766e-01
-5.781340008887565496e-01
-4.717106536345495593e-01
-1.127540454057064795e-01
5.939722975773791269e-01
-5.543879337581599787e-01
-2.734400771108739248e-01
-1.572674983167316187e-01
-7.990925949861492628e-01
-4.111680299325697896e-01
-1.677089461133040582e-01
-5.559831834744192181e-01
8.008977955327115095e-02
-3.364437916905406722e-01
1.383645477331962026e-01
6.929877613689698901e-01
-6.045989675716545442e-01
-8.789451838942203832e-01
6.418007281082824811e-01
8.572169768448184568e-01
1.082028287473081746e-01
-3.994893000058905574e-01
4.527254866536204458e-01
6.460429600445457554e-01
5.909418053089057210e-01
-2.281259401897627881e-01
4.069383934976305017e-01
6.390426107443419879e-01
3.814345490137928119e-01
5.312623170528516514e-01
-8.653311932622922420e-01
-4.520899052986760425e-01
9.100342707460828962e-01
-2.849885676876688367e-01
-3.074779133729229064e-01
5.491836906167727461e-01
1.087462613339861550e-01
3.665323126505294349e-01
5.023388141193494416e-01
-9.315087870031998341e-01
-4.188306258227277867e-01
7.763534595146619477e-01
-4.033179771315073547e-02
4.685243084992959939e-01
-2.003240529009100435e-01
3.246510071185775281e-01
-5.754959612737878816e-01
2.821692084045361315e-01
1.029309824616864433e-01
9.074062275763601360e-01
-5.930369667347714646e-01
8.066166627233224418e-01
-8.935554992987290168e-01
5.161688585177188759e-01
-5.784819307800662669e-01
-7.997553701516585400e-01
-5.420146730888822928e-01
-5.424868635598704136e-01
2.875527711961698429e-01
-4.464367344983490304e-01
-6.536058573939517169e-01
2.849570500646694260e-01
5.763856349651331756e-01
-8.468494294137174361e-01
4.973424084539567608e-02
5.799647245821031305e-01
2.728887678764820857e-01
-9.408336832649113468e-01
5.072552739968849700e-01
-1.275261778309963734e-01
-5.830091340106939857e-01
-6.720107706673646986e-01
2.169552286005652919e-01
4.221090004796850814e-01
5.681448592632880601e-01
-7.393275548974307387e-01
-3.423448778413440419e-02
-1.849084327257703719e-01
1.251926206889489857e-01
6.181208749450897155e-01
-2.051190188596737074e-01
3.246355160135803164e-01
2.579743251701643314e-01
1.784138198720340018e-01
-1.321377285475967556e-01
5.271622759516020329e-01
4.025817195002336923e-01
7.556908076917097095e-01
2.506519924138709832e-01
