-1.981066637596192725e-01
3.997010304399770120e-01
-3.551748346910645893e-01
-1.566336164160378464e-01
-2.246413463636080243e-01
-1.928966431740414267e-02
8.895073658120943028e-03
-3.827575386715620365e-02
-2.340809521559677336e-02
-6.844345921436510716e-02
-2.346241030669573777e-02
-3.869628228699622391e-02
-2.993928509283568240e-01
-2.760592909201630141e-01
-2.623839496036478036e-01
-1.351996473701482793e-01
3.108577778934594193e-01
2.377765927200316542e-01
4.853367416109739541e-01
6.645425156807860390e-01
5.355434104780251170e-01
-4.607698611729242888e-01
-2.432671877638364344e-01
-6.298919619996756758e-02
2.190132656156415780e-01
1.113163801114016305e-01
4.014932677061650024e-01
-6.966998537329910368e-01
7.415801652351816653e-01
7.597549283924232011e-02
1.840266046858420601e-01
-3.671431726427569486e-02
1.685129241036008585e-01
4.213132600331019328e-01
-4.891825556412986442e-01
2.470002329599828989e-02
4.385897458705055874e-01
2.500336966912335424e-01
1.399297917468646790e-01
-1.939720593678253002e-01
1.286852765553549161e-01
6.551945431292283128e-02
-3.271588572560246155e-01
5.608747857584245322e-01
1.091476857378196469e-01
6.380127426909389943e-01
-4.465435769357721796e-01
3.187972706148495261e-01
3.758806262923420349e-01
6.370774464024970829e-01
5.596688402742220347e-01
1.888121319662292019e-01
4.895451530523304284e-01
-1.415711514893372991e-01
-4.443555907140708805e-01
-1.193273526286068101e-02
-2.170814677985837271e-01
-2.599457882968249089e-01
6.420146029504990581e-01
7.885238908334570862e-01
3.162714867426613119e-01
-5.891426410628635146e-01
4.300547428174789077e-01
6.278829552987276186e-01
-3.702144967996082170e-01
-7.977706189366037814e-02
6.663077108387360781e-01
-7.851002967911013819e-02
-7.823530708367900655e-01
5.171615614742099964e-01
7.625804720821657834e-02
4.614036826230619726e-01
-6.429385105783974597e-02
-5.929434969199650629e-01
3.635684117836658347e-01
5.652352973652026158e-01
-2.073941687691610025e-01
4.851991803641225176e-01
4.203909904699220518e-03
8.308766017632823742e-02
3.438350723460963376e-01
7.921490156015539852e-02
-8.121131723738082842e-02
6.211702268773340307e-01
-5.521899878885206947e-01
-4.796410755062854303e-01
3.593210837175309091e-01
6.484968855897556284e-02
3.349803798320220016e-01
3.970845117441920702e-02
1.560815297272764024e-01
4.761980671912179330e-01
3.133644857171540010e-02
1.462550439932281954e-01
4.649157189843121096e-01
-3.182989285818942082e-02
-5.374044345823981716e-01
-7.356913954189604476e-01
1.234015996400688459e-02
6.556284356834363169e-02
-5.345726581208134487e-01
-2.126226291504965948e-01
1.280399347848124036e-01
-1.348605318718493207e-01
-4.482337460060688006e-01
-4.019749367696315301e-01
4.665785877849201180e-01
-2.887193057257950723e-01
-1.290154763878696709e-01
4.449707544392003111e-01
-1.196596583328685126e-01
-4.790732450439615375e-01
-6.357054543750964015e-01
2.229982191585934692e-01
-6.055571887056843128e-01
-1.509820420956990428e-01
-3.973788487927613078e-01
1.141110752943112587e-02
-1.601378960056682732e-01
6.278764442158252246e-01
6.202530248178014238e-01
-2.231757811861871110e-01
-9.542215117480930958e-03
-1.385381225510536052e-02
-5.505657306827642650e-01
6.248487443850123668e-01
-6.702279809110230080e-02
-3.406237052339365357e-01
2.412045112837682692e-01
-7.271746848019329246e-01
5.578548251183865769e-01
-1.782884882462281995e-01
-1.189652446107604400e-01
-6.258148109536008086e-01
-6.736149067089589049e-02
-9.053789378272061317e-01
3.254399195429942271e-01
8.279955033092074590e-01
-3.765086669685567822e-01
-4.323995372223722322e-01
1.409109798120025958e-01
6.284952905744837226e-01
-3.175774886957943854e-01
5.695247930619355969e-01
-3.736731518191005463e-01
-8.718505368051711335e-02
4.634231106730516414e-01
-1.822024213707599261e-01
1.871451630769316032e-01
-3.125139985589149849e-01
-3.273443082894689771e-01
-8.987264746877257071e-01
-2.102092671557422576e-01
-2.591719057528146797e-01
-3.090397171935724829e-01
-4.630084047828996185e-01
3.049456816304626505e-01
-3.591718979688947599e-01
-9.638483085733209887e-02
-2.846906131167886711e-01
-1.473059051083487059e-01
-1.734207352388964507e-01
-3.446137892922042090e-01
8.569546706794985147e-02
3.200359507486889576e-01
4.993694557815802487e-02
-2.939444878765511415e-01
3.103295098618715220e-01
4.319171411549420636e-01
-1.432149020307421361e-01
-2.008936066028755574e-01
1.968270519764802051e-01
1.346962279846192490e-01
-3.055460445272673575e-01
-2.783472197273124116e-01
3.174581570853977075e-01
5.696393111533605280e-01
9.703780466218936418e-02
1.429937999706308305e-01
-8.830880265393364903e-02
1.908645275455567447e-01
-1.006161978488796654e-01
2.981672026782624663e-01
-6.302152796706136373e-01
-3.126899570886553792e-01
-9.678314083118341737e-02
2.942416417869722078e-01
-6.776704257911084217e-02
-2.998869107772631493e-01
1.704205257798883655e-01
-2.665983729679930955e-02
-1.040911845711742223e-01
2.498437115945677800e-01
5.074083163061609003e-01
1.752545093919332178e-02
-6.422998908997177292e-01
4.521015129206544803e-01
4.013044701309947948e-01
-3.593240287380645714e-01
7.842039012940824061e-02
4.415967057241326765e-01
1.804310300783901755e-01
-3.162647926405193766e-01
8.143664420129292925e-01
-7.629017679907335037e-02
3.382398446281056348e-01
-5.992174303790265277e-02
-1.843800523533252189e-01
-3.065182173502171703e-01
-4.107887542345157739e-01
3.347569260860170370e-01
8.402924684884982565e-02
-1.890138125155780002e-01
3.545495210477004333e-01
-2.361712861990079571e-01
-4.199976728242660329e-02
-5.212971458490820442e-01
-8.885949342160315290e-02
1.029518262634982195e-01
5.430898302589309140e-02
7.365839092317596482e-01
1.990865412458352746e-01
-1.812264284546667992e-01
4.225430238897379120e-01
-1.302633740860877354e-01
-2.150053503986770476e-01
1.825339476676033912e-01
-2.782563885738585652e-02
-1.478377479906364533e-01
-9.099967512515556578e-01
-5.159951835244956930e-01
-4.266454325410433401e-02
1.948207597019956383e-01
-3.541943558290249761e-01
-6.422116846056358241e-01
5.668392760737204217e-01
6.265923247313511801e-01
-3.059954533232269736e-01
7.893601991710771926e-02
-8.977007713320067639e-02
-4.719587224038975792e-01
1.325087131325309309e-01
3.398117028076881874e-01
2.870842084722211585e-01
2.287991638193854482e-01
-3.165441013614552213e-01
5.422972179902193490e-01
-5.825603426518952688e-01
-1.389669378059439353e-01
-3.696633473529511438e-01
1.332454964820380117e-01
1.554727939697480021e-01
-6.309152695816242495e-01
7.533537440490539749e-02
-9.429427365784547391e-03
3.699382700879479124e-02
2.114918410555143291e-01
-3.831791221584275597e-02
1.326163887533320374e-01
1.686899516351796358e-01
-4.997631291410294940e-01
-6.120480728783462415e-02
3.656074886652260769e-01
-8.099387203320619621e-02
-2.332992248550737613e-01
