-5.325829865901068327e-01
1.580645546944458302e-01
-6.623004807120252968e-01
4.750928105333293017e-01
1.646280329943687892e-01
3.959396674430154528e-01
-6.121310006775422252e-01
-5.041653884178219913e-01
8.951297868018599502e-01
-6.842641767578920842e-01
-5.391185983680796268e-02
-9.628720999004642955e-01
-9.208342610725421817e-01
8.528663956296816950e-01
-9.315637679918026270e-01
6.961625889143298052e-01
6.003596563875337466e-01
7.114551761159748633e-01
4.696138319445082310e-01
3.331393029923546134e-01
5.064543901194001191e-02
6.073231697444871902e-01
-1.325521481627589260e-01
4.664511774580465397e-01
2.931610644799622079e-01
-8.738638797406665937e-01
-1.657106374112255198e-01
3.638375726926290632e-01
2.890795009349936273e-02
-5.723857908458378496e-01
5.909359520414192435e-01
1.724301710926562370e-01
-5.516715067920932025e-01
-8.543344186440242627e-01
-2.587288463553765183e-01
-4.610717737705335439e-01
2.885017678086141957e-01
-6.232708421512578312e-01
7.460076789202727543e-01
1.768992238954918972e-01
-8.005135620029222299e-01
6.322942031112932515e-01
-3.765879753976840161e-01
6.878375481956914284e-01
-6.713685695573278212e-01
-6.068915346620518125e-01
9.154134689969738448e-01
-2.597000874122483705e-01
6.463566305573476001e-01
-4.077349173929962767e-01
4.878826579029740124e-03
1.223105573899488652e-01
5.633977093095019484e-01
-8.797216122722499865e-01
-8.191860982772318778e-01
6.400955820167752996e-01
3.063176853203112282e-01
1.077951551198307045e-01
6.656373243534448036e-01
-8.234234100273375434e-01
8.334885927246511450e-01
8.565626415945093441e-01
-3.257741935425636504e-01
-5.776380687903441835e-01
-2.851744604379184422e-01
-5.452833091620472583e-01
1.812687559414162264e-01
3.144208653023957134e-01
-1.158601846869432433e-01
-3.889360365395699293e-01
2.018338926929479360e-01
6.032667364398591747e-01
8.772098950484441549e-02
-4.938091695616688703e-01
5.116935600395997596e-01
7.004290291507451194e-01
-1.331180555834511336e-01
-8.791492710237345243e-01
5.221673293709430119e-01
2.341066204229356462e-01
-6.303622850806949174e-01
-8.700280661695095619e-01
-1.266489134721538456e-01
-4.862081590421861721e-01
7.089449198058839219e-01
-8.885938170524426694e-01
-6.905921670697783288e-01
4.857860034534420279e-01
4.921890543710453758e-01
-6.657029401756104914e-01
-6.430060772301418037e-01
-5.417268467627347484e-01
-8.941002525080435359e-02
-2.368137826807594770e-01
-1.000000000000000000e+00
-3.818763237319624526e-01
5.414067544665680520e-01
3.688784074365258903e-01
6.982607450829751983e-01
7.692543102175103398e-01
5.473122088841578803e-01
-1.773265650558730200e-01
5.386251530440752111e-01
-1.853104996564993445e-01
9.855774211265128093e-03
9.037424863264464925e-01
-1.842752721939258098e-01
8.144275588560409562e-02
9.110425234094757796e-01
5.241306050193047517e-01
-4.016560062465615588e-01
3.816373286234864826e-01
2.572389832045168800e-01
3.943781138723500002e-01
-1.304042599023755022e-01
8.839741534841776271e-01
-1.777908689162949751e-01
-5.543066894960541058e-01
8.083998620242911493e-01
-5.577492018862642564e-02
1.774537561885147774e-01
-7.564239377542729681e-01
5.537828036038311419e-01
-4.198227767561006907e-01
5.366063745980308441e-01
3.332137180998568926e-01
-6.370900022442865795e-01
-5.361131388626410033e-01
8.165940348303433183e-01
-9.587314770425130195e-02
5.264809168088626645e-01
-5.911063383886205891e-01
-8.658606606824774676e-01
-9.011908824574534904e-01
4.034053508643717922e-01
-9.715885706773122465e-02
-4.529017103577941961e-01
3.691334322416262026e-02
-5.159711897211306519e-01
-4.816911678918280315e-01
2.936829177098885801e-01
-9.928493813953529479e-01
1.673761943723569776e-02
-3.696491279878514891e-01
3.634776047842307178e-02
-3.326835563156877451e-01
6.904131933877829530e-01
-7.099118496150743640e-01
6.714621102363735883e-01
5.422062009313266540e-01
-4.812887296798970538e-01
-1.015104604484980133e-01
5.457632450768707955e-01
-7.333855194081602136e-01
4.492327357580568892e-01
6.654194805348334629e-01
-7.052553687124514248e-01
-5.864300094452704615e-01
-6.068377097366320361e-02
1.686073866970393964e-01
1.608716069105772528e-01
4.952144332644661806e-01
6.815751935773628478e-01
7.590392420294114761e-02
-5.085340123692814324e-02
-4.579558731890123746e-01
1.251671247262008124e-01
8.915776541561324375e-01
9.659093216807181081e-02
-4.530383277080509141e-01
7.785359416783976805e-01
-2.131881380764497902e-01
-8.665092232815815310e-01
-4.895106637646076675e-02
5.397531668929186344e-01
4.926608270108019938e-01
3.978579614561029709e-01
-6.812020330050637673e-01
-6.921003368908718034e-01
-2.236136578169192757e-01
7.220166248593381519e-01
-2.999379114685510328e-01
-2.174348303111494352e-01
-5.626020259505223886e-02
-6.817573420040993204e-01
-7.438628331146837080e-01
4.184103243837465624e-02
-6.853106470247705140e-01
5.612875954396829431e-02
-5.754635362172113577e-01
1.038819726199926713e-01
9.860868325010305746e-01
-7.217198421515932383e-01
-7.024654266793142199e-01
8.450207527068631652e-01
8.805589219376862564e-01
1.728253439658592738e-01
-3.675761657984886188e-01
2.494989649976357415e-01
8.730219421338288877e-01
5.753581821277257147e-01
-2.208792319111966551e-01
5.705578851836218268e-01
3.175488559986785475e-01
4.705077557151521872e-01
6.294285048319443465e-01
-9.643168983142433870e-01
-4.714170179992724363e-01
8.840379669186272382e-01
-6.772408599653810812e-01
-3.149146774756286238e-01
7.383088287095144198e-01
3.944529274839293082e-02
7.204739163438781402e-01
5.819452187131697318e-01
-9.313824625621969222e-01
-2.947887737265487140e-01
3.066438141311063625e-01
7.907196957624314237e-02
8.130827044503595724e-01
-9.409537603285675345e-02
4.072455803907682470e-01
-8.341101700752180381e-01
2.866462618617423019e-01
5.298160233740324410e-01
9.695404580873744349e-01
-4.548230260576059392e-01
9.972283408459847731e-01
-8.424837546835310942e-01
7.307804075663694165e-01
-5.910466639521598786e-01
-8.226024191671564845e-01
-4.009703401834569525e-01
-4.611259657509769738e-01
1.850478912634234696e-01
-6.044215757667145139e-01
-6.664686484298849578e-01
-1.490075663046767224e-02
3.445080843433562245e-01
-7.112297403107218363e-01
2.905717118215169203e-01
5.946900078365493503e-01
-2.631390809593304320e-02
-5.508879814167251254e-01
3.672245546539846250e-01
-6.689082468505844203e-02
-4.000026496001207743e-01
-2.258937320178467378e-01
3.748488594277142316e-01
5.685415779637302824e-01
6.265370452665911527e-01
-6.284136332455956264e-01
-3.434324586680045921e-01
-2.184605425582050175e-01
4.021405774620551848e-02
8.515408804460413705e-01
-3.175333352299214429e-01
2.225917805445713771e-02
2.953174796677453529e-01
3.113985821280510491e-01
-2.417743890990808608e-01
5.453445555965442670e-01
1.739270670177096023e-01
1.600681889676021097e-01
2.117636000959944031e-01
