4.755579098885437950e-01
3.474808180263693203e-01
5.188539008954339005e-02
6.075678726979351352e-02
5.902724238639338594e-01
1.914297733374426547e-01
-1.713070574259600021e-01
-4.539145230818408816e-02
-3.745473898760782738e-01
2.510019615937595372e-01
-1.975141772203097834e-01
-1.988614659107484361e-01
1.739955031557612330e-01
7.823203826823268980e-02
1.161457256923763282e-02
1.795212344196515930e-02
-2.422914269886970728e-01
3.975709366730214023e-01
-1.804959443724742651e-01
-4.439018956331112764e-01
2.161843828413279323e-01
-1.768978695734824691e-01
-5.138560926193656148e-02
-2.518429856457223281e-01
4.005011748901374791e-01
5.870806357692774646e-02
2.713105719964891138e-01
-2.146053155576098659e-01
-2.271220775456735397e-01
2.830016124551939516e-01
-4.546758547657167582e-03
1.358987993939625993e-01
-1.578793641123637792e-01
1.694817216442807972e-01
3.949486508184735234e-01
-1.715474002446608914e-01
8.425457803837984594e-01
-3.135647228305111778e-01
3.446894601330156016e-01
1.290238992420927877e-01
6.375252117091645410e-02
-2.408931996126999209e-01
-1.958776715348792830e-01
3.878384030277943206e-01
-1.684551329284235399e-01
1.041499205998276667e-01
2.778413521725259586e-02
6.398872760603457888e-01
-2.365531215812702037e-01
-4.768871718064217335e-02
1.372121661168425322e-01
-1.221907731574347900e-01
4.944342126011643801e-01
2.263478316613752872e-01
-1.859233671936536547e-01
3.656442872903389874e-02
-9.365561378711825466e-03
6.717878056671494624e-02
-2.882344932599407647e-02
1.842101058238062583e-01
-1.882817432451134587e-01
6.665874514199525702e-01
-6.568166301797626061e-02
1.786173052626722213e-01
6.791398545155197253e-01
4.106665947733728617e-01
4.447022478661810663e-01
8.546185083737095622e-02
6.137795550353184609e-02
-2.867497713161646367e-01
-7.043694579732628913e-01
7.793092380622215765e-02
-2.602132979377171362e-01
-4.903242197271520664e-01
6.890971783904700221e-01
4.259868229517965732e-01
-2.371414201863429327e-01
5.006419664124042157e-01
-1.740683469044542742e-01
2.773455575122790034e-02
-6.051712897250097201e-02
-6.923857846308859032e-02
-1.843521941850570223e-01
3.494595417699553064e-01
-2.520893588602607371e-01
-7.913076713588846900e-01
-4.663290609183982083e-01
1.097647983285345991e-01
4.450686421519651770e-01
3.600937387728070371e-01
-6.469228095486271313e-01
5.935765090255830101e-01
-6.497431553457269082e-01
6.181897366841251351e-01
2.454151856545716825e-01
1.182729322871234751e-01
-6.429813181281579526e-02
1.048547045025449709e-01
1.000000000000000000e+00
-1.001698493911725441e-01
2.545715422006128437e-01
-3.694783616126741110e-01
-1.905043878114696110e-01
9.178727043058718116e-02
8.506765273698065899e-01
-2.914689674125179875e-01
1.141058038489299459e-01
1.709709717730259204e-01
-5.202674366422899849e-03
1.853152303931168143e-01
3.292615572241707200e-01
-1.518602986892390594e-01
5.161788346529136984e-01
-3.102445392503185295e-01
-2.140012292219575785e-01
-2.571186705361222513e-01
-1.329483627147959313e-01
2.514119620861860471e-01
-4.554900905766835484e-01
-4.263425519000587083e-01
-4.093342020573885742e-01
3.916774987203822667e-01
4.116812326317997317e-01
-1.564271704554182768e-02
-1.965528485019985006e-01
-1.000000000000000000e+00
-7.120506806861941484e-01
-5.263887421828723490e-01
-1.581830224400823104e-01
2.663446771855422224e-01
-2.932513570511583456e-01
-7.713472081632533062e-01
-3.082359358642202674e-01
2.337499057522787194e-01
-1.503211771092236027e-01
-4.911734424514240249e-01
-5.447779497964057027e-01
-1.396029771501486050e-01
-3.944538789755980268e-01
-6.409377858880889178e-01
4.656555190074229689e-02
1.784610265564364473e-01
-2.272391222117782494e-02
3.433873742997675116e-01
1.984919428419128218e-01
-1.584211560702544208e-01
4.775258814586394451e-01
-1.915868541886842080e-01
-3.359010625662097183e-01
-4.798240500944430664e-01
3.613462034537501255e-01
3.082758859944292329e-01
5.261780911761119173e-01
2.999374405451465941e-01
-2.331418730415106555e-02
-2.167512188205893420e-01
-7.634646539413082467e-01
4.930014658854744436e-01
6.053817463041013536e-01
-1.770303856121468455e-01
-7.753831996027704676e-01
4.621904722008038924e-01
-6.033939170824631493e-01
3.511286437054071952e-01
1.957508549137562115e-01
-7.116933843215706990e-01
8.611198853958079713e-02
2.210470180063075496e-01
2.205302046945298577e-01
-4.245200160429485337e-01
-9.034346429597106543e-01
-4.963727391922237442e-01
2.983231642391017124e-01
-2.294203051680439032e-01
-2.673460259171840381e-01
-5.733299196157192190e-01
2.895139839732323583e-01
4.360163110150944155e-01
-4.284865646346271983e-01
-2.848945178316112867e-02
-1.245701304423500189e-01
1.098611036034290445e-01
-1.021647206543869479e-01
-2.073014307357322339e-01
-1.791875640984485485e-01
4.227683841312267488e-01
1.622471777045599028e-01
-1.818392202159534177e-01
5.962293672182272797e-02
1.378319231507498521e-01
7.119311418647760181e-01
1.502759345266060920e-01
2.324930592671148322e-02
5.390043101785106927e-01
-1.558157602359424299e-01
-5.131520137430028994e-02
-5.506700695268639256e-01
-4.717887395915948412e-01
-3.055945008177622380e-01
4.567558174308322672e-02
-6.190856638044837101e-01
-2.985399167910940399e-01
6.763609334946758533e-01
-1.368244772987868840e-01
-2.691753300218738265e-01
7.644747797164225256e-02
8.819907875062327207e-02
-2.597788236138910412e-01
-1.525088819168311793e-01
-1.109468198043211118e-01
-2.348256355274234153e-01
1.352427065337660217e-01
-3.165769444811900035e-01
2.108822070926696657e-01
-1.747080128029141199e-01
1.597239970097153183e-01
-3.059436784057717462e-01
-5.946922602936213220e-01
3.110508968790904882e-01
8.394900604595871840e-01
-3.965517918250422991e-01
-1.624330720301395137e-01
2.883818539499156119e-01
3.410785952721187564e-01
4.187495393243855640e-02
3.550146362556052537e-01
-1.927461910977895099e-01
-4.844579335514911378e-01
3.167055565631858860e-01
4.820563082223408569e-01
1.335541168418124050e-02
3.851671583068055349e-01
8.153818423105017865e-02
5.299421549088182415e-01
-1.319331414468218749e-02
-7.496906545349292517e-02
-2.490622766387305953e-01
-2.370397675253704262e-01
1.346442584659870711e-01
5.148029081445420346e-02
-2.384794337205798920e-01
-4.432018604160041786e-01
3.909897768677448870e-01
-1.030554774659453582e-01
-3.440795465743480275e-01
-1.785044133804194466e-01
5.361405727537304350e-02
-2.602902999626322336e-02
1.337136208766939172e-01
-3.201304276184019360e-01
-8.168766092041228610e-01
-5.333332769434144804e-01
4.871503115942382722e-01
3.164699979675720393e-02
-1.090724992097195506e-01
-4.862573318284224011e-01
5.868950888160990864e-01
-2.333701279496628589e-01
4.229546908656826032e-01
1.372417782955940857e-01
1.171874422779884267e-01
7.029776073720890306e-01
2.735845878902169459e-01
6.057931716581649306e-01
1.911948428651282228e-01
