1.027843747635239294e-02
5.705719978439373063e-01
-3.061317821423806818e-01
-2.303017277574812283e-01
-2.499393023374037459e-01
-9.180877690433894567e-02
-1.282557659628795754e-01
-1.941312959914126834e-01
6.960541617815427795e-01
-3.585023877460900010e-01
4.578557164973120486e-01
2.447421609046406266e-01
5.056831056583410700e-02
6.199615096160748795e-01
5.512464556980765096e-01
-6.372084786807838408e-02
3.983098050475493146e-01
-2.363704859353735199e-01
4.214207187539230626e-01
-1.683565667226043575e-02
9.074684442662915573e-02
2.304459115486792997e-01
-5.341264195573061646e-02
-2.532034947182064122e-01
-4.688136490278919932e-02
-3.924908963557883212e-01
6.516090370792387843e-02
-1.284069969420279511e-01
-2.529508596227382222e-01
1.314560603228110969e-01
-2.662492317922273699e-01
7.115050899962294118e-01
-1.029041952518060798e-01
9.169019021101262878e-02
3.309581779706776694e-01
-3.434871446210337881e-02
-7.557363162254306099e-02
1.384145520182356037e-01
-5.745494782639333220e-01
-1.829596736967350479e-01
-7.270301201654361112e-02
6.099269348365996546e-01
1.505848951155834559e-01
-4.866846669410223036e-01
-4.410677523544392908e-01
1.696371989133199920e-01
3.131119704420720629e-01
1.910671155474216731e-01
-4.936988381377226398e-01
-2.562216505047453241e-01
-2.834107222061971187e-01
-3.184421917293134840e-01
-5.192379793070422966e-01
-4.780743590670753773e-02
-1.100093918025323997e-01
5.343211458801105929e-02
-4.583750854500154848e-01
1.705184681925055873e-02
5.167039195101661431e-01
-2.844971529395334264e-01
1.679515637134813277e-01
2.737919421179418888e-01
2.413845957787074115e-01
-1.826209127996576975e-01
1.958115798549168729e-01
7.984835989259148059e-02
-1.437342242458694852e-01
8.065062245216175763e-02
3.184215251241911404e-01
-1.684026695264537465e-01
4.826682921567468920e-01
-5.973879930918610248e-02
2.047241046359136660e-02
5.566863449739190006e-01
-6.466999776146601375e-01
-1.772822517350882143e-01
4.831872393698396495e-01
4.052596040172498082e-01
-3.354293920976060828e-01
1.912514323893860502e-01
2.847276382924265881e-01
-1.610380178833444587e-01
-5.278874338535186617e-01
5.826081820279952472e-01
-2.209218175053582200e-01
1.432424779855407393e-01
-4.936138575747935353e-01
-2.721864464352171664e-01
-2.076347059479856649e-01
9.804308438527860325e-02
-6.814286867944645554e-01
8.124226060274737649e-02
5.752404710076653993e-01
-2.692697682100669843e-01
3.467613800002284363e-01
3.412909265184522201e-01
2.293964244247398421e-01
-5.546905973068159135e-01
-1.474853462453857011e-01
3.472519852677991709e-02
-3.598116411017386329e-01
5.568500953987047808e-01
-6.926788259450732121e-02
4.114823406977599074e-01
4.733142091364786475e-01
-4.707942947158653135e-01
6.390839187117067777e-01
2.018167737859107858e-01
8.019614733910077065e-02
2.407964804749613275e-01
-1.672436921083721162e-01
-7.611115699935890877e-01
-6.621112666583448547e-01
2.448638289719589634e-01
-3.114823908584323231e-01
7.336039174922631689e-01
-3.970994378091691757e-01
6.268944684499048181e-01
7.892566592849913354e-01
5.206029431747393188e-01
-5.225044707310212422e-01
1.326141816263748385e-01
2.751632461985384914e-01
-5.385521914759199280e-01
6.240697402657745529e-01
2.235866034735941588e-01
2.332458333446877086e-01
6.684192839103118011e-01
5.480238650794052591e-01
2.291185799470004392e-01
3.149838865194107829e-01
3.650132656818584342e-01
-2.653792448247520031e-01
2.617914443502940003e-01
-1.625603067492264464e-01
-5.156444090680761816e-01
1.000000000000000000e+00
1.289764244231472734e-01
2.335065094360366800e-02
5.135136190270839229e-01
6.591978238650795241e-01
-4.067908985242674191e-01
-5.658808902784999706e-01
-3.215272351220551106e-01
-5.804148823432526971e-02
-5.190278134050009262e-01
-2.044673497420760322e-01
7.094044873391807532e-03
-8.202962432490357170e-01
-1.692840638186627888e-01
9.497087068550733036e-02
2.432153705127934051e-01
-2.005350424271980514e-01
1.038471072984385180e-01
-1.092663303251926454e-01
-6.990605092010029331e-01
3.123903536099649214e-01
-3.161096409619310044e-01
5.151444612317146454e-02
-6.484536663441206605e-02
-3.193576351997614027e-01
8.968301326894478898e-02
5.448483414192729635e-01
-1.478846227540261682e-01
-1.488208720201922852e-01
-9.018370260653982284e-02
-2.408016943437600588e-01
-3.215349766333836512e-01
3.102812298664410773e-01
-4.259322146474021631e-01
1.341771116458815305e-01
-5.905962299045663944e-01
7.181687203418292142e-01
6.333371469655548758e-01
-5.134292429414268888e-01
8.644648647752710413e-02
4.216793436366242376e-01
-2.247753364523356057e-01
-3.452510318879792872e-01
-5.132727757329006435e-01
1.589395465501414473e-01
7.817726117637701089e-01
-1.104307063935690628e-03
5.754732187607451976e-01
2.790872676135803254e-01
4.098055206910052872e-01
-2.915660298943661966e-01
3.363677659860099256e-01
-4.665934275279347010e-01
4.019746507739068719e-01
-5.236613421588593997e-01
-5.900569901913597093e-01
-6.359802834355932077e-01
4.571025743841727884e-01
-1.182799065436696273e-01
6.240623011826278432e-01
2.973800914921801430e-01
5.453276856896749347e-01
6.367571178239849194e-01
5.002793987721536606e-01
4.734292803161078145e-01
-3.082210101989898976e-02
1.652317410007401455e-01
-3.416587529554725444e-01
-1.373521928082274690e-01
-7.193341633156025150e-01
-2.194468683255949570e-01
-5.947798536815328552e-01
9.233559905612555019e-01
-6.142418819004542563e-01
-8.423774464388267269e-01
-1.932308940083027338e-02
5.454712614523036240e-01
5.083091261841272690e-01
-1.093741630683173760e-01
5.864360953055555159e-01
-8.017225802035822524e-02
-3.195978018066340520e-01
4.288731955236492199e-01
2.069701781490257964e-01
-2.418500966532469709e-01
-6.419213371250281908e-02
5.048337877598683132e-01
-3.466074242684093476e-01
-9.166470430486453047e-01
-7.143644742811623427e-01
-7.941252610173719084e-01
3.954584603817015709e-01
-3.034197154818291109e-01
-4.258026156952591235e-01
3.631205106277271000e-01
4.631192511370508802e-01
5.259683543722306620e-01
-5.220201692970981577e-01
5.618036981835129451e-01
9.185760837839362924e-01
-6.736011480666905804e-01
2.420214336885355699e-01
-4.846694566631856715e-01
3.654105857386193978e-01
1.046413403255286312e-02
9.306247353343266582e-01
3.028335631379082127e-01
-9.503615089497088331e-01
-6.601505057532275345e-02
-2.016120874926528028e-01
-7.539393355947592301e-01
-4.819728537825362924e-01
5.873556418145537972e-01
8.210393143292669116e-01
-5.285001513312850285e-01
-9.931242587222919305e-01
1.613726602234843155e-01
8.238007421016741993e-01
-8.035989572813007076e-01
-7.583032564066769510e-01
-6.098732761516406642e-01
3.148698032979247927e-03
-1.010072599539744709e-01
1.949126433857590324e-01
-1.972743982777250826e-01
8.821605494284002758e-01
6.430993591424338796e-01
-2.208198422469535571e-01
7.057344242469441031e-01
