-1.580816086289640876e-01
2.723220354922978870e-01
4.138912011200450158e-01
-1.894412685607630986e-01
1.355004535938599819e-01
2.774557724683999194e-01
3.254997754119298148e-01
-2.143440689195335452e-02
4.786341056664601967e-01
3.236002351215491735e-01
-5.990506997530458538e-02
-4.229517108828138583e-01
1.022444509393511392e-01
2.165031353372327549e-01
-5.139587718112061110e-02
-3.591292517867659684e-01
-2.960075150192794657e-01
7.913342743986749583e-02
4.180017192654724711e-01
-1.313501742165794905e-01
3.631366127742541861e-01
-7.375159455389539154e-02
5.670794392731003386e-01
-1.203617739757731619e-01
3.306620402433894101e-01
2.131602503953241301e-01
5.098279976976267669e-01
-1.133875389485868718e-02
1.000000000000000000e+00
-2.142314220585372631e-01
-2.171181705998630473e-01
6.824298314658128195e-01
-1.338391434674144342e-01
-8.369004034269551529e-01
-5.740046087545291886e-01
-5.153649042166676963e-01
3.226637838446325679e-01
-3.340395341198789669e-01
-6.363339831992129714e-01
6.540225135704464954e-01
-2.520546242474527854e-02
7.168075284303884187e-01
-5.520044100839642809e-01
-9.343822783978800173e-01
4.088697094134140508e-01
-8.644473294458983048e-01
-8.170504574545509602e-01
-9.613479879447012211e-01
-8.626882239428029786e-01
4.172255424222059972e-02
3.217856837277850435e-01
-6.177245115635254802e-01
-2.264360700622699285e-01
6.213590403650803839e-01
-9.133823771915992040e-01
5.743233717613296374e-01
-8.723027268313610083e-01
-5.841067039223299950e-01
-4.136604439532450828e-01
3.197280647804516818e-01
3.303526547170698713e-01
6.899661077419072530e-01
9.773297654475452401e-01
9.217307727790400307e-01
3.012744125465414147e-01
-2.204616121898960446e-01
2.736895666075180034e-02
7.919353501345994806e-01
-1.643407835545922513e-01
4.688906788574320750e-02
-9.799137883814379446e-01
1.647456456960863513e-01
-2.530836099187015742e-02
6.152295796004276784e-01
-1.000000000000000000e+00
-7.075754431802896427e-01
-5.063839715643478900e-01
5.786045082390611771e-01
-3.819432763031778144e-01
-6.953611769343650550e-01
-3.778803758116169309e-01
-1.000000000000000000e+00
-9.185270969248372497e-01
4.855004944888969831e-01
-1.255549409517235371e-01
2.355281516033419786e-01
-1.809642308904348962e-01
3.777926354663385666e-02
-2.895436200062384557e-02
5.442047421913442928e-01
-6.136808973705282222e-02
-2.385295067348371378e-01
4.419660465153052997e-01
7.612885743260291438e-01
9.077887913677065157e-01
1.731705741649476327e-01
2.320744147392481693e-01
7.533262670629309321e-01
-1.131044822062903521e-01
-3.146037428083441334e-01
-2.604297185827513239e-01
-3.652560914714233498e-01
3.160054149963037462e-01
-7.663479690058792038e-01
2.807053682950089168e-02
3.981909465360834455e-01
-7.857488495163945652e-01
6.957188588031351095e-01
1.200269218170275654e-01
-5.354493937647994972e-01
-1.000000000000000000e+00
-1.000000000000000000e+00
1.000000000000000000e+00
7.541853363650661279e-01
7.383835490530646917e-01
3.871400860173201952e-01
-1.000000000000000000e+00
-9.482211310404737858e-01
9.108414515015583746e-01
2.453138269741261257e-01
3.258091251124635157e-01
9.422267079017964120e-01
1.826621537013699559e-01
3.599285761086770119e-01
-1.966197845294987701e-01
-2.199105658804760832e-01
2.327957662959843077e-01
1.225737170690461009e-01
-9.619952413595638241e-01
-2.617450245659727059e-01
-6.638621965833910732e-01
7.081755333619281778e-01
3.009201074190401837e-01
9.721010331259074544e-01
-1.525569170634246408e-01
-5.443884052191569900e-01
2.856545261926677348e-01
9.465973337436328627e-02
-6.710259412037885562e-01
8.490194292409694032e-01
-5.762561445033791419e-01
5.106156689850764874e-01
4.861230417208417531e-01
8.640263973526558505e-01
1.473404333884915651e-01
8.010447447918185304e-01
9.147457880634355387e-01
-4.494158139308631617e-01
4.371555536145883547e-01
1.000000000000000000e+00
-3.228373388154539558e-01
-8.733632711067862431e-01
5.015873807226548520e-01
-4.893111638901880833e-01
8.019887221141948075e-01
2.829905288368628202e-01
-7.740890883866162753e-01
6.744529079823164963e-01
-6.481372335378061678e-01
2.297348399466535851e-01
-6.406845285201026030e-01
-4.465179967192527410e-01
-3.349757795080237077e-01
1.357831330367087475e-02
3.443669534488680295e-01
-2.530936253679840764e-01
5.499031057124611488e-01
5.558308599493013702e-01
-5.720873056370021636e-01
4.646194397903766760e-01
8.125660062195565470e-01
7.514037482816098290e-01
1.660634334541429002e-01
-1.416892138515550847e-01
-5.978118410931936300e-01
-1.096195154353204471e-01
-1.660858528445426363e-01
-3.011316679407545216e-01
3.730229735861350093e-01
1.252225317102406144e-01
6.318383555945576990e-01
5.235911497833478645e-01
-6.576546458503522707e-01
2.798789017882624131e-01
-9.888589873547146691e-01
8.307947419548111778e-01
4.245081139044970531e-01
5.999023338865361321e-01
-8.743990034098081399e-01
4.411675974194342320e-01
6.860185681914322542e-01
-5.109259976461936192e-01
6.003314057847197738e-01
2.814646064364147993e-01
-3.483252847101971916e-01
7.656599431514982124e-02
8.852895232705653150e-01
5.917681851648055602e-01
9.340774045650898083e-01
6.327675703550585951e-01
1.778722297218255088e-01
-8.204688003905442617e-01
1.236826277444487143e-01
-9.199150005110192652e-01
9.878075714265616147e-01
-6.999572523102304267e-02
7.559096164062116818e-01
7.157439777087040156e-01
-4.326831157689017271e-01
-5.256596438302328922e-01
-2.002466687527902911e-01
-4.283632017810790060e-01
6.229146174464876839e-01
-4.197297752650369640e-01
1.000000000000000000e+00
5.595636007838156178e-01
-5.407223336784043877e-01
-4.928331269428132266e-01
-4.772588038960607904e-01
6.477074495700803070e-01
6.819705126116817340e-01
-1.000000000000000000e+00
-4.368690616281376560e-01
-6.174563824971202042e-01
5.579224426285600558e-02
-3.514803079481714221e-01
-9.968691122848583053e-02
-8.436457651750065567e-01
8.741924013960039597e-01
-5.420470632445616166e-02
-2.728179639567185344e-01
-4.815075971482206674e-01
8.108020048744261077e-01
-2.753946585341808806e-01
-1.130240934347437332e-01
2.542935836913328695e-01
-7.635067215829867138e-01
1.000000000000000000e+00
9.823391018888310011e-01
-1.948078072471264854e-01
-8.639654050998453183e-01
3.711495792508696656e-01
2.667707421675987733e-01
6.698810856354602272e-01
2.575255651773062926e-01
-6.057909381033754759e-01
-3.640990017685618030e-01
-4.294008192329540896e-01
9.641090858785075213e-01
-9.484542460818515819e-01
-1.637394588398888295e-01
2.915851153910816174e-01
4.186762822504907500e-01
9.694469121295901104e-01
4.065022461510526819e-01
4.547304193343006118e-02
7.414607479662247425e-01
-9.414388862372838895e-01
8.576116228845354073e-03
4.327936367244775706e-01
-7.167179925713158539e-01
2.572279156799599509e-01
-5.127213752457475682e-01
5.150501028713834195e-01
-8.816490129730634173e-01
