2.910976538922402934e-01
2.710971662895113599e-01
1.348533022261791392e-01
-4.239322403175936615e-02
3.024652863005886094e-01
-4.000436897044855611e-01
2.889015042040867232e-01
3.499060684862467102e-02
1.262112622870414369e-01
1.717015073464356334e-01
5.641313871130462232e-01
-3.213728897926883266e-02
1.825045740852773435e-01
6.193983785422731980e-01
-4.988872715367626692e-02
-3.050821068919480350e-01
7.488034262364097193e-01
4.929107461523330458e-01
7.017120338847654404e-01
7.264995920685278774e-01
6.592610760635784876e-03
-1.033660139295152630e-01
-4.007755157731386353e-01
2.482925986141389096e-01
-2.345833680566204726e-02
-3.145389919009838886e-01
-8.154002136734035400e-01
4.335341314267631141e-01
-6.807320200181743441e-02
-3.440903320377108887e-01
2.646890839785435157e-01
2.714758095261908255e-01
3.705662657552339367e-01
-7.415711434326165141e-02
5.698446960471849065e-01
-3.682585280768330138e-01
7.687061006768621807e-01
6.115362777595736432e-01
-2.172829504129716316e-01
7.824199093138616279e-01
5.923271926091064898e-01
6.557756095031092025e-01
-9.224859665561038757e-03
-1.627099884013587516e-01
2.740504848562351214e-01
4.793266632297231156e-01
5.215010340737086247e-01
2.045721671490181304e-01
6.304022022648932966e-01
6.629549657477121771e-01
-6.320272560365614023e-01
4.274312506189386074e-01
-5.252957922934914370e-01
-3.927981145740211399e-01
7.212645164621975802e-01
-4.787207988900875066e-01
3.446855631975512257e-01
6.773487755098217544e-02
-3.638727773409142219e-01
7.047798771233080295e-01
-8.351546686906585748e-02
6.826301451447974733e-01
1.156226882594006125e-03
3.809317203671402363e-01
6.249284435279465200e-01
-5.302900027501763480e-01
3.265013866774589268e-01
7.320260642412148577e-01
-1.763894144846153700e-01
2.294418310029398833e-01
-2.618556903311363149e-01
-2.245778074623521470e-01
-2.438294817262883496e-01
2.707665861066223534e-01
-9.308352645047335283e-01
-4.320347783910212236e-01
8.079509510125110205e-02
-4.441164766824408638e-01
-8.383678939577651201e-01
5.035501090386240025e-02
4.347875094886149427e-01
3.556208135965804873e-01
-3.379836412556339598e-01
-7.337681424947150033e-01
-2.075233597481012937e-01
3.386541827031220309e-01
5.876634534522509057e-01
-3.094404913287036596e-01
-1.345420913549283115e-01
-1.858752590633457324e-01
6.043219518018988490e-01
-5.839792059226757148e-01
-3.561517841216110258e-01
4.850626591739595206e-01
6.098619854190006073e-01
1.017487713656801823e-01
7.097544694107873475e-01
1.769124281102208741e-04
2.179650445072480180e-01
-4.519303089343772173e-02
-3.698671738762685512e-01
1.109919460970884564e-01
4.704287146639479777e-01
1.167362107859003101e-01
-2.677863378240103245e-03
1.823649603867855962e-01
-7.612410759621409673e-01
3.151011268613203575e-01
-5.603421728977415750e-01
3.950034695226739556e-01
4.326673692372337565e-02
-1.773042712591813008e-01
-6.547925201925809402e-01
7.960900598499098813e-01
-5.989541523056864797e-02
-6.201763128490441757e-01
4.935457486911786762e-01
1.540563042975895691e-01
-5.722094101266312904e-01
-5.827001985550700480e-01
-2.594270866041602508e-01
-7.682342364836678428e-01
-6.079993828443959192e-01
1.299618561314289447e-02
-3.464647346297866082e-01
5.570349878493078277e-01
3.360625640194466190e-01
4.508543176232907568e-01
-2.081238697652622038e-01
4.757058690544113122e-01
-2.028990923760541909e-01
3.588560878536045662e-01
-5.049302846420126167e-01
-7.513834432387193063e-01
2.781897255897041732e-01
-2.039508527726936471e-01
-8.725043171816939669e-01
4.063837281785204758e-01
1.406500340183150233e-01
4.483780393448690282e-01
-5.064813020531038212e-01
-6.261139958971395636e-01
1.184816630441825197e-01
-3.589195618670375509e-01
4.117356139492149569e-02
1.128268213234887712e-01
6.471533866410713598e-01
-4.187491458609114425e-01
5.912523435138189454e-01
3.770407491128355271e-01
2.785331795281194567e-01
-2.468173182871647442e-01
7.160409654681648695e-01
1.149697687505449040e-01
-3.695514767711754467e-01
-4.547440091922260175e-01
-2.332730290525691919e-02
-5.175531283757456302e-01
7.081872214464637327e-01
-6.668535103588590918e-01
-4.801763902524571193e-01
-1.579557286082476988e-02
6.790878930035219030e-01
-2.771250028545280131e-01
-2.959183269319701735e-03
1.325298040836008218e-01
6.913745816189138527e-01
-8.366836226579538183e-01
6.651634423511788574e-01
-6.222651054073828902e-01
-8.413235925770254364e-02
-2.573544451479213846e-01
-8.071804870965731959e-01
2.861353294646620249e-01
1.577958158048690385e-01
-1.676283000428609449e-01
1.002731214233008455e-01
-6.708787459218313876e-01
3.584779829737961415e-02
3.929092444538906034e-03
-4.213875223029926453e-01
1.399306678277466853e-01
-1.952120619046548433e-01
-5.608349900890554629e-01
4.476594036748714478e-01
5.785230390131026468e-01
4.093822272268182183e-01
5.094419299428701864e-01
2.865942299173557806e-01
2.396033058271068994e-01
6.093116768703272790e-01
-3.280371055724416451e-01
3.859304051959048798e-01
-3.716238933019746504e-01
-6.973054507224151211e-01
-2.605057175109261047e-01
4.765670243404735995e-01
-3.258544471409916543e-01
-2.259374529289573941e-01
3.244082641755812180e-01
-2.298350199052185544e-02
4.908268505519836622e-01
-1.058637942538806082e-01
1.916838237417778368e-01
5.529403090278930399e-01
-3.026909654928778837e-01
3.029068417147932069e-01
-5.988700649282524546e-01
2.961626780437613959e-01
7.716125960069888934e-02
-7.502284230264043563e-01
-4.874527776063555806e-01
-6.732485595751273033e-01
-7.237198493990948389e-01
-3.653236504600927415e-01
-1.074296512043622365e-01
-2.710750496901442874e-01
-3.999185028478456638e-02
5.735360397234331442e-01
-5.990716845373184052e-02
2.249912161536484489e-01
5.192985474610084529e-01
1.839654878245986780e-01
-5.860256883221998114e-01
-4.776501571259186285e-01
5.981784543956751854e-01
-9.722914303982022055e-02
-7.164518475976662248e-01
1.660024468996966485e-01
-5.867028159785783181e-01
-1.290752313680241792e-01
-1.492383811821087480e-01
-1.475230335534482018e-01
4.158961664130230718e-01
1.351937880532174951e-01
-4.922580502441833983e-01
-4.520349814094994784e-02
-4.594548292969980463e-01
3.499148570229135835e-01
3.973139383399955649e-01
-3.348592759373664185e-01
-7.773361214590033264e-01
-9.257669511384952754e-02
2.130447825969768449e-01
-2.232507935676092403e-01
-1.582920114010610280e-01
6.811676425083981190e-01
5.384065241848094707e-02
9.692917676871884436e-02
-1.943195306393482313e-01
4.066514499445922359e-01
3.172199488610547014e-01
-3.600044708062849486e-01
4.569162559241727317e-01
1.967442973196931455e-01
-9.002090695786040264e-01
-3.157931389299496461e-01
4.546821035232895825e-01
-1.705705641381961013e-01
-7.914221492578391026e-02
-6.205927376945118423e-01
1.153046116658548031e-01
4.468610705047294795e-02
4.589659909086013512e-01
2.634742125649646161e-01
