2.260374135526928632e-02
1.874816827414314824e-01
1.220163556592501752e-01
7.390219095344016109e-01
-5.133019440551814250e-02
-6.212948997073971524e-01
3.665293778127305391e-01
-2.825810713665537488e-01
3.065569302268463248e-01
-3.559245834526264529e-02
-4.370076030354257957e-01
2.051441884310496178e-01
4.155778690185360502e-01
-9.913666829735209851e-02
-2.931921835033526880e-01
4.632329741172824256e-01
1.316574264774876268e-01
-3.472669121705715956e-01
-4.320189760556315539e-01
6.164731874983209181e-01
6.779185911071379245e-01
-5.611410022938870812e-01
4.462236797860656412e-01
-2.882278014165146063e-01
7.706506559338082152e-01
3.617989574301117006e-02
-1.968734818086191052e-01
-6.154046419814274138e-01
-4.948064045188774740e-01
6.082919310500012333e-02
-1.592332969267011289e-01
-2.148247467764827223e-01
-6.412008495522678042e-02
-2.382132971848555103e-01
4.529139538072615712e-02
-7.571043670241153212e-01
2.915446880486785020e-01
5.055475935818811717e-01
5.702549469789208736e-01
4.876754375775751438e-01
-5.248155376096110825e-01
-3.042289715420041230e-01
-5.324318091368043238e-01
-3.630141697383815758e-01
-3.634142570069415212e-01
7.130313216826537071e-01
3.967452420998782703e-01
7.258652255763944350e-01
-2.306723083712736710e-01
2.826172432896505993e-01
6.272706609526734756e-01
-6.944044171800940468e-01
-6.951135581873615354e-01
-5.899516134431087577e-01
-5.732906459284310419e-01
-1.377112277463723999e-01
2.870795835258277418e-01
3.142556185096210819e-01
-2.804649574377465759e-01
1.765812752586701784e-01
1.603278052355323335e-01
3.942485200846800319e-01
-4.831415187779833920e-01
1.503530731626549766e-01
-3.772117520693982762e-01
-5.957531227568546583e-01
2.678673772010459753e-01
1.732501002649282640e-01
-4.930124582996047167e-01
-2.271998159913729554e-01
-1.800931408888822027e-01
-3.492178379241253072e-01
1.911712466623400886e-01
-4.130330559307354155e-01
5.590351871892867974e-01
-9.038388508620726070e-02
-2.108372157522448581e-02
5.031211743044287088e-01
8.553805318384269385e-02
2.422333199659401637e-02
9.432350157119728795e-02
2.329073130587650149e-03
5.358302590097068219e-01
-6.776291328053358765e-01
6.276139716672682334e-02
3.382732612348153256e-01
-1.220831771167457530e-01
5.392205752192288370e-01
-4.081730545911055330e-01
-4.462934255216348123e-01
-2.398676350279770331e-01
3.960420950932355688e-01
1.465667383644732868e-01
-3.248979008265953095e-01
5.381724222313943873e-01
-5.897364131470245185e-01
-4.038639753927389386e-01
9.159893111171130142e-01
1.236429651661557494e-01
-3.418822076569083546e-01
-2.044546401603333785e-01
7.337636432957578281e-02
-5.848503067387251786e-01
-1.131244801577865056e-01
-1.936452697049113880e-01
3.347076745197058445e-02
-4.536404511630383607e-01
1.881076265359650779e-01
-5.145848964503685341e-01
7.536075896949581132e-01
2.313610729959221790e-01
-3.531439475272344919e-01
-3.609219709204619653e-01
-1.393205340994018160e-01
-1.964549403894044755e-01
-5.276188087592222908e-01
3.327697455856559183e-01
-6.115317974707451532e-01
-1.664009889604489978e-01
6.886850027161416088e-02
2.771446450978731768e-01
-5.068655094543038642e-01
-2.016997564367989659e-01
9.120863165289178065e-03
3.331256748910852439e-01
-4.081104789262651744e-02
-1.771272710672938400e-01
2.650609607347780838e-01
-4.605207777588250784e-02
3.630390515602696100e-01
-5.597369677046545311e-01
2.875525146710943836e-01
1.224973957899672117e-01
-1.686852344218377486e-01
-1.633212197054314530e-01
-7.180055143568710163e-02
5.748072666458664548e-01
2.717983418324834699e-01
-1.994824670126199295e-01
-5.946171881665620607e-01
6.733995504377437991e-01
3.745420472175897686e-01
2.016365627059631960e-01
-1.220841799643622577e-01
-6.835589799092326446e-01
9.242976069995192945e-02
4.841460133048768044e-02
4.904557144367932553e-01
-6.840187278284383110e-01
-3.568113474822021125e-01
1.526338417926361157e-01
-1.655762787989220608e-01
2.772336994318713721e-01
3.950552951470022167e-01
-4.850412603510101395e-02
-5.801127859788249852e-01
-3.116896043242085024e-01
-1.115165704239566707e-01
-2.538084982737432993e-01
3.376373465575351340e-01
-1.810067466231443933e-01
6.762881817982543398e-01
-8.315309185841603112e-02
2.560127374756294150e-01
4.871396572166078465e-01
-2.721630874637525066e-01
6.563365281426989384e-01
-1.383225570657420911e-01
3.071675794537214177e-01
4.913616971569912395e-01
-4.400252310982791792e-01
3.365195771536648728e-01
2.825406485557122593e-01
2.529360002015019204e-01
1.827597273369047370e-01
3.734986983871956268e-01
-1.848267162230172664e-02
1.523557375460740104e-01
-4.629330486694400726e-01
-1.185064884742019486e-01
2.255406543748701420e-01
-6.135442843552229020e-01
2.000042761228300048e-01
6.385151859747433267e-01
-5.139865049091938420e-01
-5.291397023907686847e-01
4.988705445980946007e-01
2.302418258083581137e-01
-2.603478683123676696e-01
-1.640092069797700058e-01
5.545894306854747269e-01
-5.396457704461208316e-01
4.337186999129159504e-01
-5.960618686131971544e-02
-4.365931817934075032e-01
-3.078321756630210682e-01
-2.638217313939614228e-01
-4.929746360950536532e-01
-5.779654251343323557e-01
-5.525657311622202972e-01
2.356888129740402626e-01
6.109389445501375304e-01
-4.419364020054129538e-01
1.750814802951191074e-01
1.942882086544842901e-01
6.515327300333569882e-01
-4.785311052059290082e-01
-1.478060384776856695e-01
4.599704351348838927e-01
-5.511470911016940200e-01
-3.166136909350437262e-02
-1.918700856233369056e-01
1.056411842484894781e-01
2.230208659013981354e-01
6.220012359441380312e-01
1.264389019336297215e-01
-3.358368244672704783e-01
-6.041373743739474056e-02
9.977425378400156530e-03
1.891089800815820843e-01
-8.546235013693573301e-02
-1.901776639301855365e-01
8.331227617220605675e-01
6.795952466513087709e-01
-2.975664566372601127e-01
-1.396830125314747484e-01
-6.876251361821303365e-02
2.422270577735125552e-01
6.523953261032415796e-01
-1.183542378946811705e-02
5.380225838257424176e-01
5.933211385891876688e-01
-3.303367319842247518e-01
3.684813893302449905e-01
-2.660886129745025919e-01
-2.237727840710639349e-01
9.453829396273172314e-02
7.649512598710225819e-02
-1.592801640638736860e-01
-3.833597923194783652e-01
-1.163464625663643004e-01
-3.199518947905294342e-01
1.419159495390207304e-01
-5.200317549522665006e-01
1.793275236022839336e-01
-3.755615684221950690e-01
-5.156598876072091553e-01
-2.324892561830004256e-01
-4.583985957908063430e-02
1.444161792560017532e-01
-4.653608188812937141e-01
7.624355596042312055e-02
-2.205491605547199932e-02
1.625018374423535528e-01
4.675975940906625383e-01
-5.836782199087267586e-02
3.990788713112465302e-01
-5.055544613995925918e-01
3.395721373121085018e-01
-1.349498240440095143e-01
-1.291627389596394435e-02
-2.490987310991640558e-01
-4.576457126015651689e-01
-1.710558229753424142e-01
3.779138023028144056e-01
