3.022178372006346092e-01
2.354783691861483119e-01
1.733275859710892708e-01
-1.498634555488470577e-02
2.876386260674914097e-01
-4.761885091956057914e-01
3.579178921788978007e-01
8.542328158387488268e-02
1.873753235183259480e-01
1.646853911899763823e-01
3.904063057575929974e-01
8.082496283841553164e-02
1.692628125397661609e-01
5.759360646533546735e-01
1.241552681202720207e-02
-3.281400989528920342e-01
7.709635518009139155e-01
5.330336229788709135e-01
5.969426392796359782e-01
9.040900658878280316e-01
2.836079428298413085e-02
-9.110618229549009850e-02
-4.154849895999212506e-01
2.489214312640017357e-01
-3.648226735222198647e-02
-2.760210994722204214e-01
-6.640891754866584673e-01
4.622011866133063918e-01
-4.881025239102988050e-03
-4.137137069517484722e-01
3.282395099380687187e-01
3.780091638603305659e-01
4.698266870504676507e-01
-8.202844433700812177e-02
5.988453110347833341e-01
-4.477311189196249708e-01
8.046631032913387216e-01
6.057555425540285254e-01
-3.044819430149253714e-01
8.228376823789304018e-01
6.741155666796452284e-01
7.132437797036803584e-01
-3.388026987417834535e-02
-3.049551889892535561e-01
2.680151546425089681e-01
5.561177900455230860e-01
5.133653759453610244e-01
3.425764415046589351e-01
6.950252505348682996e-01
6.832674494561834511e-01
-6.383641872286318630e-01
4.319173837594083576e-01
-7.724142629337085175e-01
-3.748562558424847757e-01
8.159727983823986674e-01
-4.648534446152960964e-01
4.813163443398164043e-01
1.084775700964311917e-01
-3.815453192488043599e-01
5.877309974427585848e-01
-3.221207258881925162e-02
7.722600977467612982e-01
-6.212485300184665549e-03
4.330603529004111718e-01
4.698708126818440522e-01
-3.182113972245348976e-01
3.249276684431952611e-01
8.644389043190026101e-01
-1.535432423443860717e-01
2.590171835422055424e-01
-2.807390919810073826e-01
-2.721966134150761718e-01
-2.658542239916470984e-01
3.178449713711868352e-01
-1.000000000000000000e+00
-5.231923973407947015e-01
1.377172981924771333e-01
-5.276870405113401885e-01
-9.553742301938992210e-01
-1.776770535380325922e-02
3.328003715654681560e-01
3.663841119332288399e-01
-3.974983901026424293e-01
-6.885464385987547509e-01
-2.393834198811662650e-01
2.914815986748388599e-01
6.397192643762308339e-01
-6.114594864638521754e-01
-2.703932480419472539e-01
-2.294627683620950875e-01
6.897619916948818375e-01
-6.846387516641956328e-01
-4.768638657794101454e-01
5.248197325161393367e-01
7.274762445214362216e-01
5.392181340482111312e-02
8.731159852170878866e-01
-1.175717373575047575e-01
2.385095828956252384e-01
-7.025346755044485636e-02
-3.713094728254091037e-01
1.681404065606488807e-01
5.962201495750694136e-01
1.129578687321855790e-01
-1.489834259169752484e-01
1.196737523029243466e-01
-6.991068390553074607e-01
3.005471605620846920e-01
-8.762836430540649202e-01
4.901055408826421322e-01
5.967855498588167662e-02
-3.300478644605530643e-01
-6.948108334086160465e-01
8.443486470819232537e-01
8.079528751172085355e-02
-7.578361825929882389e-01
5.740144211332156576e-01
1.869179023001411588e-01
-6.672566505816651672e-01
-6.949451567305019450e-01
-3.454352684136089979e-01
-8.981410130410569792e-01
-7.238351806913287945e-01
5.774154989778548103e-02
-3.646315094410451096e-01
6.358676934131752834e-01
3.251318279836883929e-01
5.125429205680461786e-01
-1.834385582195194875e-01
4.907253982176293938e-01
-1.563555291983556583e-01
3.847580847194708165e-01
-4.298014682533408681e-01
-8.120234494262963398e-01
3.077568261315547504e-01
-2.792818815172096736e-01
-9.438155690906362416e-01
6.690082020464007684e-01
1.031323483045182843e-01
4.696989959809890203e-01
-4.926135153208371920e-01
-6.437148830373647934e-01
4.088532996310668272e-02
-3.079918727755079910e-01
-3.488763967702542684e-02
2.050441229213961769e-01
7.535212890468532265e-01
-4.547900490158730546e-01
6.001901755042612363e-01
4.304395951311119628e-01
1.939126977206546698e-01
-4.027919727759233792e-01
6.207558924982468085e-01
9.478928778031942004e-02
-4.125168504403835534e-01
-4.979218677222747580e-01
3.317140817755654530e-02
-6.102181520380536295e-01
7.640224693686344937e-01
-7.953674516717480492e-01
-5.045127022347374313e-01
1.631266236124379598e-01
8.378055770314256634e-01
-1.090006508299422305e-01
-1.653784201975465676e-02
1.657207147035199835e-01
7.749027383414832659e-01
-9.039037559133310529e-01
7.776219470612154572e-01
-6.596810296666115736e-01
-1.335651567959082464e-01
-3.015755673908060430e-01
-8.180086845104876936e-01
2.848093857677661545e-01
1.402917870041892612e-01
-1.559262985563996673e-01
1.208811198991488339e-01
-6.790150994213161040e-01
3.525474294175490186e-02
-6.642517762028041228e-02
-5.763330365386134524e-01
1.893483511706084421e-01
-1.771102842012845513e-01
-5.448657987329229568e-01
4.429355079295112518e-01
6.010260446701622961e-01
4.837327990989281901e-01
7.102196102304985104e-01
2.546095366927910719e-01
3.687635910487128132e-01
6.361359319744862573e-01
-5.053693518029940268e-01
3.850273530337846029e-01
-3.812224598403901599e-01
-7.879768294279356766e-01
-2.791490762665084779e-01
4.921764287618222156e-01
-3.476969409797042165e-01
-2.332060112424658160e-01
3.904800236042075823e-01
2.843540469799507586e-02
3.530775496479000575e-01
-1.168861198669224055e-01
2.054326823536948843e-01
7.238660235140106369e-01
-3.479126617894667262e-01
3.780659212437856853e-01
-6.491357333359607518e-01
3.706154890971292692e-01
1.112043482899970903e-01
-7.557357351427389514e-01
-5.306572196997709767e-01
-7.390695149751368431e-01
-8.439123747513470608e-01
-2.466213590583802018e-01
-1.055676654326041380e-01
-1.663036396530274130e-01
-1.293116008332680644e-01
6.431952415765129771e-01
-9.487214221440146145e-02
2.609103739463119465e-01
4.630867608369247934e-01
2.404828564780534528e-01
-7.168907702241336111e-01
-4.925231152762243880e-01
6.193356849553894872e-01
-7.993957513782351532e-02
-7.379522291925898481e-01
1.914525018307284276e-01
-6.363601414044258719e-01
-1.911396525229228649e-01
-1.440571663115296219e-01
-2.128362910175286005e-01
4.407954443013539225e-01
2.119611062774225674e-01
-5.492576339584505085e-01
7.633276740979476165e-03
-4.718253764344725321e-01
4.709651754374492572e-01
4.332811014947070549e-01
-3.939664878876066312e-01
-8.042506555866867357e-01
-1.146583071740174403e-01
2.159047660296316840e-01
-2.615813915929615652e-01
-1.240215014777361069e-01
6.996926901417905853e-01
1.350450859346636820e-02
1.372913298203246313e-01
-1.807793031782678750e-01
6.491413774411127768e-01
3.807660881489739468e-01
-3.349817514727047030e-01
4.649739757775325777e-01
2.286043953062928680e-01
-8.451199442196012379e-01
-4.071568131818229519e-01
5.311543675463090697e-01
-1.351331248772060234e-01
-1.184809351226198959e-01
-6.913490717155836851e-01
8.099455342006832426e-02
4.822261941042584044e-02
5.526470275643728947e-01
2.684311507004755737e-01
