5.078193866220026553e-01
5.163165013952112359e-01
1.000000000000000000e+00
6.169879771082441566e-01
-9.478509947937440172e-01
4.237586804242952643e-01
-5.739246620433855472e-01
6.155226207177325604e-01
-3.881808776204147549e-01
-5.507791836856359424e-01
9.301335343205950901e-01
6.554647249282795629e-01
-9.992062963144863197e-01
-2.195572146975130756e-01
4.814357266276452774e-01
7.431322008829920334e-01
9.991471392564009457e-02
-8.531025431626659827e-01
-9.059265725405962755e-01
9.871605618210672617e-01
5.144078215532044140e-01
-3.004168136222677976e-01
-9.300678167690821230e-01
-4.681374901428529967e-01
-3.461690153278654258e-01
-2.614008301004088208e-01
-8.795478805431283797e-02
2.396693015577475439e-01
-4.804799950369893491e-01
-1.141492989102149691e-01
-1.638938707121447569e-01
2.031932542299661471e-01
-1.548727965945103924e-01
-9.993223632553234481e-02
-1.070601449803549876e-01
2.369519362794873518e-01
-5.534791776611251990e-01
-6.087596920761233488e-01
3.912179398152226817e-01
6.462087717715846447e-01
-2.267581961176041994e-02
-1.914737649663440788e-01
-4.464042020024654445e-01
-3.351056648444490360e-01
-1.646564985835540784e-01
3.985218019236499432e-01
-2.110052554081371934e-01
-1.510306172309404948e-01
1.258643044850399351e-02
-3.390641326151808688e-01
-2.645976998206882036e-01
-1.493259257892204372e-02
-4.384171704120276014e-01
-5.367421559778707829e-01
8.944438865370957226e-02
2.110141471578782513e-01
8.303747567961455855e-02
-6.303765178276100611e-01
2.244925034928641483e-01
2.841164069194812569e-01
7.193011230115864407e-02
-4.688075536988847714e-01
7.444445395823535983e-02
5.875774372515182309e-01
-2.574594492721591146e-02
1.122740478324002755e-01
1.869930993401884289e-01
8.557806110220894658e-02
3.948545741882816817e-01
1.378589890185880906e-01
3.916917939197852028e-01
3.721211602561003140e-01
-5.981452448191114657e-01
6.375536734252182924e-01
-1.663095922223979117e-01
3.102169094547379546e-01
2.193947639745036371e-01
-2.869864133355802260e-01
-6.039527309700844226e-02
1.872927574274591278e-01
-8.596145202343206948e-02
1.516054075912579291e-01
-4.786067843666726440e-01
-4.442462732977361384e-01
2.454718203992295733e-01
6.194786841720650861e-01
-1.737226612238051970e-02
-3.995716821370504657e-01
1.499091106545176189e-01
4.172385804575955426e-01
-2.026355394331054716e-01
-2.692609375572209696e-01
4.130568697288816149e-01
-4.646019271806726691e-01
-9.432377888116159070e-01
-3.339338949304128112e-01
4.671892834322269317e-02
-3.309616303597252562e-01
-5.663071916345187029e-01
-2.311867317255909826e-01
-1.483510015162912143e-01
-3.187380696660496726e-01
-5.680431084277091924e-02
-6.026698208350371733e-01
-5.025392543258900419e-02
-2.035811307881177090e-01
4.641703026766956786e-01
-8.888155064725648813e-02
-2.360641596344646362e-02
1.406800905147254643e-01
-2.190774185172575939e-01
8.385683148977239598e-02
-5.630444847583865320e-02
2.847955375883749474e-01
3.883066105823504421e-01
-1.128901841586907318e-01
4.274058895837709593e-01
2.141740043324179832e-01
-9.934240545557970758e-02
7.099958769102152623e-01
3.552924643907338087e-01
-6.878166597836772589e-02
3.007971225829402240e-01
-1.798070972542340773e-01
-3.599812145570674971e-01
-3.719785075914124883e-01
4.671867664873912696e-01
-1.477455035675814821e-01
-5.958599781544545726e-01
-4.270145469392338522e-01
-4.080896199142499126e-01
-2.712575255001005159e-01
-5.643008933008537564e-01
-2.051866272794480306e-01
4.498720044394761697e-01
2.867295651008721080e-01
2.178065733322679387e-01
-4.607326512979960653e-01
-1.544959651897128694e-01
2.485655669318261873e-01
-1.287946597041013663e-01
-5.127914197260451390e-01
-8.084733287370475530e-02
2.395376082700700349e-01
-4.943695733939651449e-01
-2.940809415831512411e-02
-5.306915215453357204e-01
3.672215066294065577e-02
-1.773643860734465116e-01
-1.710362864417970252e-01
-1.303211384552445951e-01
1.249550420180793597e-01
-5.197017622357006372e-01
-3.062209495805787163e-01
-2.883135107791603979e-02
7.965126341061380677e-02
1.626962736985582414e-01
-3.069861711831809933e-02
-1.510279307469409790e-02
1.817212459285895976e-01
-1.346303860623180026e-01
2.377100256549017632e-01
-3.830150096322486042e-01
4.228130420867487471e-01
6.624974231767395416e-01
-2.578424706100228003e-01
-4.891797994419638251e-01
3.603191890650569995e-01
2.863279993991261763e-01
-7.368998429126023542e-01
3.374991699615181862e-01
-2.441029189336716906e-02
9.189455361767337460e-02
4.802290044879670150e-02
2.284663357633378578e-01
-1.971746388799173466e-01
1.851603354705888271e-01
-9.992014100338868499e-01
6.172212618704125270e-02
8.069662671814813171e-02
1.803061478898276837e-02
-3.182849921406319393e-01
5.070374537888436839e-01
-5.022907196217702569e-02
3.445583286998590289e-01
-2.861373823984779130e-01
1.688553829176698828e-01
-4.030492688100508619e-02
2.411388202258120395e-01
-1.500119502855170872e-01
-2.559075455081167849e-01
-1.739558841242966336e-01
-2.005475261743080995e-01
4.273690313542019559e-01
1.457529429147504663e-01
-9.998876364804270001e-01
-4.795916645660194266e-01
7.633312980224704614e-01
-2.202769071107540388e-01
4.341788301076067169e-01
6.334427127715114292e-01
5.571123524790608794e-01
-4.013574686215517495e-01
-7.740218140200107177e-02
-5.942780884840311861e-01
-4.665917918426409905e-01
-6.124797981841204608e-01
-4.216366848426446046e-01
8.698331964037513409e-01
9.963640793525340156e-01
-4.728442959108445365e-01
-5.365432186999827824e-01
-7.329411518477640941e-01
-7.413051196530844322e-01
6.565954139627044883e-01
-6.034378551315237038e-01
5.671460382728445854e-03
3.928987460280455313e-01
2.969745761147261909e-02
7.022825556435635663e-01
-8.725252266139766899e-01
-4.972620939247788807e-01
-3.888250466387298543e-01
2.696032031703675669e-01
6.636919319385179428e-01
-3.726413044818812498e-02
3.828513900470479348e-01
5.895156667051005828e-01
3.710096503163634041e-01
1.191034020698045898e-01
-3.331970339974488771e-01
-3.315285581054260300e-01
1.743182279970793003e-01
3.905069450377670615e-01
7.698436907974066934e-02
1.509776597288180755e-01
2.051618960774174646e-02
1.604346303073717339e-01
1.181736213132233565e-01
2.654514185582348418e-01
3.749114763600137068e-01
1.662058909370223159e-01
-7.726194331819220551e-01
1.198637658892706126e-01
6.168666017945365621e-01
4.332642724418708235e-01
-1.542321806760305614e-01
7.735371090615558165e-01
1.000000000000000000e+00
2.851382947505525234e-01
-5.668088818872867307e-01
-1.259365095575948335e-01
-1.434187240953677944e-01
-6.327883124404879434e-01
6.603384183967120347e-01
7.714486866121486597e-02
4.625290470790235919e-01
3.746101736746929589e-01
7.153239992381382750e-01
6.727378922423911112e-01
5.192287234160167797e-01
9.550464894214769629e-01
6.053821038807550847e-01
4.124557515071204383e-01
9.802832540180808074e-01
