-4.072461134730978594e-01
-1.716600333143614987e-01
-7.358291621258805648e-02
-3.543287051614252836e-01
4.294797304672315352e-02
-3.409119074244948422e-02
-1.747885351942063958e-01
-1.495579483556621625e-01
2.097529640172508536e-01
-6.532023259915512026e-02
-1.674605294673967570e-01
3.332110247796996605e-01
3.157221337559911745e-01
1.165026177578984551e-01
3.903533828291265162e-01
1.328151675922837893e-01
1.891794105307724183e-01
9.059029977402099920e-03
-3.244972803363172509e-01
-5.861038896660709652e-01
5.495178806533769222e-01
-3.256472908872526939e-01
-9.709899866935613189e-02
-3.908910532869213084e-01
-1.839893449016463678e-01
-4.726109271844643467e-01
-5.544392206290605918e-01
6.402406802710228773e-01
2.251060970657199622e-01
-2.752984077098770133e-01
9.770199408042709588e-02
3.502258937602248379e-01
-6.919198776655228755e-01
-7.085727022612038351e-01
7.008638262273008124e-01
4.563053626536039964e-01
4.566882894238358248e-01
3.362719843791637242e-01
3.239388850504937301e-01
-9.146305358356156268e-02
6.213877716174107807e-02
1.932596473071072907e-01
-4.499165032214960114e-01
-1.942981080372590541e-01
-1.249667482020274875e-02
-2.413453077834377125e-01
-6.615104529508498976e-02
6.830358909876382834e-01
-6.291548723948151567e-01
4.169671669137846037e-01
2.145519027293562864e-01
-3.109710633987629591e-01
5.922312803468485765e-01
3.955148332804058614e-02
-5.123303280314650543e-01
3.757530082391289383e-01
3.659521242770589211e-01
-7.331276437781077959e-01
-8.277368700637671717e-01
4.347808514938809182e-02
7.996200675716756967e-01
-2.392706587867372559e-01
1.407431959210149464e-01
2.166062030185036402e-01
-2.290829626107285522e-01
-3.516507802835253660e-01
-3.642622532177510197e-01
5.879804040240127483e-01
1.829017124548316664e-01
7.362736731690452952e-02
1.602985086339588638e-01
-4.162918238971565765e-01
6.056399621271528755e-01
-4.242389368209971701e-01
-6.908519212297274947e-01
-1.043388045895603522e-01
5.081073713027373095e-01
9.535701142698932431e-02
-1.560555790031820933e-01
-2.459376763394665044e-01
3.011941060929582692e-01
2.674948145560401280e-01
2.760328211672003484e-01
2.364137749378249498e-01
-1.224875085253665785e-01
1.889646046614620323e-01
-6.886013024957254869e-02
3.561878861423078968e-01
-8.591048785187252457e-02
-1.735338075935506930e-01
-2.820515793814225014e-01
-3.938462296219114589e-01
2.670755139649790832e-01
-1.577477151149832280e-01
-5.044668160788546851e-01
-7.113945960859749396e-02
4.590390089408803442e-01
-8.535936305340031949e-02
-2.966358566353116677e-01
-6.372937600933417657e-02
-1.056452227827061052e-01
-2.038825661268957312e-01
-1.890464146277484880e-01
-3.003462240309989206e-01
3.114503463940093697e-01
-6.365002855510485391e-01
-5.018984755669489983e-01
-3.601964379851197995e-01
-9.056296651136103160e-02
-6.486038031690419814e-01
-1.307078827304242741e-01
-3.543343321397619816e-02
-3.964057212278344067e-01
-2.349319775406281396e-01
-4.722449454344491981e-02
2.535587071998422481e-01
-1.775998079845314825e-01
-2.860914202141747187e-01
-4.919132085433213647e-02
5.735298323418576150e-01
-2.834028248212531187e-01
4.169737389485208556e-01
4.271050927459841828e-01
-1.433521149597871414e-01
-5.163568327664087576e-01
3.017493833749911314e-01
-1.277084891447793080e-01
-4.703435257020533999e-01
-5.472643540959002406e-01
2.642436430112818924e-01
-3.434409285824552849e-01
3.427610504301615291e-01
4.655787870242799609e-01
-4.949906728320409566e-01
3.441400797377617837e-01
-3.960313104679148988e-01
6.326394355662813274e-01
4.034616539039524996e-01
7.674815945257384975e-02
3.326425734492385322e-01
-3.298803351897280356e-01
-3.006653205408604812e-01
-7.767385639885886484e-01
2.084308689362801559e-01
-1.650905611328242761e-01
-4.391056874513446506e-01
1.606525799417954092e-01
-5.083632614005215711e-01
3.293534191287784685e-01
-7.262646849906001512e-01
-4.889786178133089245e-01
3.025130226250868359e-01
6.739283491247177738e-01
6.965467933359957842e-01
1.408672308343257851e-01
-4.919456007007247944e-01
-1.827509918563195723e-01
-4.666050861512361925e-01
-8.386090983734861837e-01
2.501482929349689577e-02
2.460937102391736742e-01
8.855872656295181444e-02
4.879607855966920371e-01
-2.610748578068275982e-01
2.086517245981859003e-01
-8.400446187815567844e-01
1.028473103451768011e-01
-5.341426961826114227e-03
3.066331956683355231e-01
-1.974856275497822444e-01
-5.497020580281213320e-01
-2.948428998683942370e-01
3.762426245917345202e-01
-4.044819051745547900e-01
-4.978805243490618260e-01
-4.729336381186730609e-01
-1.109935950173356750e-01
-3.859465833063079887e-01
3.245524093244522845e-01
-3.371450247843323922e-01
-9.616628513758118668e-02
-2.319459615682177393e-04
-2.310380003420110240e-01
4.627785199356447832e-01
-7.168311549579384767e-01
-2.492099222055744745e-01
2.587642299478599694e-01
1.923258068360373177e-02
2.197723778259838556e-01
-2.522115774048379055e-01
5.770370805058333552e-01
4.548565180815424686e-02
3.883123514660477005e-01
-1.592854852647192232e-01
3.255535841070124614e-01
-7.458604931344146038e-01
-1.031238206741521279e-01
1.908447802061632725e-01
-2.633292297384851044e-01
4.981828920284206430e-01
4.216536544165298550e-01
-4.063567385649315966e-01
6.917127101400015465e-02
4.572149951082639108e-01
-4.530230538398488105e-01
4.661628924490038850e-01
-4.504183096983039800e-03
-3.427043291279289750e-01
-1.941388456719124467e-02
2.437809511220727643e-01
-1.687846106032263038e-01
-1.566353233184830107e-01
5.978740625715736057e-01
6.622855218846240843e-01
1.111826888621719744e-02
-6.068878368393232359e-01
-5.322413131287577759e-01
2.096025145854438498e-01
2.380903493574423047e-01
-5.173570359901246141e-01
6.096791687273936944e-01
-5.374352228852014024e-01
4.988053784064979124e-01
-7.574078665169046987e-02
2.356842965275751933e-01
-4.580538280601351153e-01
2.081051698598846700e-01
5.754397255270858880e-01
1.139076848922802587e-01
5.622060229467963355e-01
5.122220042788649258e-02
2.918399617457658746e-01
-1.940919440528297846e-01
5.470337968319070043e-01
-7.099628280832066540e-01
-1.621069077995763164e-01
5.565698132282731470e-01
-1.379005200873483772e-01
-3.270898489772358642e-01
-4.893114337568890138e-01
8.253961013639049549e-02
3.487267497245416514e-02
5.388177040204510382e-01
7.977549489770828783e-01
2.206500351110242120e-01
-5.589243921586753983e-01
1.373483985439565014e-01
7.426627772497098601e-01
4.491804175562613688e-01
4.685947073595252421e-01
-5.990922528571620553e-01
6.179267764553338926e-01
6.172585953268363429e-02
4.273817533064816487e-01
-7.736284305643376102e-01
7.143450472105890292e-02
-2.276996894349662404e-01
-6.121434532455723998e-01
1.088939123426668210e-01
2.092467333711856281e-01
-3.767081312793251202e-01
3.124144374891061476e-03
4.130588278380752931e-01
-7.123658464686666303e-01
-3.550652971008800840e-01
