-4.794205227104954559e-01
1.137046762212953754e-01
1.478496203475753723e-01
-7.202989473353863525e-01
6.858695031198788206e-01
-2.934981251255448786e-02
1.467218727226356767e-01
-2.200554876046973418e-01
4.204897856640240073e-01
3.341523729326867365e-01
-4.297698561989707899e-01
6.486721502984613696e-01
3.575564126953272859e-01
-4.165988217123722803e-02
4.373986725725357294e-01
2.913416296298419472e-01
7.935453135569978111e-02
-3.778342412137649098e-01
-5.975191621906039696e-01
-7.277663956353631614e-01
7.497296064277839678e-01
-2.136103994422365593e-01
-1.035081890561447004e-01
-2.501337316059434879e-01
-7.493903921905832322e-01
-5.682017646220683948e-01
-7.122518064291376572e-01
7.172388146912880291e-01
5.354710444482664311e-01
-2.911954132253661287e-01
-1.137701084781901489e-01
5.930143307529771590e-01
-6.696708089558208732e-01
-5.724419531557024543e-01
8.795898474030872105e-01
5.551268749155506832e-01
2.279768463120874777e-01
5.265998394174694619e-01
4.793496313024592226e-01
1.564535436614030717e-01
2.145423813894150045e-01
3.747094900624077241e-01
-6.512545611725875094e-01
-3.974322123298001941e-02
-5.616897102107504258e-02
-1.300739368916719874e-01
-1.405919530989861999e-01
5.971986516549948609e-01
-6.548938981974797846e-01
5.919267080601671172e-01
2.462948393510524248e-01
-2.929312887138054156e-01
6.158944432734840824e-01
-3.787003832176431828e-02
-4.545997297648909918e-01
6.955082031408979515e-02
3.655767631689846864e-01
-7.896936349987637715e-01
-5.677559936243954386e-01
-9.710187253563155874e-02
6.090083353646451592e-01
-3.588118099598098243e-01
-1.364434542943988166e-02
2.746417340382176775e-01
-3.330464372303584275e-01
-4.688970992788310532e-01
-4.528327186934472115e-01
8.616718292666855072e-01
1.211836332747685402e-01
3.669561995213876937e-02
3.964656636757382113e-01
-3.841612321933938201e-01
6.371591799719036331e-01
-3.015738702603247834e-01
-9.838181392414578896e-01
-1.293012408626475207e-01
4.606094148865435001e-01
4.005920376305859842e-01
-1.825875947683583966e-01
-1.280167882533868595e-01
6.545616632701063697e-02
3.053527518455370626e-01
-1.733076505205085605e-01
2.464012413974174254e-01
2.393704189449785691e-01
1.256598057388682577e-01
-1.303529931441091694e-01
-3.376342223828146527e-02
3.439091648580749894e-01
-7.932565334942978663e-02
-3.057289631833347010e-01
-3.053987649121445713e-01
2.025485224834150388e-01
-4.959844484884028404e-01
-5.368074053526356026e-01
1.463477315019326430e-01
5.794833218056310020e-01
-1.229353533556480117e-02
-7.300237327727687742e-02
3.152718258585150424e-01
1.317334907017902179e-01
-2.842926634152837528e-01
-2.736503905094593292e-01
-2.276951443747865511e-01
4.575628013966223651e-01
-4.660943413988015149e-01
-6.121975795293947975e-01
-7.432947237804423679e-01
-3.853958599263112017e-01
-8.408438019613393433e-01
1.118584450161109189e-01
-6.743943670713508087e-01
-3.685302950316262094e-01
2.305472671763342252e-01
-3.384582903160888723e-01
-4.166498247617385353e-02
-1.299617437696531375e-01
-1.000000000000000000e+00
-3.571457426927643342e-01
4.241223098632075361e-01
-5.499603046233677572e-01
6.313207876796396167e-01
7.319253962434159322e-02
-1.147317808303068287e-01
-5.133595619825879197e-01
6.621855111072193489e-01
6.671308776687886674e-03
-6.720340512295729374e-01
-5.992803302891149819e-01
5.115551869447648725e-01
-5.023445405025916966e-01
5.467266785725634071e-01
3.403200148178809892e-01
-5.170335368390884812e-01
7.810714227299737633e-01
-4.790679137426895884e-01
5.329855518746090537e-01
3.488946306234399497e-01
2.741986879666776233e-01
7.967896817176608470e-01
-7.266567422189621483e-01
-6.181155175060125684e-01
-7.096062396852085286e-01
2.459287019363676219e-01
5.805564176780945301e-02
-5.513946821656755537e-01
-8.195939778891504768e-02
-5.586435916315086736e-01
8.664164523194757550e-02
-1.000000000000000000e+00
-2.902847057398008634e-01
7.703109768865832319e-01
8.524931212823047000e-01
7.746880948430052705e-01
6.428512276868393605e-02
-5.967302515980341671e-01
-5.652906502009086981e-02
-6.467915723292073649e-01
-3.839265469720612445e-01
5.533752375450102790e-01
3.048083162046512640e-01
-8.575454266608578680e-02
9.471180974829276344e-01
-4.051997309766446342e-01
4.235693901801991512e-02
-9.207382513012452030e-01
-1.474801891278658406e-01
2.897535590698853691e-01
3.454452129008498407e-01
1.908360580821573393e-02
-7.575133274559202601e-01
-2.203402213274109345e-01
4.457647240004851685e-01
-1.941708950769471809e-01
-1.826191287931256957e-01
2.641621728706223249e-01
-5.133331144382190514e-01
-5.686961734957477477e-01
4.174092406673340916e-02
-1.000000000000000000e+00
-8.569194750518256687e-02
5.512868733339511274e-03
-1.891037855989413097e-01
3.843479805688112538e-01
-5.971692594688020606e-01
-3.073336687125742817e-01
7.164662454823879090e-01
1.633414071006961954e-01
1.800874187603861420e-01
-5.971376444243423759e-02
5.278562223788364483e-01
-1.151872945736163445e-01
2.264250598872505904e-01
-1.585300999120820564e-01
6.243608378669407433e-01
-5.173528900159121147e-01
-3.170090122409844474e-02
3.266411071254076703e-01
-3.682699427335033304e-01
6.821002097589459190e-01
5.026008203444095601e-01
-6.522604901230428798e-01
-2.410844041270442106e-01
3.376780811029106988e-01
-3.860490366282513519e-01
2.769082549119741277e-01
1.550915242049668019e-01
-4.638244295019681163e-01
2.216223513760097186e-01
8.680707383093009266e-01
-1.898470811741050368e-01
-4.557587692788524492e-01
4.860232667966166153e-01
8.366000700521436517e-01
-3.064852824297405465e-01
-6.156360066503453465e-01
-3.695619585690719799e-01
5.498287569758133486e-01
1.947317987416478657e-01
-8.110046082896695818e-01
8.159446488259810559e-01
-6.779577249368982095e-01
7.372524853436597247e-01
-9.518591503466913850e-03
2.846576728458334316e-01
-4.185653574915139674e-01
2.130495098017243516e-01
2.739841039987269689e-01
4.711131450770634360e-02
1.000000000000000000e+00
1.728005214066058448e-02
6.057432797290742688e-01
-1.248987931661031808e-01
6.128937817600484950e-01
-5.870063642675401594e-01
-1.813705063356960689e-01
6.757322470585824803e-01
8.453970661856967383e-02
-4.633514582610601118e-01
-5.697976390927348422e-01
-2.159900622954161881e-02
-1.416919160850517445e-01
4.268951668329227789e-01
7.628190898411381093e-01
1.816023757850501186e-01
-5.733441596931626583e-01
7.257764818282934349e-02
8.549919137352162135e-01
8.279615878721531264e-01
7.956723027063041798e-01
-7.136331225606038497e-01
7.002340439745537992e-01
6.807163072625205258e-02
7.317481253631722415e-01
-8.199959641257521525e-01
-7.529046078791520880e-02
6.540375803435364427e-03
-5.174488341114747980e-01
1.349033227509892630e-01
5.622444891725845162e-01
-4.779687542600177252e-01
-4.450006120237872016e-03
4.902297514110927623e-01
-5.426898871258750701e-01
-4.296668432065596788e-01
