-7.980992281851309045e-01
-8.515210959939556457e-02
5.978565647219058476e-01
-8.302620162050486918e-01
2.618660260571952225e-01
-5.341231286596774819e-01
3.964381774290687832e-01
-3.438193522865365392e-01
6.199893978530603977e-01
5.716575779477413022e-01
-6.233789347425198191e-01
8.493620740172023176e-01
6.105127553807969676e-01
2.547058802402012989e-01
6.246799995854660503e-01
8.031896051703391048e-01
2.109987836815316875e-01
4.261454754324539573e-01
-5.176691591869413411e-01
-9.662468991069286250e-01
1.000000000000000000e+00
-2.045420423338755456e-01
-1.341924562331404391e-01
-5.743112326129686807e-01
-3.531247011495082244e-01
-7.288515571777576252e-01
-9.251887433474976774e-01
8.799989219148560693e-01
3.850010338309286517e-01
-5.275307075101300924e-01
-1.520810699059721716e-01
5.155410483715849868e-01
-5.910228515347397682e-01
-8.128064831384078648e-01
1.000000000000000000e+00
9.163876509579638174e-01
7.227078576889640615e-01
5.379167905322161936e-01
6.641615311263062704e-01
-4.747321502115384173e-01
1.775306444394229022e-01
5.508284924712208985e-02
-8.140445777996676568e-01
-2.052905596092442497e-01
-4.186384674855372356e-01
-3.624283538333060717e-01
2.879642883496439376e-01
8.484812468151479159e-01
-8.012322949299737207e-01
6.259000749774532579e-01
2.090120611370414327e-01
-3.436007782688328405e-01
9.096539585932692518e-01
-9.427568668669095153e-02
-5.666595377412475543e-01
2.976512284169206546e-01
5.396004419543780628e-01
-9.643689731434992307e-01
-8.969330630210790023e-01
-8.109909924538194481e-02
8.402014052453146142e-01
-4.992287767623069250e-01
1.708385910056609003e-01
4.906532426865637397e-01
-3.037211397251177725e-01
-5.115816973154672098e-01
-4.838507119468720141e-01
5.063891443519901170e-01
4.949696758987148226e-01
5.386884734122421303e-01
6.034361135165968726e-01
-1.657652252524228764e-01
8.018386627416523860e-01
-6.853254321019162099e-01
-9.616064590094974829e-01
1.587170453446127283e-01
6.244202388491882916e-01
4.320540023057835577e-01
-2.256210283454687104e-01
-9.215986758556448111e-01
5.819205462432968101e-01
2.258504176283098186e-01
3.553143725758856064e-02
1.281318109971236185e-01
6.983893873126703622e-02
8.891287766098102674e-01
-3.289686594856638946e-01
8.447564976360091293e-01
-6.463807030462509484e-01
-6.466200295515699414e-01
-7.812266484902290475e-01
-7.053081737103480409e-01
1.780918321811434391e-01
-7.481637468279376257e-01
-6.625573646730451571e-01
-8.634841730673039617e-01
7.515670781794141497e-01
2.469049592401170723e-01
-9.509615008880029086e-02
9.421063496362811485e-01
-7.139334106920136591e-03
-1.680691536239991568e-01
-3.124881642770122037e-02
-8.905376798852789877e-01
7.617823626534057091e-01
-9.321864276127249660e-01
-7.033108444327100806e-01
-8.386090581934176891e-01
-4.256500876223723306e-01
-1.000000000000000000e+00
-1.074859893007867606e-01
-3.957928664856904533e-01
-4.330837095761534972e-01
-2.485587124327226505e-01
-1.630291560708876375e-01
-9.296663536359517366e-02
-4.425715721353101761e-01
-6.367495489055725599e-01
-3.014955992092629433e-01
5.655042122218574274e-01
-3.613009726174934433e-01
7.673203410823837833e-01
2.068749551792432584e-01
-2.540508572581843261e-01
-6.214867194371547221e-01
9.501058723352140412e-01
3.001414691303855298e-02
-8.578656474558854494e-01
-7.445538036760914746e-01
8.166012628479005775e-01
-2.881412772528510469e-01
7.791391964720362218e-01
6.241598848655520726e-01
-9.036591644215009600e-01
6.452937257243194225e-01
-4.577562478522038680e-01
9.793906140685428863e-01
4.135252847402293153e-01
5.200319123518890585e-01
6.627051560145156284e-01
-8.176904042793520233e-01
-5.189684968234944407e-01
-7.806880716074573456e-01
2.646072560533452300e-01
-1.320810505124790368e-01
-7.429929216689921123e-01
-2.880664997989107468e-02
-5.523366645599064872e-01
3.812311050668400481e-01
-9.344694290820662053e-01
-5.218970498134312130e-01
4.807923173098169745e-01
1.000000000000000000e+00
8.251048658734010388e-01
1.370267726915033735e-01
-7.041992576493505407e-01
-5.745426240233071635e-02
-7.404628662369927561e-01
-1.000000000000000000e+00
-2.898124957660820344e-01
3.213938045935533228e-01
7.670010780039948628e-02
1.000000000000000000e+00
-8.610309554624536732e-01
1.565592715150470049e-01
-1.000000000000000000e+00
6.766774335701472576e-02
1.780577401720639941e-02
3.064411975351835071e-01
1.733796441740185212e-01
-5.647368488008541743e-01
-3.976102347126833081e-01
6.810609025145029083e-01
-5.286394542667282037e-01
-1.000000000000000000e+00
-8.419309542570905247e-01
-4.870651882917029218e-02
-6.206522578919856370e-01
5.050392116732700387e-01
-4.668337758236409396e-01
-8.577704612333802991e-02
3.181941785436781522e-02
-6.597793210327909108e-01
6.465752031819410606e-01
-9.758718044380957357e-01
-2.604520563234045127e-01
5.723060011358898080e-01
4.335385413431372958e-01
1.288337726674440020e-01
-2.440754155609072829e-01
6.172830592885548695e-01
-1.169229831771707862e-01
2.482481081659734246e-01
-3.339221526179156907e-01
8.983852397784719557e-01
-8.857634855461751222e-01
-2.687388458953995918e-01
5.424249048297649090e-01
1.655342764322012550e-02
8.226578413250273947e-01
9.126024098431182452e-01
-5.885507845183490794e-01
-1.098929326942743590e-01
8.198621009603167531e-01
-4.282130228177147835e-01
5.650696486795090401e-01
7.945077249765386540e-02
-5.352236932593246177e-01
-1.220498407662562457e-02
5.457429412092549281e-01
-2.869111887230302305e-01
-4.686434175483241704e-01
5.979491400842318338e-01
1.000000000000000000e+00
-6.660225822108789551e-02
-7.722940303091152536e-01
-5.422661293100290436e-01
6.799546268859077980e-01
9.841134452354899365e-02
-9.738139767215807652e-01
6.337757515288469090e-01
-7.909225963677859461e-01
7.406719874485752086e-01
5.015596277585677998e-02
4.367269397466984615e-01
-4.129946936474753194e-01
1.905687991485712773e-01
6.456519136441566387e-01
-5.076239973555430468e-02
7.265538109039262338e-01
-2.474136371398587553e-01
1.000000000000000000e+00
-1.716788379985852431e-01
7.374189240581303650e-01
-8.162249108992505331e-01
-2.763830549731038921e-01
6.514022716072198627e-01
-2.291452827163427686e-01
-3.636112988175227434e-01
-7.596491529314883806e-01
1.000671904657102623e-01
5.613929855690803772e-02
7.423864553278043399e-01
1.000000000000000000e+00
2.411702356234615707e-01
-7.664960302123776659e-01
3.770625335910493536e-03
1.000000000000000000e+00
8.313524909470635382e-01
6.611661841115383798e-01
-1.000000000000000000e+00
9.237391431876732506e-01
4.272790917635858055e-01
9.849616332836663712e-01
-8.805901939944482670e-01
2.476211941902566605e-01
-1.885551803084939970e-01
-9.193505807740578462e-01
-9.536001331929527813e-02
1.391823109317895102e-01
-6.196484563502007159e-01
-1.656230887487246672e-01
9.147006476394387020e-01
-9.001534965563178226e-01
-3.649924250811431570e-01
