4.029317290007443098e-01
-4.610210413215030667e-01
-3.849019798776723289e-01
-2.024936777676137056e-01
-4.533390103081657019e-01
1.946468249251788740e-01
-7.226634978387936892e-01
3.074832829053862349e-01
-4.459606517690367644e-03
3.553437511449212272e-01
4.020199729320445003e-01
-7.088878026504038532e-01
9.651208469883676422e-01
-1.575224366452880886e-01
7.264627778542698255e-02
-2.848295380599302762e-01
2.298412588795523681e-01
-4.068863132858346887e-01
-4.058532239612738235e-01
2.626421278411659177e-01
2.073725103078718490e-01
-5.658133361754991153e-01
-4.491406400130141252e-01
4.441176577500007827e-01
-2.033255298679697287e-01
-9.120329141072691659e-02
1.101920544296882271e-01
2.593156237609610115e-01
1.595519948975762936e-01
2.966599412122782886e-01
-4.855162174265209574e-01
-5.607048733582986610e-01
-4.968341708499047216e-01
-3.185079996974599786e-02
-3.104536929690679403e-01
4.706361660024277471e-03
-2.742015234713496286e-01
-1.170715400370586773e-01
-3.007032125530927913e-01
7.135526730878564150e-01
-9.282030813635963606e-02
-2.123553706574813071e-01
8.339273750909428351e-01
3.030403531659498634e-02
-3.668134563856071395e-01
2.194089986358656597e-01
6.036021378488010819e-02
3.560952444455064425e-01
8.815948223703931608e-02
4.686250725680635720e-01
2.252441618877636942e-01
7.861326322544773815e-01
-4.475996888160060361e-01
5.326159760375739349e-01
2.474330825479643947e-02
-6.261905147853595865e-01
1.416775001893291752e-01
6.016848537418439946e-02
-8.901337771350775752e-02
7.631335692548116834e-01
3.460015017110461555e-01
-5.393157352974784491e-01
1.711764045154079428e-01
4.645340538048500223e-01
3.067710434582200663e-02
2.561556491199841190e-01
3.424704860605340961e-01
1.422137801905868082e-01
-1.917966450112502941e-01
-2.005317170948500149e-01
3.693307939245900617e-01
6.458791881115591993e-01
3.353648336740330110e-02
3.467021166382278086e-02
4.698110511524666855e-01
7.904878008021773983e-01
-2.157552820247583547e-01
7.744396664670492036e-01
3.241192345504543271e-01
-4.864955354057378112e-01
1.298447300036759955e-01
-1.918801090261051390e-01
-3.170328207182618319e-01
-5.810474582895457374e-01
4.975457564128490384e-01
-4.410725813639941872e-01
2.875299302823795533e-01
-2.635270010314164635e-01
7.564572698796425687e-01
4.553590213062611580e-01
-6.583911681383070036e-01
-2.349191919467807088e-01
-5.581928328459517807e-02
-3.606815057931321844e-01
8.936460967536788980e-01
1.000000000000000000e+00
-4.456046668140579703e-01
1.191259736544345860e-01
4.907237426974863093e-01
-5.176853535905039383e-01
-7.088299722787819723e-01
1.745956874208614007e-01
-3.271815989897635668e-01
-3.828594284108646217e-01
-1.821434735046070230e-01
-7.381738004957960619e-02
8.369438190484060902e-01
-8.295198742526274649e-02
-1.137106887809915950e-01
-2.331960016867648255e-01
-6.894931448158619913e-02
-3.340236426401919090e-01
-1.360207992432724278e-02
-5.380740393287897216e-03
4.097417093714184055e-01
-1.574468616380423347e-01
-6.033660668280211858e-01
-4.308571664865878253e-02
-2.961079821059858785e-01
-6.336414207756521089e-01
7.844600757100526900e-02
4.289200172224675311e-01
-5.504124522682305454e-01
-6.684529467622439824e-01
-3.389630719382836777e-01
-8.145890235276644908e-01
3.074782758252830872e-01
-3.389105309650344844e-01
-6.804280592091661584e-01
1.739412585230201147e-01
-1.621091881255325717e-01
1.688781805478559161e-03
-9.228549315861556135e-01
2.350898431446037384e-01
-8.421772906755777832e-01
8.424260944644127447e-01
4.912493643342782379e-01
5.709946251516273552e-01
-4.790639267288382408e-01
2.741390785214455894e-01
1.274728699732260995e-01
6.294595947645083289e-02
-7.104696316968137637e-01
-4.535022747705114154e-01
2.392936561294727871e-01
-2.242677399072211253e-01
-2.625991383443876392e-01
3.877763052878617223e-01
1.084579495797190901e-01
-6.379050552259315499e-01
-4.606320287489801268e-02
-1.974671003242634837e-01
-3.426823607088341772e-01
-6.106861386784559476e-02
-3.596029502690853974e-01
3.800100176741242897e-01
-4.504478657140584819e-01
8.429584437064689961e-01
3.341283532728063221e-01
4.601378534507953588e-02
-6.536733984796911923e-01
-2.187199004353491683e-01
4.884508097716134811e-01
1.626975358953368922e-01
3.144638431159904046e-01
5.595296863253439446e-01
5.202948172273974548e-01
7.384982546831864170e-01
-3.619173445616852280e-02
-5.078060124356387206e-01
4.057775824928366859e-02
-6.795180806124474504e-01
3.069517287975032094e-01
-3.121107920163146421e-01
7.902496017916534887e-01
-1.770476839123483540e-02
1.591108078703138695e-01
3.690326942685006051e-01
-4.815822740739975072e-01
3.919985547363682432e-01
-6.073798967042240982e-01
8.330829728643246446e-01
3.220967805936228445e-01
6.842888623024849792e-01
-2.563651616702654068e-01
7.506795309863779631e-01
-2.930594905344638956e-01
8.037194460543117813e-01
5.275256546114093226e-01
-9.859544546864480452e-01
-1.583938686925825401e-01
2.001530347816524169e-01
9.391446581922103798e-01
3.520404746003980012e-01
8.543907569170856586e-01
8.656454363860766055e-01
-4.912227360826585953e-01
-4.335767979022527308e-01
-4.130352212654335720e-01
4.517704564111634791e-01
-3.668659352481660196e-01
-3.719549575131521069e-01
-5.792258357876111097e-01
6.482793946926099227e-02
-3.623917714522832956e-01
4.332904553251680224e-01
-5.237175834636902394e-01
-3.004482818656220577e-02
5.138191689499833625e-01
-5.854867200832281071e-01
-5.113562851787001318e-02
-3.350131353265202727e-01
5.084974459349421716e-01
-4.511862360136216221e-01
-4.356335896750320735e-01
-4.109027166666122666e-01
-1.396761846774698390e-01
-4.396251202979255535e-01
-2.481865993423066491e-02
-2.109036110535400521e-01
-1.602231071923744254e-01
-2.665149146826127635e-02
2.955715645270705627e-01
7.114690460672458139e-01
7.993257732581604547e-02
-4.846506144283128925e-02
1.426412844757468101e-01
5.222159461340084574e-01
-2.499204047214835245e-01
3.059482534577968038e-01
1.893571943419671277e-01
1.853106340656834328e-01
1.863100920349838041e-01
-4.017858578312192841e-01
2.369428113935416746e-01
1.344903384522161960e-01
5.518209928582971102e-01
-4.888444061723386524e-01
-5.937284455338847078e-01
4.426605927845131960e-01
-6.285861867575466277e-01
-8.009631598935360586e-01
6.719131710734423946e-01
4.632363553187532901e-01
-2.501516345353024251e-01
7.901938257557111767e-01
-4.614098311479557513e-01
5.473723106129821381e-02
6.727894909180681671e-01
-4.444088971975155844e-01
-5.397521742494412189e-01
-4.374236584584169085e-01
-7.860313930992666176e-01
3.685576072273119008e-01
1.908386363132308361e-01
2.483378560159198722e-01
-1.877563918910753471e-01
7.570595074229326954e-04
1.589507819947863776e-01
5.826525517571092827e-01
-2.948774861013849224e-01
3.729550326963810836e-01
7.220463864432236090e-01
7.843425243736069641e-01
-3.601714918421107248e-01
