5.410947546515997297e-01
3.713827684766042858e-01
-2.462423761409877621e-01
5.362950423627959040e-01
-4.157011484790408828e-01
8.582911935800412173e-02
2.959851536677067241e-01
3.879303305695105397e-01
-3.097485172339038972e-01
-6.752700132280331502e-01
1.480131942763206754e-01
6.645826797255736107e-01
-1.539581329228862649e-01
-2.939582907305946513e-01
5.687729292190600860e-01
1.052841473524641913e-01
-5.176606333908166935e-01
5.061599461752115392e-01
4.398671656950561282e-01
-7.025800668700886709e-01
-2.620678777079409327e-01
3.007456536043218165e-01
3.906091880377835501e-01
6.505964064177972572e-01
3.790825681878133846e-01
-4.973854413337139846e-01
-1.604836095454603151e-01
4.144802002026237719e-01
-3.093210416368739057e-01
-6.620467522483430844e-01
7.847031529788375259e-01
-3.211796153664353559e-01
-7.191109089538676447e-01
-1.060125059812808274e-01
4.201480943747943897e-01
-4.792263548576225496e-01
-4.121248728449374843e-01
7.877164284075207634e-01
-3.855211294035249536e-01
-2.870360565745190273e-01
-4.321779556809370315e-01
4.442941432144255076e-01
-6.697318576112518684e-01
1.446606327588959018e-01
-1.108280568215136014e-01
2.729405720200921495e-02
6.479535794929727754e-03
3.103997293626076792e-01
-2.525618713168968910e-01
-4.656391489493244551e-01
4.921648178797757844e-01
7.152362737084270172e-01
4.630737223958337201e-01
4.039694945020658734e-01
6.387190981153467728e-02
1.796137110489687272e-01
4.772215865719630634e-01
-2.726125638532066464e-01
-1.091669684532056567e-01
3.114298909963122419e-01
-4.079630620284663278e-01
4.823296687556696827e-02
8.039464392252776426e-02
3.887487561572552930e-01
-7.513895635067325829e-01
1.075026562347671799e-01
-4.067050619970173919e-01
-5.146797286417309492e-01
-6.291253186469467629e-01
2.162914113693897300e-01
-1.246762262246407238e-01
2.420543044570354352e-01
8.364884345743710536e-01
-2.040575978083525033e-01
2.512129136134375051e-01
3.431955664985618382e-02
1.396722145737658294e-01
6.863110907095586466e-01
-5.002785221359491441e-01
7.331919481862666510e-01
9.839355255798550026e-02
1.308576018063885293e-01
3.451710949943008200e-01
1.000000000000000000e+00
-2.065237320575006030e-01
-1.874411639132672891e-01
1.000000000000000000e+00
3.457004612454809278e-01
-1.612957158996816964e-01
2.383533375622967354e-01
3.011456842333942729e-01
-1.755504332254159694e-02
4.081941620977279361e-02
-1.713023879686668138e-01
5.500027931652234914e-02
4.873650605175254280e-01
1.627195807419036244e-01
9.819960372157940376e-02
2.966796978077543279e-01
-1.647398197633823461e-02
5.108380735878345069e-01
-1.905540994748355643e-01
-1.772650628641997683e-01
-5.357623025569475950e-02
-1.908648801257748495e-01
1.698194484180641783e-01
-5.432963409207629546e-01
3.243046935363481653e-01
9.004702895136122709e-02
-2.468961144090000767e-02
1.625549469994829466e-01
-5.402715830511836126e-01
-1.063545458162016843e-01
5.212423176448744977e-01
5.157093282661139311e-01
4.220754294579963095e-01
-7.313277331428928996e-01
1.923900214437210265e-01
-4.500205231626722702e-01
-1.289989341199760109e-01
5.955331639561780577e-01
-2.442584714672625945e-01
-3.536823927103645571e-01
-6.428862362892462379e-01
2.100179848732395271e-01
2.664871897604363382e-01
-3.468691654434736815e-01
4.485716252000354620e-02
4.356408232441109085e-01
-2.765849077287024782e-02
-4.381079628674623416e-01
-6.616862780958832069e-02
1.366399984099782583e-01
3.792838903088673330e-01
-6.556245528619761842e-01
-7.574959330228803189e-01
4.946999593953063656e-01
3.417396467836839730e-02
-4.922854884484688665e-01
1.393610522200844359e-01
-3.767741105448844108e-01
-3.857556277056399807e-01
4.705413833011662939e-01
4.395639365645756524e-01
4.624701607695403394e-01
6.624925947047065611e-01
-6.550879652616115045e-01
-1.134973403714317625e-01
-4.595804059144195097e-01
-5.175910190619427143e-01
-7.351443296073493228e-01
-1.357769248082669744e-01
6.725628400924934525e-01
-4.853756707523908531e-01
-5.063666186810542591e-01
6.370508561305113227e-02
-4.677596685042222369e-01
-5.614909708836345326e-01
4.193247340976004045e-01
8.325910489749245302e-01
5.558951288058879836e-01
2.667327710021721865e-01
6.292065786967160346e-02
-2.651754623310763059e-01
7.461752403222150498e-01
1.797963403346154454e-01
-7.140695577513853642e-01
-4.128039601572575101e-01
3.691262886829622114e-01
-7.351447722780052318e-01
-2.132271090540391045e-01
-4.919003639256549487e-01
5.890678028885081297e-01
-1.742110886919567836e-01
-5.769774813137928948e-01
-2.390469812632456947e-01
3.260709522661293103e-01
-6.062656493770871569e-01
6.118187878631635712e-01
4.087681635660846968e-01
4.770379275737740010e-01
3.699129567156033138e-01
-1.223220057870547384e-01
-5.055323069116961499e-01
-2.918836523476164846e-01
3.359692946792675050e-01
1.581031749450169388e-01
3.152424765067743939e-01
2.146555924051765374e-01
6.292921506940551968e-01
-2.330514547645824164e-01
-3.773326750149362252e-01
6.868259754346027757e-01
3.492327369425847761e-01
-7.178807992159803864e-02
4.405799395117765416e-01
-7.139906376241824670e-01
3.295072538757307101e-02
6.587290870955588851e-01
1.869279723308583108e-01
-1.797210816730618888e-01
4.503115674665361667e-01
4.575625817720605504e-01
7.918454303027073760e-01
-7.532318847769533480e-05
-3.506427653670632916e-01
-3.531511000215904472e-01
4.237781166940173677e-02
3.027330561824099209e-01
-2.952447955290404824e-01
-2.956880655167329897e-01
-4.917578092543369028e-02
3.457578783427199265e-01
7.914311843949228820e-01
-5.996752186146545593e-01
-7.065083244770044013e-01
6.450595802714227667e-02
4.496426198739691404e-01
6.610997150778664677e-01
-3.341021983110370464e-01
4.113096806736132316e-01
-2.317250630366782249e-01
-6.428395921059786300e-01
3.165034912120219812e-01
-1.894732247491293653e-01
6.392239489797998386e-01
-1.430708244296750309e-01
1.348240595730755276e-01
-2.659227922923670939e-02
1.759725050313263317e-01
-1.591884015724605028e-01
-4.085953341340362588e-01
-7.123656648068877884e-01
7.935699160264786389e-01
-4.976061216314558999e-01
4.045998974311830199e-01
5.099249263259230114e-01
2.959805363579219306e-01
1.777417885236045048e-01
1.557803033073354437e-01
-4.656402590555644427e-02
3.161029236608075416e-02
5.173221220745286564e-01
-3.824715589584755104e-01
3.649337544978720760e-01
-3.548549153368419917e-01
-5.981287947726436904e-01
7.041801410396240080e-01
1.149159021736752273e-01
-6.292182812302742068e-02
-5.070372523140157517e-01
2.348214968317788309e-01
5.406417743110808471e-02
3.839806128433678745e-01
-5.146176884281026265e-01
-5.134618625842085615e-01
4.173237307986297773e-01
-5.338224514759173367e-01
2.751527547657561801e-03
1.911563134980828194e-01
3.743685409728917945e-01
-7.429402025905164353e-02
-6.756934306501996002e-01
3.494820935714474941e-01
-4.053512655383726959e-01
