2.695645390086086612e-01
1.873387619620969224e-01
1.413566528398310651e-01
-4.411065348320785673e-01
-1.514532052388332939e-01
8.378207450698144099e-03
8.234641356507471643e-01
-1.400379407818385102e-01
-3.755513245874496364e-02
-3.293189530463334069e-01
-5.237984141146563577e-02
6.191467895958332468e-01
1.722774841646439736e-01
2.933760542448389241e-01
4.061976705106886687e-01
1.610739653526823967e-01
-1.408342556670400536e-01
-1.237760495361996255e-01
7.743571044421029836e-02
6.447606216679349078e-01
5.922947037443693219e-01
-3.279961364757945363e-02
-4.962536732484709723e-01
1.519678031780810623e-01
2.059582847075238643e-01
-1.315374373163109012e-01
1.671406094870086512e-01
-3.557058164047386395e-01
1.053047485102291403e-01
-4.171276941722963372e-01
1.596210503709791784e-01
1.211501726770497223e-01
-1.164671931094064666e-01
1.091651110717800632e-01
1.064685724834161379e-01
-2.117612728943403244e-01
4.231908005456739286e-01
-5.315507532404885327e-02
-1.650168234121021649e-03
2.304159467583513088e-01
1.047677441089365363e-02
1.658300973085820584e-01
-6.144106926587662026e-02
-3.397575085079924673e-01
7.587702020736913910e-02
-3.993806219543167835e-01
7.151268973553975838e-02
3.672616125906510987e-02
1.799102602051707855e-01
-4.529398317674848684e-02
-3.414160224794527410e-01
-4.133204462487148900e-01
2.863532803116352055e-01
-2.284356367867820536e-01
6.578754873855700014e-01
4.605657241791622503e-01
-1.001037138888277306e-01
-2.501191935693110324e-02
-5.921445519800985213e-01
-5.903206396107992804e-01
-2.048793261852702718e-01
-1.972053668386659353e-01
7.622545530049140705e-02
-5.786179621896447856e-02
-2.456334105071829588e-01
1.987204367926652948e-01
1.468677833387698195e-01
-3.799087371315985617e-01
-1.320288419945291891e-01
-3.366065674849258449e-01
4.931461068100173040e-01
-1.605718363140782035e-01
2.209161501209364331e-01
-1.117034859169112604e-01
-2.727813682621502145e-01
1.859727549827049353e-01
2.000267377721106354e-01
2.898702686843748211e-01
-5.751421342982677987e-02
-1.298662026199947361e-01
-1.548275609681364628e-01
9.201051665235163157e-02
9.895088949882578644e-02
2.382828746524555119e-01
1.521244027921122011e-01
1.635390818495940368e-01
4.740543741859153115e-02
1.881750401585386701e-01
3.022454829772784346e-01
-1.486598869895540964e-01
5.193624307626949071e-02
-3.312613452668400904e-01
-2.621390781327143094e-01
-2.155795317628959318e-01
-1.584271854293184401e-01
1.069057185514732389e-01
2.126210113582258643e-01
7.419387173088459742e-02
4.044748483881871470e-01
-2.671902512874983412e-02
-2.950128808189882434e-01
1.833466324721493707e-02
-4.838001217693257416e-01
-7.458847873569660059e-02
-1.176551735066514726e-01
-3.226919733497978782e-01
-1.421008489982867884e-01
2.418001897628593300e-01
5.240622723492441293e-02
-9.559814607293044830e-02
1.944573132524643477e-01
-3.739316133526603830e-02
9.855186257327178123e-02
1.920694189582065059e-01
-1.974963848077679884e-01
-5.728261244398969998e-01
-1.859223343917689730e-01
-2.829303217602488485e-02
-4.272408011170696907e-01
-2.440267361483065556e-01
-2.926169878621742160e-01
-4.352745311909931442e-02
2.693545355352579551e-01
-2.842001176321131695e-01
-2.827986141675969956e-01
-1.146540112530604200e-01
2.665207778015734608e-01
-2.064832895143158820e-01
2.245690694844508783e-01
-3.417218394281675287e-01
2.811709683760106326e-01
6.242637274843500228e-02
-2.030376368677264121e-02
-4.460785757573562660e-02
-1.887099083677903216e-02
-1.995342076538317577e-01
-2.966135310593917551e-02
-1.317663127505110110e-01
-1.513374146144432220e-01
-2.892448240738375587e-01
-1.774993055985036317e-01
-1.506471266745305626e-01
1.003671815090700081e-01
1.175232415325625918e-01
1.072733136890756112e-01
-8.274147056107428178e-02
-5.909370831161373655e-02
2.711456242611314238e-01
6.686056518266514370e-02
8.488314929619841798e-02
3.183022338477369817e-01
1.413738709958458073e-01
2.276564226320946238e-01
-1.275304917137158323e-01
2.737408516419456150e-01
2.385878681975142981e-02
8.104273375508806720e-02
1.747303507749521922e-01
-4.766441085825572077e-03
-8.655378167361074682e-02
-2.989042821921464865e-01
1.254093729744970576e-02
-2.829467713045479837e-01
-6.534731661147221392e-04
2.675504744705656801e-01
-4.542091643120431677e-01
-1.136363605333726677e-02
2.544099152857065560e-02
1.037888586794533663e-01
-1.284281858509108143e-01
2.336193661019850543e-01
1.726814333967087792e-02
-2.193747892576294045e-01
-1.445588152675934823e-02
-2.975298849265939349e-02
-1.525993328901927570e-01
-1.584364788946704961e-01
8.236994830668198375e-02
-2.435986298428402252e-01
1.796102565769366055e-01
-3.234920886098036630e-01
-3.329804939302829364e-02
2.161573055880229230e-02
-2.075514192284879933e-01
-1.133481955148826423e-02
-3.962110526998228188e-01
-3.042510540720325118e-01
1.088348327591397852e-01
-1.348677299734944990e-01
-3.044015857332481034e-01
2.909241190001769506e-01
-2.993515425544850950e-01
-1.522772816994373279e-01
1.449549099373682037e-01
-1.982883052113022099e-02
3.116784331734812064e-01
9.163088403820005001e-02
-3.233137619472153945e-01
9.537623178415881309e-02
2.162067785886686577e-01
-3.537263260507868545e-01
-5.825483077151988320e-01
2.012249473443910031e-01
2.303872663013239730e-01
-1.691458906472336210e-01
-3.515618665234688245e-01
-1.335433656655670154e-01
2.161610517452711433e-01
2.295949989973839755e-01
-1.753521110924693704e-01
-2.916723346487757329e-01
-3.396356996812209816e-01
-6.383430078833188248e-02
3.238618544993498993e-01
-7.880626579406821985e-01
-2.463158495717356622e-01
3.963390805599252276e-01
-3.414536111557752718e-01
5.824212389786207478e-01
4.611684318647908953e-01
3.062354293480925582e-01
1.707914809883550322e-01
2.093576562174468414e-01
-6.750958919724045493e-02
-6.301438350945622879e-01
1.406669225136902013e-01
-2.364501423281810955e-01
-5.658728280927869392e-01
-6.735588932943104012e-02
2.782715709910233426e-01
-6.818780925754108768e-03
2.821350986224614721e-02
-3.733856626922005869e-03
1.424022830603997522e-03
7.981423144400312530e-02
-2.560879463372104162e-02
4.067945292866959744e-03
2.684398325823630360e-01
3.309038691864911730e-01
-1.082311331642803881e-01
-6.821619932638145478e-02
4.664523230981049845e-02
-2.906769764738130757e-01
-3.303363668550647336e-01
-2.352097439021308412e-02
-2.101205988247951129e-01
-2.929087463428464710e-02
1.588455339763633276e-02
3.973906160066856819e-01
-9.185750951324372915e-02
4.296185184528635848e-01
1.630187773869533618e-01
1.489843080022723587e-01
-2.253318833708642110e-01
-1.581688214273376247e-01
-7.374966154659608197e-02
2.126467413751040314e-02
4.047222758028569678e-01
9.678021856241666998e-02
1.310562093387893090e-01
-1.994952621447847740e-01
-1.875216505185409166e-01
-1.596194224368797238e-02
2.831868181609027701e-02
-2.379641967480115583e-01
