3.175084553065653514e-01
2.302112537857584074e-01
-3.915302254585995706e-02
-1.655229215514281704e-01
-2.005193026375330922e-01
4.635208691242247853e-02
3.434041203060461123e-01
8.751181448513914440e-02
-8.643219411053211509e-02
-4.739453050198195738e-01
9.192835302349894322e-02
5.306400469130801989e-01
-5.014915460564033783e-02
-1.591408112605776637e-01
4.523759947410674331e-01
1.373567293135572742e-01
-2.364407399625273742e-01
2.889619563155655935e-01
3.368379073236957288e-01
1.288489167194288576e-01
1.716311291298298625e-01
5.326785260481164963e-02
1.603309841875220354e-01
2.928086902222958310e-01
3.959211332914620574e-01
-1.875884272923855900e-01
-1.627198960314613085e-02
6.716872943304266763e-02
-3.996836504929164313e-01
-1.935494578256426457e-01
5.978580681925931284e-01
-4.367962441267459472e-01
-6.853511831790799480e-01
1.432035073513874268e-01
1.557072726572065191e-01
-2.513069035884691327e-01
-2.944732810285300567e-02
5.017859235629071879e-01
-2.807547799095290175e-01
-2.002263331019035197e-01
-4.114097255342309967e-01
4.001198750339489685e-01
-3.053697383057938919e-01
-1.674043965931611977e-01
8.723441593128052063e-03
1.397574398859950939e-01
8.946417101415629625e-02
1.819593768679741985e-01
5.447615014107022591e-02
-3.093687890828411002e-01
-1.210447774264172827e-02
5.491765997836104418e-01
3.809743800493513577e-01
-1.494449573895741401e-01
5.184338935928859415e-01
-2.225716182881263758e-02
5.452226039261647283e-01
-4.168842739696719257e-01
-2.416294043027257255e-01
2.803731987155224648e-01
-8.387848408071070239e-01
-2.297717739723256214e-01
3.619159963685125714e-01
5.605518793795531973e-01
-6.904569240886969661e-01
1.828499276293446552e-02
-7.563870173092579474e-01
-6.098455714671239258e-01
-1.000000000000000000e+00
2.066542542254314885e-01
-2.809826630507251677e-01
1.921708548315122778e-01
6.378642908204255058e-01
-4.289901537076525329e-01
2.376406805846044412e-01
-3.439081822844571035e-02
3.313153972321751795e-01
6.678365945440500884e-01
-7.303919044036717434e-01
5.638011632756010361e-01
5.656480325679812404e-01
5.731374796197876709e-01
-1.960211236100547483e-01
-4.191422282523078052e-02
2.017765147506879464e-03
3.973363558435083487e-01
4.449775152960586677e-01
1.000000000000000000e+00
-8.335778027689624281e-01
-9.572136765721313278e-02
5.558774093250925530e-01
-4.103014822510624993e-01
-3.585361905372315139e-01
-4.853095270249189186e-01
-7.886167021201837546e-01
5.451937554020224175e-01
5.739180078885253167e-01
-2.388814131005790320e-01
5.128331648308056545e-01
-1.092224117969340380e-01
6.955266944579741040e-01
-1.342865061112341607e-01
2.492530686187874323e-01
-2.277018394483409369e-01
3.142569600311111155e-02
2.490405076077711610e-01
-6.004561275704279888e-01
3.182742949329366855e-01
4.797155251612648108e-01
5.389727917041575722e-02
3.356458206851529180e-01
-7.068626643255380149e-01
5.583113378875138588e-01
1.902179397315507947e-01
5.302208438659206102e-01
6.388954253114775828e-01
-1.895090763670101430e-01
1.438399422035776809e-01
-5.096546054461563724e-01
1.747133309356496411e-01
5.807798513719628630e-01
-6.795974260028204983e-02
-3.597519669392559294e-01
-5.493472052981580589e-01
4.409870661488983767e-01
6.328167735355634260e-01
-1.173105087114219985e-02
6.650243334989496269e-01
4.420879786207240758e-01
-5.356708085072352937e-02
-4.410823682589122829e-01
-5.292908406938037214e-01
1.252513027344677732e-01
7.017511069290327530e-01
-6.421217227180449072e-01
-8.526439891489047129e-01
7.580878947713094451e-01
2.547003256041988628e-01
1.118683327937544936e-01
2.117115036252083804e-01
-3.733986499514837520e-01
-4.208221066352961226e-01
6.216012283417271522e-01
5.241404397525161185e-01
5.803052751723603020e-01
9.385022956031371377e-01
-1.000000000000000000e+00
6.759316237073242917e-02
-7.643928161846924585e-01
-7.407412537578406120e-01
-6.552530992541892862e-01
-5.520266169696492337e-02
7.879993188830347606e-01
1.636716737476082151e-02
-6.341838255281377901e-01
1.197468073886301942e-01
-7.524669295757637766e-01
-6.603481296256474842e-01
4.959050890361698660e-01
1.000000000000000000e+00
4.060565182443529597e-01
6.214286949625961176e-01
-3.704071939704102756e-01
-1.070072971302930553e-01
3.845523723122353799e-01
3.048843997146488682e-01
-3.929657805290846517e-01
-4.852580022105196234e-01
4.476339509971756780e-01
-8.510310330767970610e-01
2.841370304211715547e-01
-2.732936693428206221e-01
8.831775062354663142e-02
-2.243937124535157202e-01
-4.902649356138201742e-01
-6.688039731849909630e-02
3.540443898811134193e-01
-5.758531701542215497e-01
8.204649619794456283e-01
8.329383692274729967e-01
3.554761762052189855e-01
5.495409416664148727e-01
-6.948977868633340327e-01
-1.810407297487866274e-01
-4.945479341480156776e-01
8.251245388742679543e-01
6.039018976471624001e-01
2.447894701550600849e-01
1.420330402231605449e-01
6.155777857875365244e-01
-2.321518450888948593e-01
-1.174971972270590637e-01
9.977301939387078766e-01
6.792328452475340228e-01
-2.010197736668674073e-01
8.725033637799679831e-02
-4.987131348750247217e-01
2.216150956060586319e-01
7.488182140198054171e-01
1.228024153544508834e-02
-1.839709151209512616e-01
4.270605462250610662e-01
6.492697929332829077e-01
6.969314296979400858e-01
-2.396678590324270719e-01
-3.536127611536841187e-01
-5.021436520011435256e-01
1.477126819718938833e-01
4.115108566388854250e-01
-1.658179060220534573e-01
-2.062811021380467902e-01
-4.146940197157198554e-02
6.578165348366399323e-01
9.488897239311570031e-01
-8.830722083168416336e-01
-8.502969693848100308e-01
-4.593120837590968231e-01
4.213066537686018798e-01
6.091304741741286888e-01
-6.447968172460726288e-01
5.730682907038238127e-01
-6.412388755782948146e-03
-7.387992163746784913e-01
4.444999154460415602e-01
-3.507336255759442301e-01
7.110024980191473887e-01
-1.534896258154475335e-01
2.196544881482047351e-01
-1.550010141565991706e-01
2.570574664819130772e-01
-1.796401854858953318e-02
-5.700670381332240133e-01
-7.412538363391361074e-01
5.013772701130004839e-01
-6.195689966538209248e-01
4.791414739155412383e-01
7.659105197893779637e-01
5.135286968427925647e-01
1.185903204718791876e-01
3.060764399139138670e-01
-4.585475055913383613e-02
-1.745601488373025312e-01
5.217853247542322825e-02
-6.663858701179465882e-01
3.349063192043166826e-01
-3.100628100687031208e-01
-2.930835393735230499e-01
6.544619172164427567e-01
6.986970546183171593e-02
-1.050691925228553203e-01
-6.775317663857109984e-01
-1.562337244582438778e-01
-8.068416706314826548e-02
6.312453616769221343e-01
-8.283482210817576519e-01
-4.346992935053040075e-01
5.761735583939041616e-01
-7.444313453954634063e-01
4.099188069821867869e-02
2.290483546631614797e-01
3.096716803626896608e-01
9.644273361960160884e-02
-7.096633119666198031e-01
2.674165619703046115e-01
-3.707501050707308621e-01
