7.258611339414428043e-01
4.956269437220716667e-01
-1.984730236939815928e-01
7.255298447673991236e-01
-6.513641024301541904e-01
3.663882459012593462e-02
3.276076742942222175e-01
3.839939336960112026e-01
-1.112917593133105482e-01
-7.913090229210543169e-01
2.759278448179481313e-01
6.729764006643904617e-01
-1.182751817947985951e-01
-2.186179298295352069e-01
6.272238351522162469e-01
1.432066178984179317e-01
-6.823184009879935674e-01
6.967996218033908340e-01
4.748835852496490761e-01
-7.378988815330688178e-01
-1.243291978291115041e-01
3.289270651444661242e-01
5.669082382163607159e-01
8.964583588025829552e-01
4.884394773394295508e-01
-4.676913522110840993e-01
-1.991203785225853506e-01
5.768089589654801230e-01
-5.778141436402821629e-01
-2.169704933578858741e-01
7.357671645914815040e-01
-7.325054935406944967e-01
-5.593228030956171049e-01
1.542472529094343625e-01
2.797161582093001808e-01
-9.179202568234831050e-01
-3.120503293849439252e-01
1.000000000000000000e+00
-2.744267633061946432e-01
-3.330252751483302465e-01
-8.926251533255016302e-01
6.554522037888480535e-01
-6.067337099558194335e-01
2.383382673149030406e-01
-1.108280568215136014e-01
2.729405720200921495e-02
8.535029588665135614e-02
3.103997293626076792e-01
-2.525618713168968910e-01
-4.656391489493244551e-01
2.854687081585376984e-01
8.710887748513166384e-01
4.630737223958337201e-01
4.039694945020658734e-01
5.209737800037891331e-01
1.796137110489687272e-01
6.527873579944212246e-01
-2.726125638532066464e-01
-1.091669684532056567e-01
1.051292030259064758e-01
-7.352105341800629912e-01
-8.731837415552909376e-02
8.039464392252776426e-02
3.887487561572552930e-01
-7.116791214793167786e-01
-6.566966470274912537e-02
-8.394729054598748519e-01
-3.876422654571687332e-01
-6.819715251257533195e-01
2.162914113693897300e-01
-1.246762262246407238e-01
4.054775715045960682e-01
5.265329792003247134e-01
-2.040575978083525033e-01
2.512129136134375051e-01
2.619340372237980441e-01
1.396722145737658294e-01
4.334068150601949609e-01
-7.640235657026512861e-01
1.579861315380466369e-01
2.899290410674311702e-01
2.732650045304405029e-01
-5.510601380872263977e-02
-6.603483288129118924e-03
6.257503130768199417e-02
2.651814381140180088e-01
4.328372821951319005e-01
3.499816939910552205e-01
-7.969683663637341375e-01
-1.481988886010751072e-01
6.764867428031606789e-02
-4.274573826740836746e-01
-2.806436052447622287e-01
-3.231457816973273278e-01
-5.293226093857577030e-01
3.621167355494285256e-01
3.919907734343603400e-01
1.056012618331762243e-01
4.405445686397514438e-01
-1.670834294611500126e-01
6.247294489607275736e-01
-4.909684078906753624e-03
1.630025535273451620e-01
-2.465554829738852149e-01
-2.322938501881986056e-02
1.695469752167228783e-01
-7.237861033901731300e-01
2.060738919585516915e-01
3.116555374164882153e-01
-4.421768471132873912e-02
1.978642304866241319e-01
-5.586442983671053852e-01
2.882665712252450163e-01
2.543696522873099553e-01
3.430382214193133938e-01
4.552350549000300783e-01
-2.673288396447285331e-01
3.399143366287840085e-01
-4.667220619277688276e-01
1.963937256473428650e-01
5.589850702218660539e-01
-1.701422358797794951e-02
-6.767509260629415158e-01
-9.998966381683593863e-02
3.140676212327661032e-01
5.135363833761729113e-01
-8.681332303098347747e-02
4.238890051905729317e-01
3.042373365997403933e-01
-2.123873216219112625e-01
-4.381079628674623416e-01
-4.461041317735526812e-01
-3.303897386978432715e-02
3.792838903088673330e-01
-5.473235363272546117e-01
-7.574959330228803189e-01
4.336855906159013396e-01
3.417396467836839730e-02
-4.922854884484688665e-01
1.393610522200844359e-01
-3.767741105448844108e-01
-3.857556277056399807e-01
5.894383828154112770e-01
4.395639365645756524e-01
4.624701607695403394e-01
6.624925947047065611e-01
-6.550879652616115045e-01
-1.134973403714317625e-01
-5.932467273208856806e-01
-5.175910190619427143e-01
-7.077800144686725581e-01
-2.027856617975793696e-01
5.467744019159785918e-01
-3.496982056045301324e-01
-5.063666186810542591e-01
6.370508561305113227e-02
-4.677596685042222369e-01
-5.458051087128746870e-01
1.956220428694266933e-01
8.325910489749245302e-01
5.558951288058879836e-01
3.905463485527601586e-01
-3.493379952920140363e-01
-2.651754623310763059e-01
3.777933100312008130e-01
1.797963403346154454e-01
-6.605852644467349322e-01
-4.128039601572575101e-01
3.691262886829622114e-01
-8.263397660243317899e-01
-2.132271090540391045e-01
-3.200206911735817839e-01
2.425673196658481579e-01
-1.742110886919567836e-01
-5.769774813137928948e-01
-1.054397219894398496e-02
3.260709522661293103e-01
-6.062656493770871569e-01
2.225233992312484754e-01
4.087681635660846968e-01
4.770379275737740010e-01
3.699129567156033138e-01
-4.723437437135927230e-01
-1.028436996518431595e-01
-2.918836523476164846e-01
3.359692946792675050e-01
3.562440296071043844e-01
3.497766171101016619e-01
2.137635320348799384e-01
6.292921506940551968e-01
-2.330514547645824164e-01
2.686424306495843045e-02
8.092974826989337567e-01
3.492327369425847761e-01
-7.178807992159803864e-02
-1.052188213879646783e-01
-6.305113970253215516e-01
3.295072538757307101e-02
6.886767078268414277e-01
6.559562493011894535e-02
-2.011359781133710833e-01
4.496840404660807922e-01
6.578676531028100349e-01
5.157111768342916847e-01
-5.474765458628770842e-01
-3.275067504980936905e-01
-3.951030577508090613e-01
2.300172813820927295e-02
4.180494212766545647e-01
-1.446359927559681124e-01
-2.219163118357301845e-01
-1.047975024364811714e-01
6.876419688667805286e-01
7.796301556832065938e-01
-3.057733661403554404e-01
-8.504104771614803271e-01
1.347809527767721005e-01
3.995650704766287031e-01
6.027807727041660790e-01
-4.418095276234709767e-01
6.927165698532291582e-01
1.194370828218345032e-01
-6.336855877869501663e-01
4.148084237031529620e-01
-3.635247658218460631e-01
6.234399424686801749e-01
-2.980353169444567851e-01
2.151949431096487064e-01
-3.716876789950109838e-01
2.160383236471629387e-01
-7.728453897770562464e-03
-5.495635844729267472e-01
-7.295883181112174931e-01
6.974553560634751959e-01
-6.416283337749011384e-01
6.398314354278599181e-01
8.991613718815847367e-01
5.708364373945480352e-01
2.897690304368658598e-01
1.475933955351496352e-01
-1.634762426201612495e-01
-1.165034275900285812e-02
4.977169734342132973e-02
-5.511044924073885687e-01
5.527700117453029360e-01
-5.036501193296447632e-01
-2.500256286356918878e-01
8.133118065240013683e-01
-7.816324447952611998e-02
-2.047962514819615387e-01
-7.474813630473076120e-01
-7.863239143601276349e-02
-1.069256703058874269e-01
9.531974394099173020e-01
-9.350849237914763412e-01
-5.437425852137223181e-01
7.525546799403705078e-01
-4.412356048730957658e-01
6.720592421751556134e-02
1.774759069229063513e-01
4.125101815790112592e-01
7.942069917342400864e-02
-6.686832779198607080e-01
4.979125412442136911e-01
-3.851997516662751808e-01
