3.769980987655119908e-01
-3.842514113894669459e-01
6.529528126338413063e-01
4.285123410124274113e-01
5.941306950193987052e-02
-1.552340663650277619e-01
-2.036433913757590974e-01
-1.925592374212790059e-01
-7.382063924853409231e-01
-2.412156376549250136e-01
5.451071365543335157e-01
-8.034047665718355158e-02
8.397201806432226245e-01
4.788375528415413362e-01
-1.444397001673304592e-01
1.399710393111900930e-01
-6.878591885100970860e-01
-1.253699118392120893e-01
2.190441250750169155e-01
4.449552430342004206e-01
-8.209236915122745115e-01
-1.353102093492372926e-01
-3.514971040052545792e-01
-5.224146224737714617e-01
-2.877337890330912140e-01
-2.428874519648057395e-01
-3.218291791290500692e-01
5.419111957260784873e-01
2.148294349652040136e-01
-2.855665156021749418e-01
-3.212041955607071175e-01
-9.426099672579204419e-03
3.739389991988933404e-01
-1.730684007037248673e-01
2.153162966409342960e-01
7.056787138299227546e-01
4.436446077504775376e-01
4.750300984978185204e-01
2.844268498686989832e-01
-1.791911632647095187e-01
-4.528903081261504426e-01
-9.295141982762004929e-02
-6.198867389620871249e-01
5.926624076067851243e-01
3.569787034389479974e-01
-6.265765448707379948e-01
-7.028306841301165120e-01
-6.919416197747024766e-01
-7.096182757206989100e-01
6.678177080814976518e-01
-8.651139395070219784e-01
-1.311374260511320444e-01
-4.467189740496075312e-01
-8.956509519211522941e-01
-5.968368427379537600e-02
-2.586904181998180285e-01
-7.300169927533688430e-01
8.440456164505520942e-01
9.032017423024213398e-01
5.883019324788379967e-01
1.763554235835125272e-01
5.834903285281923813e-01
2.714641884647853165e-01
-2.655517484535189765e-01
5.822185990680133205e-01
9.509056832326556741e-01
-7.136756112886268877e-01
-3.921085854139943483e-01
3.055629685948981766e-01
6.060984619762308512e-01
5.231935401669516317e-01
-3.961215199089917482e-01
1.847138401323373536e-01
4.342220065028798426e-01
-3.240508362586544400e-01
-9.035921172784742161e-01
-4.587734360185829335e-02
4.934049903302649698e-01
7.780737101214230123e-01
7.929346703054083179e-01
-1.260605786950209639e-01
4.084253746442163824e-02
-1.414232428869928726e-01
1.672614899035412550e-01
-4.105145021718470399e-01
5.776256327480671082e-01
-7.094452073153707516e-01
-3.203805513171031349e-01
-1.896500855905131344e-01
1.880573063581344739e-01
6.526242034709871243e-02
-7.200410579946212586e-01
3.903764348908357884e-01
-5.130144887481355997e-01
-7.183229006888317558e-01
8.349560388820885803e-01
-1.402813362787241613e-01
5.380129146599993417e-01
-6.322340918270484833e-01
7.971477275098584059e-01
2.877288857684016654e-01
-1.970408187480036100e-01
-1.226428751964928621e-01
2.318102957199201508e-01
2.758370437253428453e-01
8.625588357096943826e-01
-2.406401949528877149e-01
3.937058204049754817e-01
-4.790871261788609003e-01
5.183466771604270384e-01
-1.877934254557835636e-01
2.871167738383249013e-01
-2.165290310803372198e-01
-5.757023707182139516e-01
3.015805557389794611e-01
5.702793691496955281e-02
-2.210694596370781639e-01
1.286939716212159857e-01
7.054185862514890104e-01
-1.467929344649770707e-01
-6.782568486502056349e-01
6.814227563543331749e-03
4.759334207481769607e-01
-2.566888527072694881e-01
6.165246852790361443e-01
-2.042933173606876762e-01
5.851598108099785867e-01
4.563101580291442638e-01
2.514414527083154716e-01
7.964271603345389472e-02
-1.857157218017664868e-01
2.463178881873246129e-01
3.432366605762950940e-01
3.946989407666693928e-01
5.636644567565721881e-02
2.978975551595335336e-01
1.640093568486781228e-01
3.286348276377044214e-02
1.068909221135709020e-01
-4.736145151182289958e-01
3.814752331790334239e-01
3.962226898422323978e-02
1.497329185872670887e-01
-5.760636099185414416e-01
5.066048597124490904e-02
-2.568118507484117297e-01
3.171657564443101651e-01
5.278428804496163723e-02
-6.298213907319952787e-01
-7.484437015833411699e-02
4.859962922818509279e-01
3.513721835680196914e-01
-5.788348523800312950e-01
-2.854745130631879402e-01
-8.872101692895496827e-02
1.068418248850143137e-01
6.268752883580673563e-02
2.103082765542992061e-02
1.000000000000000000e+00
-9.005782874429642260e-02
-6.925387553884054803e-03
3.869962848311253589e-01
-9.193300745694844844e-02
1.862190753419441513e-01
-4.234416005615276868e-01
-3.749623884091613513e-01
3.096480712342703501e-01
-6.469397568289673162e-01
-2.457677182013205119e-01
-1.356025416769297554e-01
5.415928299292837034e-01
-1.836683316016039236e-01
-3.254564904784501000e-01
-1.030147177109716206e-01
-3.453400471913116165e-01
3.860936975488622747e-02
6.930988258398985968e-02
4.134664717203961892e-01
-4.311495670760972510e-01
-3.666606312453054017e-01
-4.627717821369465301e-01
2.200759123690363417e-01
4.894681025629695204e-01
4.240657501202593771e-02
6.605320059014126999e-01
-2.281188861083436291e-03
4.929305893526361171e-01
-1.763494506890374847e-01
4.725279801824522896e-01
-3.207428910882422768e-01
-1.943725637551220742e-01
4.476529513525040471e-01
-9.654982720420687836e-02
2.110431388770823147e-01
-1.503779227113072048e-01
-1.776766051369204902e-01
-5.309709776339064380e-01
2.040325769442685733e-02
-1.988881009478958295e-01
4.524660557639572644e-01
1.991083261240685076e-01
5.869166539101552255e-02
-4.830180832696430171e-01
-4.245627791341098356e-01
-2.594454848181087514e-01
2.190908920177915553e-01
-4.292323062334840733e-01
-4.000100809797538792e-01
3.738060005980115563e-01
-1.009563112499906323e-01
-4.247428657821478715e-01
-1.926079567641864054e-02
-1.979149437221386920e-01
2.852663219485013779e-01
-1.190979480471186930e-01
-2.269247659994386504e-02
-2.969374878884140645e-01
-4.458246069401772815e-01
5.178017297550430165e-01
1.178923704130883654e-01
-3.431883348287151358e-01
4.013039542980488261e-01
-6.874702941537588763e-02
4.543053257121673072e-01
1.030058692906839074e-01
-3.908211004531297883e-01
-1.179589090959685532e-01
-1.961247350883484342e-01
1.441506991505639990e-01
-1.780128967043405688e-02
-5.620869172517807266e-01
3.890956910995426177e-01
2.180920982256958074e-01
2.373129699042741125e-01
3.027897470248344658e-01
1.048266964704955839e-01
2.720213563845215732e-01
3.500323741193462346e-01
5.423277524365317515e-01
-1.306401063367108040e-01
-1.888689272551518639e-01
-5.654961915803699002e-01
8.081485521133471850e-02
1.920553933850972506e-01
1.136094028495439508e-02
-6.082495168149211207e-01
-1.936865678711859051e-01
3.272738047814139489e-02
-2.366415865495025139e-02
-3.634461440980659708e-01
-2.320182527137291395e-01
2.063372911412893751e-01
3.213088388123206407e-01
5.073500468331213487e-01
2.106912176335259401e-01
-3.184325642057581618e-01
6.710746440800523516e-01
-1.369555137144922718e-01
1.626736779295107904e-01
-8.408478906875306580e-02
-4.935849040430342338e-01
-2.131887698793895058e-01
1.785071595687224288e-01
4.923149812457883745e-01
3.499090884158413406e-01
