-1.313493768025013331e-01
-5.092491079663290510e-01
-1.133313684544271817e-02
4.011955439153051528e-01
-6.785805180781502577e-02
-1.251680363754167913e-01
9.315220621691079617e-02
3.665981019926708440e-01
-7.572558062994276806e-01
3.766082838835949076e-01
-5.327656018263885462e-01
1.555750274371409392e-01
5.245951621469528980e-01
6.543205269172341909e-01
-3.120065390973537078e-01
1.275259626653147405e-01
-6.312233462615979285e-01
4.080102114442986649e-01
3.564712491459145483e-01
-5.617033768208722355e-01
1.959883651199934296e-01
7.701239798435084438e-01
-7.080198247042146509e-02
-7.144862518348148450e-01
1.821976714913562945e-01
4.383776316901885073e-01
-7.779510068421529034e-01
-3.119551480211550931e-01
-2.749144300200600521e-01
-4.318597463299020389e-01
-7.957031601018849098e-02
5.996188496494867515e-01
5.016597242955862512e-01
-2.986643444577746775e-01
4.345043452894994385e-01
-7.159757305644562919e-01
-3.618450005627248389e-01
9.124152780419858555e-02
4.821351319348307629e-01
7.885624096059781207e-01
-1.542503182065634026e-01
4.016536259433158840e-01
7.250504465912877006e-01
4.710350537836630602e-01
-1.969388446154253514e-01
-1.825282130747976073e-01
3.584648091722398081e-04
-7.217125732172322561e-01
3.723602551676265943e-02
2.687637563656281592e-01
-5.109344302018423711e-01
-6.912204065543329223e-01
-7.434347416688052990e-01
-8.621941950504069530e-02
-4.462141110543767497e-01
-2.912582158650620090e-01
-5.512878901991552505e-01
8.285471675656268520e-01
-2.009774428012503847e-02
-3.310870829743660648e-01
-2.161143095127777969e-01
6.395915615789186104e-01
8.770086396116535954e-02
7.758555573492235125e-01
2.320148287270176191e-01
-7.135918364573248240e-01
-3.798134056670851022e-01
4.884518248089871895e-01
5.523790041863574363e-01
-3.089571459044331836e-01
-4.585415953491996932e-01
-2.870066842486277414e-01
-7.233169956265194100e-01
-2.720823065246216199e-01
3.716749673325879522e-02
-5.705333078661818380e-01
-4.926583346186781398e-01
6.958114077292186783e-01
-6.479434790084763474e-02
-9.591311282172804153e-03
5.496917926508971819e-01
6.871475991677822304e-01
-3.432974762518113399e-01
3.927581328431547503e-01
8.368815120899482096e-01
-8.327209868571527895e-01
3.539800110837734159e-01
2.440584926281479938e-01
4.071511284731840208e-01
1.454147760561785574e-01
-6.925647211059882125e-01
5.224920296836692568e-01
-1.660734159034441340e-02
7.484040625989543671e-02
-7.939502517396868075e-01
-5.022411937831415818e-01
-7.398243162973926201e-02
8.182070756572263903e-01
1.307008156419376954e-01
-2.070805557447027989e-01
6.314495062968821237e-01
-3.620211865493301318e-01
-1.282583045600786675e-01
-6.037267516608483264e-01
-3.183366433162916898e-01
6.386162471363557858e-01
-1.469568410473945652e-01
2.746415154779714429e-01
-2.386201100456774027e-01
-1.792820748082514792e-01
-1.748549220399013282e-01
3.217648460993270676e-02
3.292480838202506699e-01
1.736861213452677299e-01
-8.041153463718299088e-01
-2.000669280751176116e-01
-3.907702355361660634e-02
6.154328771892912942e-01
1.152930337840642749e-01
1.841001204600541397e-01
-1.699034137343310435e-01
-3.069874456642482374e-01
5.562837440122491151e-01
2.681362020967377191e-01
2.236820982794003945e-02
5.734505408273699034e-01
-4.679700746900977704e-01
6.136637363255111888e-01
1.245161324175134560e-01
3.522126535851973772e-01
3.711873113451087391e-01
-3.093791334082244271e-01
7.920562198460272541e-01
-1.423244154805969330e-01
-7.761549102595692584e-02
-7.211073639005820268e-02
-8.960564016709531288e-01
-5.090658554454388085e-01
5.648660479187744832e-01
-7.481989813380953702e-01
8.550017583424435186e-02
2.755481214901487341e-01
-8.600290838653693593e-01
-5.616282048397305271e-01
-8.926260724462559137e-02
2.425603168433138335e-01
6.197898205310632402e-01
5.698472711348475522e-02
6.290561836213551805e-01
2.478551190561092687e-01
8.980398958630302353e-01
9.059039932775939663e-01
-2.783259719010697936e-03
-4.909390704972387276e-01
7.378103118333092514e-01
6.675165615450135981e-01
-1.162421814475017023e-01
-7.085863515535675283e-01
-1.107140414263113326e-01
-2.124739499612648963e-01
-6.892464673170198286e-02
-3.547700420973320390e-01
6.005397007725132852e-01
-9.365525212371328401e-01
5.998929840622146958e-01
4.706701442797252555e-01
-7.688721920835674961e-01
8.963005340102441210e-01
-1.144049540838588952e-01
2.011099034638110239e-01
8.004361604875531722e-01
-6.417772988751367647e-03
-3.749302244267787576e-01
4.875562250860552282e-01
-1.777463180562258160e-02
6.572165674587083783e-01
6.714841645767766209e-01
-6.747819558481022995e-01
-3.542136002026020081e-01
8.301569360306599865e-01
2.264571731642925634e-01
-2.023009362893780083e-01
8.097518605550888537e-01
7.990644699989367661e-01
-4.212127964448032502e-01
-7.571016044865691574e-01
-5.498667120807384512e-01
-3.955590365435736055e-01
-7.227155286239724807e-01
-8.304228494972643038e-01
-6.351914670302275523e-01
-2.959697771728277416e-01
7.294356783611656292e-01
-4.210436662205959690e-01
-3.618488015390376039e-02
2.033130405869436330e-03
1.158725979344473744e-01
-5.808118626168674858e-02
-4.958531474378715664e-01
-6.044381657693720378e-01
-3.050001150763603230e-01
1.970479722583073912e-01
-8.064945015205345902e-01
6.391229695099176489e-02
-3.750853401106406526e-01
-2.172408325404710794e-01
6.415222232714651307e-01
7.418071845519508267e-01
9.969179151132941119e-02
3.750284549157918979e-01
-5.155704037594006639e-01
3.986173142042456763e-03
8.103300079396168476e-01
-3.737393595860129258e-02
-8.085162321060809232e-01
-3.290327228713361141e-01
-9.922119559136025058e-02
3.912720046755981951e-01
-6.978770587267439929e-01
5.618021065539343661e-01
2.595915819004417369e-01
-1.547553876584817911e-01
-5.590888831245434121e-01
4.685867755255299638e-01
-7.774397128252631406e-01
6.556071110770857191e-02
-5.762278945166646738e-01
1.003086793464337545e-01
-2.507599204965288431e-01
4.218916813845920433e-01
-2.451133310907057106e-01
-1.192501913718765766e-01
-7.382155360070991046e-01
-5.386606576485946096e-01
1.816755399386194014e-01
-8.373556524199106121e-01
-3.490804230099040506e-01
-5.516953533817907651e-01
-1.077431709055682862e-01
8.377262512896263558e-02
5.685593526746953730e-01
-6.787625856155261594e-01
-7.637081809543406763e-01
-2.310604440004071225e-01
4.525958613270046338e-01
-3.966117381240225614e-01
-4.316402561799099757e-01
4.509957168168657882e-01
6.263335269540645234e-01
2.289906022076872993e-01
-6.235236967172764766e-01
-2.960433639412464180e-01
6.239811426233704550e-01
3.583081087525629704e-01
-1.801220941986532986e-01
-6.046678197636370378e-01
6.071629160467317821e-01
-2.910971257950818458e-01
5.960126804270052814e-01
4.750303569833299600e-01
-4.874895835960836310e-01
-5.557814745474267681e-01
-8.053270296306153098e-01
4.098370043252271833e-01
-3.562998028907958248e-01
