9.839095144390740122e-02
-3.398917620810065765e-01
3.917692995800467481e-02
3.456035496543311547e-01
9.117985606534939613e-02
-8.401386911712167560e-01
1.212968564001239424e-01
-3.109441620208107659e-01
2.125662569131283319e-01
1.529051756601904621e-01
7.628527169533379226e-02
-6.178632309897919006e-02
-7.802059991177616449e-02
2.433775816677212489e-02
1.778688190107454714e-01
1.199716321345804804e-01
-1.045602282785328130e-01
3.473036744014628557e-02
-2.300806793267700101e-01
-1.548329237093297728e-01
2.358621744893236172e-01
-9.563025509730907481e-02
1.109326730971488817e-01
8.832415314813327201e-02
-2.946667722622969832e-02
1.276033038524406193e-01
-1.928377644897744381e-01
5.540553360836122376e-01
-1.006645090709376716e-01
2.181834660411481885e-01
7.488914497706580797e-02
-1.071281667367863788e-01
1.555046502662483510e-01
1.218285522481045713e-01
5.342353001185766725e-01
-8.146911395752862162e-02
1.820463423958380844e-01
7.625731618485832863e-02
-1.161176318207516045e-01
2.452467816305849146e-01
1.663693449346592135e-01
-1.023724230975884553e-01
5.333864692917420491e-01
-2.622023701818405050e-01
2.264027362490016182e-02
-2.400262680295377898e-02
-1.057551339792540401e-01
-5.032467017490795946e-01
4.132755765696438099e-01
-2.585777055960920556e-01
-4.191388547517031493e-01
-1.965443197279460597e-01
-1.347062664954602196e-01
-1.093288767473003104e-01
-2.769802137897900973e-01
1.927804204081946526e-01
8.831883700444444207e-02
-3.415507823129537157e-01
2.149559945784984549e-01
1.668009732575489318e-02
-7.343042426065568562e-02
2.897592417891610150e-01
-1.269240455869145301e-01
-2.653547597349921183e-01
7.166779502222511700e-02
6.169693652855829935e-01
-2.393023590437755033e-01
3.888575815910028100e-02
4.579650744768030968e-02
-4.220479066124874223e-01
2.730012507544086198e-01
1.476351346542207621e-01
-2.243840559089086972e-01
3.726853677012606503e-02
8.674806552995004139e-02
-2.278529446889144827e-01
8.349563252801205093e-02
1.158226673954225322e-01
3.372366574750609303e-01
-4.878615640425641997e-01
1.622530937280896313e-01
4.138019773955534109e-02
1.941533202085392595e-01
-2.428361309910799792e-01
-2.731838308338479029e-02
9.647895958888000334e-02
4.416766773941552954e-02
-3.218528920232277546e-01
6.252092639712710648e-03
-3.863435196101422386e-01
3.607445038458290121e-01
-2.532944067044473058e-01
6.451825102049734140e-01
-2.659169089529719310e-01
-2.263590332690065821e-02
2.561348107200052682e-01
1.823537528195588453e-01
-2.432027965323736718e-01
3.009697763489683209e-01
-3.097066959419803034e-03
-9.747784110580001715e-02
-1.249060066634417043e-01
-2.596870937058639792e-02
-2.565097459058250651e-02
-3.870056729317267186e-01
-2.183814499277967336e-01
-1.150706774012964506e-01
4.707112266036523884e-01
1.094693574925219015e-01
-4.062952703548028399e-01
-7.011949635136138954e-03
1.455814588553939748e-01
7.155446792441522152e-02
3.281280110935800853e-01
4.683802995941591663e-01
-3.272729083281038509e-01
-1.817881408978361812e-01
9.777973596843746174e-02
2.749688225761214855e-01
-2.705352747524023549e-01
-2.868511341098896050e-01
-4.605498784805762136e-01
-9.580899369764309115e-02
-1.116262581433950657e-01
2.386658393785039411e-01
-1.649965831696436069e-01
-9.616602920578630476e-02
-2.929430584616560806e-01
-4.912122514455048716e-02
-3.115624536031385561e-01
-9.015408549713346820e-02
-2.332688561215833789e-01
-4.480698755655696530e-01
4.335376676897545467e-02
-1.804411800554239220e-01
2.496909817935165643e-01
-3.093683785833540867e-01
4.359223794130281937e-01
5.108312946471792459e-01
-6.143168169736493850e-02
-6.230103715590442487e-02
-3.103816834380301315e-01
1.954092172683556949e-01
-1.961323536715213478e-01
2.034837441563774330e-01
-2.269953758591682080e-01
-3.707312892257574322e-01
-2.955626248349437768e-01
5.555951239784917561e-01
1.050509334419296309e-01
-5.578310268385653359e-01
1.119534345878751558e-01
4.219041753398669603e-01
4.298755647705277405e-01
1.000000000000000000e+00
2.272088185195227372e-01
-3.169960909140316918e-01
4.419773062780584794e-01
-4.015673738414007321e-01
5.295549715706471261e-02
5.545667822322372098e-01
3.617358136339730579e-01
-5.445709616156007016e-01
-1.834011102913885027e-01
-3.217487245178230620e-02
2.078521534469629228e-01
4.844471639466486068e-01
-3.040384414738386831e-01
2.433090324534754323e-01
-1.701117861266240872e-01
3.549739408230527804e-01
6.342999721408813796e-02
-2.655319284794938062e-01
9.137379853421211118e-02
-2.174615576706383224e-01
-8.389394011591924660e-02
2.935098348363483767e-02
-2.748522915960233126e-01
-9.924072421047902548e-01
-1.970870780380039045e-01
4.235493863889624455e-01
1.143594674721909871e-01
-5.931386022757038079e-01
-2.306742873084113021e-01
-2.467171116294978317e-01
-2.495475563453521950e-01
3.559654835284030705e-01
6.753070083313142402e-02
2.924126472479779970e-01
4.212811036629774963e-01
1.000342603695836274e-01
1.116473505494190721e-01
-1.646427379147388514e-01
-9.790592339472134475e-02
1.062073156788239103e-01
-2.709486879221884026e-01
1.047099439139630439e-01
4.767691792541901147e-03
-1.622513912951569770e-01
-1.244485993393733142e-01
2.278438315481745927e-02
-2.576970899326603837e-01
2.636315698611579328e-01
-2.947191331624614552e-01
6.470217854311460792e-02
8.308263135667172394e-02
2.791466560766973082e-01
-4.232534759977088501e-01
9.765110064214269081e-02
1.741696954429333977e-01
-1.415490280003621204e-01
-1.784274897299130413e-01
9.846612326443519858e-02
-1.495972110993425142e-01
-1.087703344214319412e-01
7.507551321771722685e-01
-1.177226046662719627e-01
1.974795427960773231e-01
-2.699559493152308698e-01
-7.694412697226897524e-02
-3.696857892569693077e-02
6.523723660291269599e-02
-4.566165943003976935e-01
1.901100178918094935e-02
-2.341047873683341218e-02
-6.083197339265991599e-02
-1.689914327588756537e-01
1.006767413841060943e-01
6.718448791951114885e-02
1.365842390831034300e-02
-2.107787973475720444e-01
-4.209608685372311365e-01
3.859975761308427900e-01
5.874664422301161260e-01
4.769105714098541560e-01
-9.530849234204955001e-02
-4.027229276480598363e-01
-3.306438268290274873e-01
2.310011589318249348e-01
-1.414832896579621691e-01
-5.027022709526681732e-01
1.092232402829058091e-01
-1.747193852620932408e-01
-4.417919437458068393e-02
-2.263186054555442195e-01
-4.137905326648447235e-01
5.064375093559801699e-02
-1.127944849906042935e-02
-5.493706477580658637e-02
-6.696395081528817850e-02
-1.188143901366262023e-01
-2.699711813739615329e-01
1.501724375016711029e-02
4.487034161445178637e-01
-2.057605359367147835e-01
-1.472414717262242601e-01
-1.305596406085518524e-01
9.796614468233180717e-02
4.036329442249610433e-01
-2.880023811954420809e-01
-9.666559468698990298e-02
-1.825300493345692610e-01
-3.102011420542999942e-01
2.384549929879071495e-01
3.177125193367205669e-01
