-3.241361573300305943e-01
1.624675181555534642e-01
-1.877525903452458289e-01
-2.503770455143621843e-01
-2.575817547680306352e-01
3.168797952443148658e-01
-2.770826605867217629e-01
1.695958903459113265e-01
-6.183906551052857914e-01
-3.248053435506047526e-01
-5.722807522952508830e-01
-5.517971517104061085e-01
1.716352632833207936e-01
-1.000000000000000000e+00
3.351569693475842660e-01
-1.224856180539989903e-01
2.135148748250962347e-01
-2.753986148216903684e-01
2.118263207926667224e-01
-3.640815699985205933e-02
2.857146741714470806e-01
3.536228795638593492e-02
2.275890477523839495e-01
1.972558906815902457e-01
-3.878093097615937790e-01
4.032788678972445973e-01
-2.473037040385533125e-01
5.698203302405506765e-01
3.565792298798938775e-01
-1.055279682290486687e-01
-2.882937194088051047e-01
-4.508454841367124377e-01
-1.933175422451552938e-01
3.577468371308650807e-01
3.104227378255924319e-01
-8.734513610656572391e-01
6.463546724003385591e-04
-3.270086797095327902e-01
-5.229871111023358665e-01
3.402631822071546797e-01
-3.005631068511814205e-02
-2.735861979909693861e-02
4.332471072621754127e-01
3.465522312323243009e-02
-4.122069256276627014e-01
1.964376483880682089e-01
-7.515960101045052189e-02
8.033609516770434666e-01
-2.579515295807128031e-02
3.436528255997229470e-02
-2.358721864547681513e-01
2.405695305646327053e-03
-3.791857942792674629e-01
8.049530246707035930e-03
-5.795907158741464560e-02
3.408773437876828627e-01
6.147594778078552258e-02
1.885848101320631576e-01
4.505023896486137769e-01
1.255521062189408621e-01
-2.668621981168124713e-02
-1.119728612214639929e-01
3.104260997835849370e-02
8.869211988041733052e-01
2.062100810415334329e-01
-8.323670680055067495e-02
1.049276722889448676e-01
-4.726666301324842362e-02
-1.589443410867734108e-01
1.217011810729274890e-01
3.274069261735261249e-01
-1.933077121788454589e-01
-2.431679351381331455e-01
4.119988887383708720e-01
-4.223594090674049895e-01
-6.183802424212195836e-01
2.131454811989758058e-01
-2.164813307999186587e-01
-1.591603558426862852e-01
4.110748647434863123e-01
-8.977687904525058493e-02
-1.302225798899765419e-01
-1.544755059852173096e-01
-7.276863986245721283e-02
-4.170222345740693393e-01
-4.095380987912390358e-01
1.775664210230098738e-01
-3.705605753433582339e-01
1.324372633276542366e-01
3.264125818729212147e-01
2.493633977525018808e-01
-4.184732368437679706e-01
-2.582410888064792243e-01
4.846772860063653932e-01
-1.069833539744670901e-03
-3.876966893329337749e-01
1.196299676042667792e-01
7.946412513010375767e-02
1.244102820877944909e-01
-1.019422045595497622e-01
4.193144551561459044e-01
3.043087247248786875e-01
-3.139400671146131971e-01
-7.162718409873435055e-02
7.859155354138785965e-02
-2.484300447067348538e-01
7.704718807159982585e-02
-1.783782225002655819e-01
-1.597509415588912740e-01
1.888019587523290244e-01
-1.766243590217534964e-01
-1.022970125451472256e-01
-4.001252687529590624e-01
7.668487024902076454e-02
-2.955518145295045196e-01
-8.075706245731192889e-02
-3.705946396437262980e-01
3.355772793624818284e-01
-3.940229131568880883e-01
6.262331891778003534e-01
-5.381866203345606059e-02
-7.937115369426961040e-03
2.628118920106273584e-02
-2.700378713331252900e-01
4.821275762160869283e-01
2.534859895002000707e-01
4.657310300711312578e-01
1.691306618337077294e-01
-4.485731154014243605e-01
8.098825591235797594e-02
1.675820057361936399e-01
8.827089688444700322e-02
2.336673218300556187e-01
-4.293896084955524106e-01
2.653141719198002235e-01
1.988823082572204748e-01
3.672246445710268259e-01
9.220135873973227258e-02
-6.667453756308416857e-01
-1.567558350579591753e-01
-5.187736313710455960e-02
3.391644879135464752e-01
-6.109974365660210127e-01
3.358370550606439853e-01
-2.403741964642862883e-01
8.421620293765659515e-02
1.427318427616123819e-01
2.399990721342462260e-02
-1.389959329007014743e-01
4.286093177184086001e-01
-4.133858538030552587e-01
5.378527410848265022e-01
-3.716653269208892996e-02
3.637757583839772435e-01
-1.805885417735420342e-02
1.444953155175113246e-01
4.347190182713485118e-01
-1.839480524155973074e-01
-1.884813555895107351e-01
1.780863499557302776e-01
-7.161818558045537908e-02
-3.123294132315709293e-01
-7.652166340166707825e-02
-4.466288881958348500e-01
-4.036364653725230678e-01
6.686760189970716861e-02
1.620987147193954647e-01
4.757883062662291579e-02
-1.326410189740394596e-01
-4.309777423763480053e-01
-3.167738526996548565e-01
7.616756835797088010e-02
3.589427863466565505e-01
1.109227512972130042e-01
1.773337595175936837e-02
-4.293114548944176323e-01
4.277194106676660001e-02
-3.922851405063833008e-01
3.144811397785350904e-01
3.001839933757256551e-01
-3.093293221134046922e-02
-2.804445632746968009e-01
-9.198156063375670377e-02
5.030829019825026061e-01
3.545348101917455974e-01
-2.926506352398505206e-01
-3.571016889614800349e-01
-2.008585163930604878e-01
-6.074433664685876533e-01
-7.526327721463803300e-02
-2.882012158113433919e-01
-3.337893602102899315e-01
6.270292659053482431e-01
-1.570446359586086249e-01
1.735507325243606028e-02
-3.185718332342395431e-01
-1.164844987010876798e-01
2.108479700339307428e-01
-5.002206745170324487e-01
5.987077679794656770e-01
-4.700640325522921215e-01
-5.125307864724730766e-01
-4.246449403717275639e-01
2.891945490646495864e-01
1.895114087540739622e-01
3.255471168478785704e-01
-1.411515956195988908e-01
-2.470310338691509011e-01
-1.391966073150566752e-01
1.045735174142726487e-01
-1.725183725994406114e-01
2.241082754819811451e-01
-1.217982518461626362e-01
-1.383743226049470865e-01
-8.471658905161482123e-01
3.844518966995917331e-01
-1.696301237525253414e-01
5.613597236165478455e-01
4.187599133667526674e-01
9.113096835063377865e-02
-4.835928872218149266e-01
6.135094011369401912e-01
-4.114968319051548473e-01
3.751969558298323681e-01
1.753616742848306265e-01
7.676153587012168877e-02
-1.684816943938203526e-01
-7.715820498498843216e-02
2.067830761592713562e-01
-5.081362869201541121e-01
-3.425539943032865908e-01
-2.100513189607695619e-01
2.150086566431700930e-01
2.446214195543573999e-01
-1.548786129411027224e-01
1.254609632231594440e-02
1.287813775875028544e-01
-1.733773890498653825e-01
2.701044016515444235e-02
3.888619610290789952e-01
-4.791080494983715465e-01
-3.965244433991872430e-01
-2.629250495005779342e-01
-2.638101733161301796e-02
7.260794686202613757e-02
-4.023691748151075886e-01
-7.196555641258925440e-02
1.039431130129163106e-01
-1.703654859470034866e-01
8.755079684826537478e-02
-5.480576556814606981e-01
5.049427662314667220e-01
4.054161138783523022e-01
6.902194769451184264e-01
-2.868844944185731660e-01
2.040387406416814542e-03
-1.155603672852641983e-01
-1.521381697376974207e-01
5.589401744255632215e-02
-3.939013058721350657e-01
-3.905421283103452934e-01
-4.622826921271372402e-01
2.861659704547491190e-01
2.001689433491273262e-01
1.659640339054893332e-01
