-7.207860420369049947e-01
-8.109441158863577304e-01
2.860544223889381898e-01
2.886700856190501652e-01
7.928912112061825557e-01
1.092961988712140564e-01
-4.571570533313664697e-01
-4.840081737096474379e-01
1.598195286067624621e-01
6.536084804750394439e-02
-6.509510087132808209e-01
1.311565702749621642e-02
-7.619568491179354308e-02
1.068101212757651686e-01
-3.202027274800262058e-01
-3.214689112797060044e-01
-3.240961459808338607e-01
2.322729001210217525e-01
3.900861449059346286e-01
4.823997013328726324e-01
-5.237038498104088502e-01
3.891508303133218161e-01
5.616833453451560709e-01
-5.113998747082677543e-01
-4.348119755064153713e-01
-2.466318032736098953e-01
2.641585680082876308e-01
-8.386096737867081152e-02
-5.263834803906765059e-01
-5.153832117720578143e-01
-1.455077411140339450e-01
-5.949552608229637940e-01
5.265242582477992483e-01
2.872156593376719580e-01
8.643914237270498013e-01
6.948461573620965392e-01
6.507595636251676252e-01
5.848369675454648808e-01
6.957260724370587512e-01
-1.067560549007668252e-01
6.873504527377853612e-02
-3.491987715502344325e-01
-4.685847434320034033e-01
4.840677432634979960e-01
5.456872317175805176e-02
-4.637378887786763881e-01
-8.954514046200293120e-02
1.567361193953058229e-01
-1.565810508633010134e-02
-5.621272249852272695e-01
2.788217189743947833e-01
4.970988604580509618e-01
-1.454549612784680757e-01
2.256535545807487053e-01
-1.237266430744505541e-01
-4.485942318729676526e-01
3.663936276437673722e-01
-3.053448651232958944e-01
-4.038410597747426056e-01
4.318232201069132081e-01
6.144394287513704755e-03
3.434102199241295117e-01
3.748983581117361075e-01
-9.115052955115113265e-02
4.891640912160831189e-01
-2.065328967809401672e-01
1.080260806551170960e-01
3.447532874126797431e-01
2.119312303826134669e-01
-4.452241913470360579e-01
2.467040742810725773e-01
1.859637805397214572e-01
-4.549669901379729126e-02
1.155109681826493317e-01
7.186057875578383269e-02
1.261039327052422554e-01
-1.416606929686399508e-01
-1.345953141893324323e-01
4.431312029573425959e-01
-5.030502129703661174e-01
-9.123544665129053322e-02
3.412629882358733102e-01
-1.600930924224433505e-02
-9.626390547725127700e-03
4.025308851610523986e-01
6.464934406398961664e-02
1.256618406673092603e-01
-2.214660323126509400e-01
7.583353203736288295e-01
-7.786444351439919531e-02
-3.108153230242166054e-01
7.820958465108949209e-01
6.089346147614843607e-01
-2.935884030304173331e-01
3.759480568982185300e-01
2.131256919340455969e-02
3.006618002463776751e-01
-3.177527271069257586e-01
3.565943486504358217e-01
6.135180886341837225e-03
-4.294022066979467089e-01
-2.612163996789951259e-01
3.361181541832423125e-01
5.877180203793100355e-02
-3.394269120458612843e-01
-6.078895854213240968e-01
1.461482482721907783e-01
-5.131754328561396461e-01
-9.268199047535206903e-02
2.748973561641019359e-01
-7.206586318180732698e-02
4.046842279831736056e-02
3.625381944443789584e-02
-2.276448674558066432e-01
6.645106685109342104e-02
-2.104415028685262257e-02
7.439469651707555364e-01
2.264387456104117180e-01
2.241474161580103985e-01
-2.976169059960274144e-01
1.552548384812270088e-01
1.087001105383348099e-01
-1.465367631406599147e-01
1.200771502391286272e-01
1.715582562332770150e-02
1.690653038592821455e-01
4.758215976524526880e-02
1.239485870159860170e-01
4.627334734272354755e-01
2.297890494213979395e-01
3.790885053254808290e-01
1.364861959364014887e-01
-5.069444169915221510e-01
5.559024704337685030e-01
-2.900752199944136578e-01
-2.230361042076745570e-01
-5.899507427439580898e-01
-2.381966993169936653e-01
1.695733069924343916e-01
3.318577312547160707e-01
-1.339925374955063531e-01
-8.415085837252117562e-03
-6.134021081302122314e-01
-3.380608380195168627e-01
-1.985929254685277756e-01
-2.905585035189381382e-01
2.032157078943119810e-01
4.588541478998690581e-01
3.407232350853928171e-01
-1.895622391150637853e-01
1.423121370785069562e-01
-2.463825075702054668e-01
1.990169374836583960e-02
3.068661659703197375e-01
4.885075583740847160e-02
4.448401437874439923e-02
-1.258401234356631426e-01
-3.171204700557423983e-01
7.885868804125706344e-02
1.888009181154485794e-01
1.205924841712450457e-01
-3.035799251253981090e-01
-1.675004704677737766e-01
2.562810289780320105e-01
1.656018171031006792e-01
2.041868238159344207e-01
2.273862905318437821e-01
-6.460080848926769148e-01
-4.572485849881956499e-01
-2.001770381163976986e-01
4.632480262301708063e-01
4.752241997645307858e-01
7.489673886467648756e-02
4.201572995422516166e-01
-1.045411361603695577e-01
3.346640865418082367e-01
7.486937867891185761e-01
8.709121690697825546e-02
1.378738359085269483e-01
-6.544075273233815326e-02
-4.945286961958647587e-02
-3.922938604937316054e-01
-8.670189186331576092e-01
1.786805117005346999e-01
3.088402002131450386e-02
6.022992490575534985e-01
7.421278755431809371e-02
1.364286714408187995e-01
7.671506465247779349e-02
-2.684346386316597277e-01
-3.344070220241291969e-01
-7.392283000448154340e-01
-1.063442698008145171e-01
1.184546314917249155e-01
-5.201565850502569421e-03
-3.488975755826467240e-01
6.339951056366616156e-02
-5.863201939655773853e-02
2.905844524719870536e-01
-2.461490747469631812e-01
-4.490509355415139847e-01
2.962361466645135888e-02
1.089781718946496308e-01
-1.347707173726125640e-01
4.090347371315595226e-01
-9.800134681404101822e-02
1.816805698296468097e-01
-3.951316988951331099e-01
-3.431778681130120412e-01
1.824865127373389573e-01
-2.538302139713429773e-01
-1.526854474763699732e-01
-3.724517995028092110e-01
6.108336053359734175e-01
-4.705881418754424006e-01
-1.487439822615459484e-01
-7.964757363180768879e-02
1.455446903542285952e-01
2.980816893304845672e-01
-4.685113677389829423e-01
-1.145018683957620409e-01
-3.996590636899793325e-01
-2.145639088110047887e-01
-2.303849889948368646e-03
-4.162771289225025706e-01
-4.324414413341605146e-01
-1.896707079387461026e-01
-9.369263907977487538e-03
5.454584966183675387e-01
-3.813074599306262580e-01
-5.457849290738886472e-01
-1.075381821171591812e-01
1.459136388511992066e-01
-4.068554320093001886e-01
2.958569377937459999e-01
-4.315417509276023855e-01
7.322523698879223053e-01
3.717285627646595425e-01
1.729374422164404179e-01
4.751824188922144088e-01
-1.608530503904463393e-01
-1.077485180121143249e-01
2.713746907696934496e-03
1.210975412795137207e-02
9.971825141558894323e-01
-3.188042374715324145e-01
3.729163885812235291e-02
-3.118484424136321043e-02
-4.027275971905956431e-01
-2.463851536856565827e-01
1.326924766719249082e-01
3.344269304154169897e-01
8.045660862011706771e-02
7.807989117379718347e-02
-1.479838388978081398e-01
-9.209465519669365885e-02
-2.821108448089697518e-01
-8.986275004417261861e-03
1.579795802869850552e-01
1.412799713734076701e-01
-1.443819826470968959e-01
-6.289028126996168422e-02
1.835125006068688835e-01
-2.524485468906007002e-01
-4.542153326213290571e-02
