-8.413322843754338365e-01
-1.517003722413344802e-01
3.256037211914030727e-01
7.658424033675628184e-01
8.601212686673388452e-01
2.746827526843771405e-01
-4.258562025840871290e-01
4.340100520449073351e-01
7.383183956518348801e-01
-4.084717108725441914e-01
1.323554781102220523e-01
-7.454632589775699314e-01
7.665929301468570323e-01
-1.916311597816979240e-01
1.924908249629604107e-01
-3.315853710092554751e-02
-1.638026485784304098e-01
2.648472516742281235e-02
-3.053517649730812938e-02
6.638395167263880237e-02
5.464504562478277039e-02
-4.143099886964567158e-02
-1.928985217771281291e-01
-2.996669726247643273e-01
2.908435871801400285e-01
3.415646267057714236e-01
-1.436067008252544519e-01
-5.140968502456352840e-02
2.914474262361794743e-01
1.571419695227343205e-01
1.668513316207352881e-01
-6.877312139640869015e-02
-2.199423247269963744e-01
2.865403281733228669e-01
2.878033183252378668e-01
1.718088076815025844e-01
-5.805534172075933474e-01
5.786729817959879174e-01
3.930476064352954602e-01
-1.040577070850765007e-01
3.975283770089106938e-01
6.381010955836339260e-01
3.833428886454799955e-01
-8.348932550467424996e-03
-6.121328256641371812e-01
8.855215277072187030e-01
9.177440389936296627e-01
-4.691939747552578144e-01
7.341416358241262818e-01
-6.537719638220919061e-01
3.438102462097201717e-01
6.868817413137979777e-01
-6.922740086510851265e-01
5.626511519649803061e-02
5.363909544669220875e-02
3.997088596508718283e-01
-1.429122964246031802e-01
-2.130149159416643012e-01
2.917124689940856497e-01
4.020438495279273772e-01
3.965833827014040303e-01
-5.660573696340999161e-01
-4.920605444736116107e-02
-6.802451585287380698e-02
-3.851753620617304197e-01
-5.314414667108690038e-01
-8.000880197153187323e-01
6.152702986868163748e-02
4.884999205638441699e-01
5.001448450669383483e-01
-1.386273853895934882e-01
-5.381022852552329594e-01
-2.346708277612303759e-02
-1.574989334888182713e-01
-1.899676283774374419e-01
4.064805625870600292e-02
-2.406339533798454097e-02
7.489413344387420013e-01
-8.110478452500839985e-01
4.743895506198168022e-01
-7.034978977328799621e-01
1.898865472187372394e-01
2.702301523542680606e-01
6.772118189833254975e-01
1.829089111366630216e-01
-1.828868407549463088e-02
3.601118813409958097e-01
7.130650998902511306e-01
2.181567446845254776e-01
6.470608500464879453e-01
6.646857836866419955e-01
-4.827565170564058761e-01
7.591617330328911395e-01
-5.039393950837041114e-01
-8.532014246563788262e-01
-8.743297955088860651e-02
6.109078170353099413e-02
2.688724907007317144e-01
4.813881645552369748e-01
7.184471261595226643e-02
-6.537282909902445427e-01
6.900252695975355177e-01
-4.845761329759176173e-01
2.876492480058862045e-01
1.429158855491918789e-01
-4.358801970249274182e-01
6.302890518712724877e-01
-5.083350782276183644e-01
1.098536479352714146e-01
4.420025565893516140e-01
-6.929455284393708503e-01
1.000000000000000000e+00
-5.151680482724657617e-01
1.479077617674165734e-01
1.888377010155050384e-01
-4.204147949338082890e-01
1.702601097046836098e-01
7.165606893969357349e-01
-1.252180502022455788e-01
-5.029532650322776632e-02
6.564592383779120910e-01
5.706474486340435970e-01
3.244899201416932000e-01
-4.045786442918150594e-02
3.235338480799625493e-01
5.993492363891833596e-01
-6.648780843683357866e-02
5.198619144911523771e-01
2.266512261017972485e-01
7.992047382372451381e-01
-6.968146468209638345e-01
1.258485548569028833e-01
3.546470811014439395e-01
4.661663900693901463e-01
4.432385891155992685e-01
2.707710396334767622e-01
-1.661834214265215104e-01
3.021159993367388830e-01
6.310343584900708347e-01
-5.974156458076157472e-01
-6.143174197840951534e-01
-7.454387827928216081e-01
1.611166152886409075e-01
7.464877794265818434e-01
-2.245875895859743565e-01
4.382215549198008597e-01
-3.077036059551126468e-01
5.572817793399353209e-02
-6.433713204272838437e-01
6.740156373983121618e-01
-3.662311341513229679e-01
-8.129208106208982709e-01
2.112194297879955995e-01
-1.476724219920972081e-01
7.293199699348134057e-01
-7.432156871104648177e-01
-4.466457512345657910e-01
-1.941320445615032919e-01
-1.084851891110122091e-01
-4.801597493894789737e-01
4.418585107314242921e-01
1.391110614905928695e-02
-7.821068589587099051e-01
-6.800130926686434041e-01
2.514525370153418149e-01
-5.152811902972531666e-01
-5.469898020483917600e-01
6.934692168652863975e-01
4.975020366299351404e-01
-4.596855788513948826e-01
-7.454478632536001292e-01
2.607187448543304420e-01
8.081293539358702649e-01
-1.830119418386615959e-01
-1.378542483132166874e-01
-9.194070594159917814e-03
-6.036884877271004868e-01
2.913674193899076226e-01
-5.755383469849154610e-01
1.724957917161141219e-01
-7.401647567655532667e-01
5.049115034501563404e-01
3.967961659427637899e-02
-8.355166744666525647e-01
-4.690891856212620059e-01
4.171866888302266929e-01
-7.603310527255158213e-01
5.258623578857434672e-02
4.616278068504272580e-01
7.531707437884328504e-01
-8.744239722729864051e-01
4.608991232893239753e-01
6.665505229340253912e-01
-2.598936932669434485e-01
2.396043711336355853e-01
3.225105733181191647e-01
-3.492101179240975073e-01
5.763510011655625931e-01
-1.553391174318968504e-01
4.482462177957865501e-01
-6.966917154442270332e-02
-7.138174380258273111e-01
-5.516893307465476903e-01
3.701689573774630815e-01
4.897428339273749986e-01
-8.346540134164976976e-01
3.611177586692417285e-01
-6.357980042299414825e-01
-5.122484023464797254e-01
-7.053067918647213386e-01
-7.449723580023445146e-01
-7.328974545623609949e-01
-7.020775859532213392e-01
3.901481492676523444e-01
-3.688749275426916330e-01
-8.086530930367362702e-01
-6.414430705003161259e-01
8.525598021725275810e-01
4.331822368524218536e-01
-7.969027402644784930e-02
5.783762657422721887e-01
5.601866873835934513e-01
3.620119659018014024e-01
1.591717207928108058e-01
-4.899503983039937838e-01
-6.327725955687277803e-01
3.606262351848565917e-01
1.440138336496081806e-01
9.705488675073896399e-02
-4.841783640291796309e-01
-1.899533260414922042e-02
2.396288621281028874e-01
8.017514063939678026e-01
1.683468243527302677e-01
2.945001885407315667e-01
-9.074379206546400178e-01
2.647124187792626593e-01
8.190456599872824039e-01
-5.531552457841826254e-01
5.606553383936801332e-02
-7.521514860630188481e-01
-5.995890715577438801e-01
4.243462462556533282e-02
3.060997606548299110e-01
-7.905261969394952182e-01
3.568920009890416689e-02
-7.399378866488440787e-01
2.451247702706281228e-01
-4.020378833990974066e-01
-2.426219223902446875e-01
2.244754972605116361e-01
4.015466041868406277e-01
-4.621139477288754849e-01
-2.559799512014868661e-01
-9.115349247491105755e-01
3.816582308929775680e-01
1.123649774857538863e-01
7.412770736121044868e-01
-3.135299641650029501e-01
-6.541730854692789920e-02
-4.961681676567843424e-01
-4.748032477038059973e-01
-2.711274271398679547e-02
4.647132843724270379e-01
-2.514753306368165409e-01
