2.387233972922355174e-01
1.885720360614388524e-01
-1.812944540314962716e-01
3.687447192442724897e-01
5.029079969817493723e-01
1.751042249567241749e-01
-4.507794326608112190e-01
4.800636947623678624e-02
1.167244227799838913e-01
-2.155589002469184279e-01
4.546728401089227267e-01
-5.532278958528020762e-01
1.449507337688527575e-01
-3.051512503956061440e-01
3.604385626262036624e-01
2.522735902440390032e-01
7.096021635066898092e-01
-4.483089897247368172e-01
-4.702954555237183476e-02
2.586451544531206403e-01
3.738609312557886755e-01
1.848471451976302637e-01
-2.072844012091314136e-01
3.775962605541205441e-01
-3.463155207840006300e-01
5.482004963905896464e-04
2.074569762479076263e-01
3.947603446490836054e-01
-4.038066606206018871e-01
-2.548623538702723956e-01
2.737690967135638087e-01
-1.459727074943312219e-01
-1.149080854402696056e-01
5.824310409816942924e-01
1.251863039410119893e-01
-1.128800307141928361e-01
-6.580858606387056664e-01
2.724918416344457861e-01
2.349111235144233367e-01
-5.962099451919325999e-01
7.699516052008678613e-02
3.946463156273400386e-01
1.174772976201891583e-01
-3.181596142916334191e-01
2.329543208110439190e-01
-6.563873302707690094e-01
-4.954799409337120597e-01
1.233369605027754140e-01
3.823361071245176546e-02
1.263900347630179943e-01
1.233635710054025725e-01
1.145928481143745348e-01
1.276858324382378618e-01
5.481847597958773299e-01
-3.798778995941949344e-01
-4.915900445138890462e-02
-4.009851327161679246e-01
5.897026016846567131e-01
-6.918238376119693056e-01
4.124150466487674915e-01
-6.712172724529558154e-01
-4.239742629111619698e-01
-2.920074604980542332e-02
-1.221730722691474896e-01
-6.092165105779517864e-01
6.179059995795773697e-01
-4.195400572540124440e-01
-9.600179139656678240e-02
7.431637568329445553e-01
5.869547624903010963e-01
-6.674546444986706462e-01
3.363656904027266803e-01
1.982192040328275562e-01
4.536789196489722231e-01
2.636427512964498732e-01
-1.410149620875418286e-01
-6.181688688378961238e-02
9.925264371504946559e-02
-2.260521012751035563e-01
-2.293736620244899438e-01
3.346233313238345941e-01
-1.238684385255856835e-01
-6.525739221660035172e-01
3.755063279468925375e-01
1.923419923532058290e-02
2.945889706943973785e-01
3.539567080282299827e-01
4.431437309833490823e-01
-5.200572037776850509e-01
-1.563216294205378720e-01
-1.018858452343404386e-01
-4.752406474185179031e-01
3.774332677428531291e-01
-3.498058472255669571e-01
-1.786512882811980840e-01
-1.322064103937040658e-01
-4.851530823050779206e-01
-3.366596331976282053e-01
2.257206687308928594e-01
2.567309550338791602e-01
3.998811666759684996e-02
3.987376480457006100e-01
5.093411149369945212e-01
-1.089807937892642853e-01
7.786432163524046983e-03
2.133149123739199460e-01
1.706752465999862578e-02
-5.325579240660445191e-01
-6.107914459366670101e-02
6.864717306658740803e-01
-4.817085887336437500e-01
2.125300799743984337e-02
-1.334663320622488381e-01
2.660123561559851191e-01
4.952609081437730487e-01
1.247495120514203193e-01
-1.033679526095782758e-02
7.267712235647024420e-03
-1.986571789052521131e-01
1.543500521618634651e-02
-3.308894518675925545e-01
-2.872106643400523796e-02
-3.421687325821154424e-01
-2.392348260914568814e-01
-1.047004158793807607e-02
3.989422411040338678e-01
-5.025092544974386621e-01
4.532155800164110182e-02
2.429984362872104897e-01
3.122528704072703998e-01
2.037547464320044743e-01
-6.436524141350839778e-02
-2.150112983702097136e-01
-4.938912808844810876e-01
-2.863663944605421459e-03
-2.288619814177187406e-01
1.377023266868789009e-01
-2.601606709168376996e-01
-4.240107617436894571e-01
-3.908396258514534871e-01
-3.681930628876570744e-01
-5.794211031078383423e-03
-2.990231845264987864e-01
-1.777477107656340038e-01
2.984771047817425527e-01
-3.805101832801305317e-01
-2.304073806887091125e-01
-4.696821030447678180e-01
1.949215787761403029e-01
-9.182203387546770956e-02
3.085556102145476931e-01
-1.186307678527517978e-01
5.013169600888379707e-01
-5.713454700858724422e-01
-3.754600002060656805e-02
6.047671870669619754e-01
-4.773707214074213723e-01
5.628539188371733948e-01
2.243841448103607861e-01
3.270883309545964401e-01
2.622630176322952866e-02
1.478431265079647727e-01
4.346429925639215541e-02
-7.185221753353934239e-03
-6.211687792773167294e-01
-7.405743793773906791e-01
4.459936669064787362e-01
-4.221854951878631357e-02
-1.576359378663644978e-02
2.999442976972880315e-01
4.472065608634463035e-02
1.761831317371246874e-01
2.755022346791698995e-01
2.904516314318841275e-01
2.307031058442871041e-01
5.926463541739728641e-02
-6.292721339001285941e-01
-3.427462399296817841e-01
4.648791497825625618e-01
8.050703456776893419e-03
-2.551178758526859713e-01
4.729518027680741366e-01
-8.966012463136993627e-02
-3.323164638669196536e-01
-1.706661485524434141e-01
-2.735935024048477548e-01
-5.553550013461682200e-01
3.192687191358239418e-01
-7.842223080873987617e-02
5.004146544139753683e-01
-2.104152075169681557e-01
5.731793435913161705e-01
1.244040633877802060e-01
-2.857943051598528794e-01
6.571333743429934593e-01
-6.842067523472347146e-01
1.740436624086651729e-01
-2.266326284589830625e-02
-1.691364160725908061e-01
-1.442365963712496923e-01
2.306987704716628729e-01
1.647119325571048953e-01
1.865210854043213851e-01
-4.347352725809452284e-02
-3.933854506371893545e-02
-4.218615162824385090e-01
-4.627134764147086132e-01
2.765438994030323117e-01
4.377127036183057207e-01
-4.002877585293726503e-02
-1.079613942359667345e-01
-3.603096125229454660e-01
2.676671369765093456e-01
-2.349791556061464615e-03
-3.362755570510835290e-01
1.152767424181657258e-01
-4.060985736130755530e-01
-4.509320534080636378e-01
-4.665153605309486640e-01
-2.964506528984874323e-01
1.911091194284313677e-01
-4.220112453912319705e-01
4.246610895805910113e-01
3.609690950999575043e-01
-1.810467239839448628e-01
3.731397616660415695e-01
7.103890632591035315e-02
1.423082070030254054e-01
-6.111443320230592890e-01
-1.776947435494864447e-01
1.041115483561388944e-02
4.946082293840235733e-02
-1.000000000000000000e+00
-2.010451874810489092e-01
-1.033624415612421563e-03
-4.132019587389498261e-01
1.956509605864442114e-01
-1.173366955344714857e-01
3.451088947666244300e-01
4.162363775785057896e-01
-4.845208501590633765e-01
-2.524210939236877782e-01
5.091315549266799412e-01
4.081053463233418332e-01
-2.644140404037229608e-01
-3.962164910143137209e-01
-1.687811854263040756e-01
-5.349525761891915643e-01
-5.695101515203792042e-01
-2.922120180550077384e-01
-6.361677953646747152e-01
4.153109916355855469e-01
2.188340649685591166e-01
4.426567424954839236e-01
-5.741620291714389923e-01
-4.314526464470022082e-01
4.675875548716476038e-01
2.391906484878880967e-01
1.905252590543916880e-01
-2.088223072427541904e-01
-4.471604995738435173e-01
4.364776546284872549e-01
-7.001434728355562243e-01
-1.797054109681560652e-01
3.654427619495413671e-02
