-1.900085976576030289e-01
1.872021302981666593e-02
1.170157902112050133e-02
2.052927961756840780e-01
8.301377079885680077e-02
-3.814099947676457547e-01
5.727473719224118742e-02
-1.336680845906918769e-01
1.118042644071499531e-01
1.692066627852396032e-01
-1.661755848387340972e-01
-1.027218112564980135e-02
1.858425132096499788e-01
-1.956572877614418948e-01
5.487198124185946879e-01
9.483097097757309246e-02
1.985283292097259067e-01
1.864016049297294655e-02
5.927418411690941330e-02
-3.166465497643483062e-01
1.683931142672514744e-02
1.258562434198211011e-01
-1.070238402647713527e-01
-2.713569065404599634e-01
-1.660193937113518259e-01
-1.910009109083987133e-01
1.292328038914390409e-01
2.736003275250806777e-01
-2.041689739421888861e-01
-1.020898022030737734e-01
-1.362292821165277668e-01
-4.276528593730745120e-01
-1.113708067634759311e-02
2.618178910126479075e-01
-5.911283820955746254e-02
-2.112809945577676790e-02
2.029949370451115953e-01
-9.357851952938792128e-02
1.839583110461898430e-01
3.449480634887570202e-02
-5.072510141912180970e-01
-1.027065923834023786e-01
3.510072471536679339e-01
3.114000065580585161e-02
-2.386021549126579600e-01
3.202532482476698750e-01
-1.508202187843381004e-01
-2.794189646062174015e-01
-6.823046387725262285e-02
7.075046098449870591e-02
-5.084350676416020676e-01
2.670303602508868335e-01
-3.984076035405215710e-01
-1.915424153040149735e-01
4.216690882100511129e-01
2.980888812183125625e-01
-6.712226583439138972e-02
-2.268452931212496526e-01
-1.427561921241952136e-01
2.413112862287216526e-02
2.430981770357048752e-02
3.611895479782420426e-01
4.046559459690458882e-02
3.319201630770486910e-01
-6.614246381404914610e-01
-3.402295652936600523e-01
8.890593004187251625e-01
-9.468317150024174733e-02
1.364738916403373525e-01
5.101813174245732885e-01
2.302765328212767193e-01
4.540963928866387778e-01
-1.214429620826014689e-01
4.387835715430862260e-01
2.452522473657854640e-01
-5.453519092139693658e-01
-5.075835266076487162e-01
-4.898940683435484833e-02
-1.409376501020481176e-01
-1.704901412046687936e-01
-5.220603373946063226e-03
2.338733052019320857e-01
6.269384271960064259e-02
-5.060518360770218660e-01
-7.882545162733682609e-02
7.797783556895848678e-02
4.137653658988645761e-02
-4.853747595914319479e-01
6.136174101875820075e-02
1.723780229378339690e-02
-5.062136805774783421e-02
-1.200560445816420269e-01
-2.616903363482426248e-01
1.612320400804662102e-01
-1.371036698852977354e-01
3.857242352063940394e-01
-2.909300218192766851e-01
2.021151252152538491e-01
2.157833471103042522e-01
6.612277871511601512e-01
3.247117568149435751e-01
1.608036187117139748e-01
-5.499971726861203614e-01
-6.334560327111682376e-01
1.091422707156086136e-01
4.875134265628368602e-01
-2.169842872930014543e-01
-1.159362449719625598e-01
-5.933336887985702912e-01
-5.874276290680396917e-01
-1.029235142459718061e-01
1.255338434911537904e-01
1.427461650515491065e-01
-4.297927166973471436e-01
4.861265060356531609e-01
-2.872728276014772097e-01
1.617924882531459607e-01
3.988678079189711401e-01
2.179963674880603108e-01
1.272303721284693268e-01
7.698547164383051644e-02
-1.768495711367649992e-01
-1.051238102506558830e-01
5.199947193041565274e-01
-1.796341104276700795e-01
1.596209402064735217e-01
-2.096686308030298526e-02
1.789379745756372042e-01
-2.966834318911049789e-02
1.502028690388414467e-01
-7.154770384738146256e-03
-2.530744594053883634e-01
2.358190950270659114e-01
5.262622452998916289e-01
-3.021252118223354266e-01
-1.826351907849858014e-01
-1.686706375664744906e-01
-4.527170264122941656e-01
3.514904698093688773e-01
5.056669284446844159e-01
6.053534320113592715e-01
-4.251488728358861491e-01
4.800418735539542237e-01
-4.626518297074494468e-02
-6.052253674830448960e-01
1.939745704778729762e-01
3.774944201204112337e-01
1.004810416416216101e-01
-2.255668482533756403e-01
-3.389172228345224136e-01
1.390423560192334818e-01
-4.038512054433038845e-01
1.025591081530469045e-01
-2.356533694961358005e-01
-1.895909438318237050e-02
2.879264631019691212e-01
-7.442946014611045991e-02
7.050047322192459776e-02
2.292977816673182900e-01
2.751415074419849560e-01
3.729213161053281933e-01
-1.658303183164045180e-01
4.013722418108697232e-01
2.606670482636511132e-01
2.594545991904069204e-01
-1.853825646543180994e-01
-6.854211624192863006e-02
2.698649316807478216e-01
9.216253030764606780e-02
-3.795805079816806926e-01
3.165299669355262080e-01
2.122300707598161473e-01
-6.063444169794691974e-02
1.281151190994135880e-01
1.913701375310976061e-01
2.244409724503089454e-01
4.145985187762765700e-01
-2.957333055853704762e-01
2.731836914815677364e-01
-1.451602869044218980e-01
2.077081469953378501e-01
5.024868003804490169e-01
8.357777488440210067e-02
-1.895877386988103208e-01
-4.975889070524349700e-01
-1.892503417886242101e-01
-2.217310364612284923e-01
3.491002201769952129e-01
-6.305552135703759720e-02
-9.268742511264739525e-02
2.393800479737018538e-01
-3.418408040898946454e-01
1.245317158301011695e-01
-3.711993269553902075e-01
-3.030371555724747923e-01
-2.283755586465979204e-01
-1.321164004237233014e-01
-1.976122410299796517e-02
-3.770855076652073201e-01
3.046837627205194465e-01
-3.406381272367202395e-02
-4.239380130101470454e-03
1.026001609564620859e-01
2.316715672731163855e-01
2.095991248238128768e-01
3.551653802208843413e-01
-2.860894126079092659e-01
1.663460080455763934e-01
-5.455283976750976982e-04
5.092174774131489334e-01
8.325754868024987055e-04
-2.398345002217689981e-01
-4.204537635768054171e-01
7.815711606241300125e-01
3.397531278007293737e-02
-6.045271161599201637e-01
-3.676937191230178481e-02
9.700329640884505222e-01
-5.766238110450017107e-02
-4.789596085196373143e-01
2.639134762773371820e-02
-3.871806769940300263e-02
-2.659557616037991901e-01
5.899925698413137631e-01
-1.120521608787716783e-02
-1.766619074922002458e-02
-5.658743690116969649e-01
-2.642634112410952030e-01
6.489156388547621113e-01
-3.655907767690280696e-01
2.259515167875762731e-02
-1.404424926402972618e-01
2.889075778346967827e-01
4.170368380677472731e-01
-3.137357716717744660e-01
4.313156091241665546e-01
-4.967419549704887860e-01
-1.001949980292733133e-01
4.408252000585269892e-01
-2.020945173092479619e-02
-4.139201629424871937e-02
-1.111663112142170368e-01
-1.076712575598835209e-01
1.734743853149195991e-01
2.328726137555693111e-03
-3.362992408676224732e-01
-1.931056312873836445e-01
1.613156362340505967e-01
2.601473635865270834e-02
5.226300137633384246e-02
8.359765619807481285e-02
-1.123874999622390403e-01
-2.247206207827272817e-01
-3.242014787812381171e-01
-5.922467380033444861e-01
4.327921451001490727e-01
1.265320086524574228e-01
3.725261005932647418e-01
7.380881284063373071e-02
1.229406009388718662e-01
-1.971578470055571630e-01
5.235046300922790996e-01
8.669031929745958653e-02
-2.510309742345976924e-01
-1.808878771050169143e-01
