-6.198387593710365240e-02
-4.623056359112330815e-01
9.510012991512497571e-01
4.967764607753978323e-01
-8.432066680341228082e-01
-8.895545722010188561e-01
-2.136673747231927767e-01
3.466138057946339113e-01
-8.491962827457366636e-01
8.365678338714255258e-01
-1.322103815327996534e-01
7.470414211458571430e-01
-7.489902199638853730e-01
-4.241150249719023990e-01
3.020970106713748438e-01
2.373312005344702658e-01
9.178878180504715933e-01
-6.060119337437039899e-01
2.868842477152215298e-01
-2.990512372178172895e-01
1.554779997850347373e-01
9.630058883269781989e-01
-9.388331763559955023e-01
-4.296090389187609548e-01
-7.704881358149506809e-01
-5.758497735704614512e-02
1.671363633351132805e-01
-9.352808058366632871e-01
-9.506890658260909177e-01
9.861155129265225527e-02
1.570773911952596802e-01
6.990990967179839810e-01
-5.146615099346206756e-01
3.850234018842993433e-01
4.729825247262817722e-01
-5.234766663303490608e-01
-2.344870707758814066e-01
5.577991158252192383e-01
-2.175354625726990954e-01
-4.121839459576169817e-01
1.809878166053015824e-01
2.218551830003911984e-01
-2.016256504514390424e-01
2.542499692184278515e-01
-2.986077103437522751e-01
2.628253140344080294e-02
3.256166795048602292e-01
-2.779596171821448469e-01
2.391114219100952676e-01
-3.675712485317368938e-01
1.286256249867561430e-01
3.848589507032436630e-01
-1.394740221773268507e-01
-3.907485824905918559e-01
-4.631149261277925366e-02
1.158621124490871040e-01
1.425748062157206064e-01
-3.736955746926893251e-01
3.235522668378076339e-01
-4.539022513069879694e-01
-2.703030943785793561e-01
1.062784614728300575e-01
3.782302676073058811e-01
-5.491665397191453080e-01
2.892678750150361466e-01
3.547672563971374093e-01
1.510692272332490871e-01
6.699159763267719114e-01
5.999476328435648584e-03
8.302258720916909640e-01
1.467396050806431262e-01
-2.277082570661683458e-01
-7.365764810692073672e-01
8.210934010918278236e-01
5.641444929763992366e-01
-4.996368002670492636e-01
3.631622447207702442e-01
-7.660839248071159568e-01
7.250646793641001286e-01
5.261798741533665336e-01
8.345659499581816743e-01
2.460942138768073550e-01
6.739925696898066976e-01
6.362441476706357513e-01
2.223009700276865619e-01
-4.187512724031653422e-01
3.038103901953766450e-01
-5.079508498748832590e-01
-4.026000220953014908e-01
9.194808108676982839e-02
1.852570405087599070e-01
-2.233443942437485230e-01
1.597176935129132613e-01
5.845468883956597139e-01
-2.168738554649977390e-01
6.997977521585332372e-01
-4.338129595626549762e-01
-5.367046126125825101e-01
-6.340938027351600281e-01
-6.451873550804478885e-01
-4.943016791784305974e-01
5.866702691361597166e-01
1.481891224823124187e-01
3.710309574204595506e-01
4.294477266880962762e-01
-7.196586610544478124e-02
-5.258418019781012365e-02
2.554724508557396634e-01
2.348560558956419575e-02
-3.000966495781473009e-01
-4.975945110648082315e-01
-1.327273445191670675e-01
3.965647155718884931e-01
1.596022827811562350e-01
1.686862056072777893e-01
-1.662928310339505666e-01
7.747083202588465056e-01
7.168494176159732889e-02
2.897013648121792850e-01
-3.826363004201311924e-01
-1.341082221631233196e-02
3.325420593769319866e-01
-6.608670397408396013e-01
-2.238942659306296656e-01
3.023396783946045163e-01
-5.295822647874584566e-02
3.281754365584229616e-01
-4.140300724904583674e-01
-5.660224440865325723e-01
5.788883994894831186e-01
-2.307687795336095804e-01
3.546740892115490262e-01
7.528912605248430090e-01
-5.706433653413123253e-01
-3.956944089679866328e-01
-4.001870341572674183e-01
1.197244127993397911e-01
3.041400029327496757e-01
-2.531982637019355997e-01
-4.172166173858816302e-02
-2.867753102418896805e-01
-1.818657102802890280e-01
-4.596842270671486208e-01
8.224482189077014782e-02
2.112371225317304368e-01
-4.525756572484235796e-01
-3.840043575056013014e-01
2.778860492844010405e-02
2.875552606627607699e-01
-2.649780104214678467e-01
-4.123381401210959862e-01
-7.255683109060117042e-01
-3.115626838608902549e-01
-2.428285594631242883e-01
-7.436353201658320033e-01
-9.078727052122120833e-02
2.772412104802077781e-01
-2.915956971796172109e-02
3.082077869272096815e-01
-6.439642677566041751e-02
2.278769181062720306e-01
-2.352382375859571051e-01
-5.035684364525062628e-01
2.488688448815936927e-01
-3.177673549635794403e-01
-3.830090289095128830e-01
6.236659000825890420e-01
-3.149103982112598787e-01
2.477400428504551444e-01
-1.890373417608368078e-02
2.940948160645806553e-01
-4.127106557680784160e-01
2.511386276925826055e-01
-4.816384057948004949e-01
1.464733082054988644e-01
-5.797656018627247443e-01
-1.583914671236325844e-01
-4.887056969160047948e-01
1.530430608855235138e-02
-6.331570045170643590e-01
-8.352715824761086649e-01
-6.656316775532451491e-01
-1.317550418347970820e-01
3.386991864260882057e-01
-4.626676452384995836e-02
-5.897258599017362046e-01
8.293168288280564071e-02
9.388400125657586637e-01
-6.721940540190195490e-01
2.198274532609417742e-01
1.037457101419485272e-01
-6.231669888509069888e-02
1.714522737009596953e-01
3.071377095275625857e-01
-3.948527544519151999e-01
-3.687490563041930236e-01
4.964126614213666688e-02
3.131495704625795740e-01
-2.552991186795590117e-01
3.267820492653251141e-01
4.732245843005032371e-01
4.142286414589779753e-01
4.549716568816534745e-01
3.021787294006366142e-01
-9.414700638088245588e-02
2.418799681909390986e-01
-2.699201811721154143e-01
-1.509071179762230541e-01
-6.630718863951413911e-02
1.946393114720233464e-01
-5.554949467649081818e-01
-6.256088308516254415e-01
-7.128917786780396282e-02
4.190447109402868908e-01
5.882077967149321879e-02
2.463516797791630297e-01
-2.391239005202044077e-01
3.103743219052495506e-01
-3.955801601511878540e-01
-1.565043902830640654e-01
2.687898630656143824e-03
1.338669379563107720e-01
3.845454953566603828e-01
-2.565358288422369126e-01
-2.503723837355592008e-01
-3.421831718062432470e-01
-3.061500257885488296e-01
-2.416839190651000890e-01
-1.073735630353283704e-01
2.805753021658917157e-01
2.191254490524605636e-01
4.910707215490765082e-02
4.238521081588001588e-02
5.369926403797986580e-01
-7.614875082677765583e-01
8.401201702579207398e-01
3.299033873954786977e-01
-1.507668904699891455e-01
1.752978921603770834e-01
4.096717102995423021e-01
4.510753127754335567e-02
-5.038605408914550443e-01
-4.470825952499443146e-01
-4.811828466347158328e-01
-8.007860589335440427e-01
-2.460136890705403867e-01
-5.151604114993294653e-02
6.265703447309295404e-01
6.857581745393004358e-01
-5.234684758061443066e-01
1.563422812245595928e-01
6.836982986140330842e-01
-1.738902217414358409e-01
4.754521334133032240e-01
-5.215116820919465379e-01
-5.649400333976967170e-01
3.950989048933981618e-01
2.853371272610830678e-01
3.621227347875372038e-01
-8.387817819323315494e-01
4.850322288490868106e-01
6.779055732951403401e-01
8.222017939295909184e-01
-1.698751569156188856e-01
1.822693102807458332e-01
