5.288823823673427516e-01
4.594531278279833653e-01
1.486004236976093962e-01
4.475841627126274092e-01
-2.345191961650012757e-01
-7.867033700133421181e-01
7.398506043905570539e-01
3.007082162842078521e-01
-3.478109788540902775e-02
-5.305349403315388901e-02
2.563289692590739466e-01
-6.413129652632347799e-01
4.095245273767716965e-01
8.876261452296436982e-02
8.411672822629761015e-01
-8.945531402347936534e-02
2.858330091728277234e-01
2.859986477060056931e-01
8.294009139977382983e-01
6.990537083701271748e-02
-5.459493751500439362e-01
-4.139442505430988156e-02
-3.491903643794831980e-01
-4.726587973247249885e-01
1.744707096445521563e-02
-4.035844341945436092e-02
-1.740609766472153430e-01
-1.334138651918985452e-01
3.692258268031803903e-01
3.026527822525763023e-01
-5.635051178028065433e-01
5.825981004474869440e-01
-2.671912523400349349e-01
-8.798162669102399525e-02
-2.998489440264877626e-01
-2.889356121343419348e-01
-8.634517211704771933e-01
6.247994272825337925e-01
-5.340137289392893338e-01
2.345234846469220480e-01
4.250235629710451546e-01
-4.842419578991074558e-01
-1.299115123136622141e-01
3.482353355441289433e-01
-2.728654111896166579e-01
2.832790623461709512e-01
3.778581422133915624e-02
-6.499431502644492653e-02
4.035099222607849145e-01
4.456671565784269817e-01
5.462630330094868647e-01
-5.531341287250973737e-01
5.234045438788446081e-01
-9.145647916699511937e-01
3.915530495457464344e-01
5.829649062970975182e-01
8.873369271063863417e-01
-7.774868542516414349e-01
2.224188356973019753e-01
1.399757642861999274e-01
3.225501835498113534e-01
4.155863881587633091e-01
-6.062769258832454433e-01
-7.423427996617210090e-01
6.138915151992871966e-01
7.824666577824329616e-01
-2.044555441789785988e-01
4.680387456841453853e-01
8.344611480060071251e-01
2.333296752930653639e-01
-2.517645275727139476e-01
1.306387343321688821e-01
-4.049308224017857949e-01
8.939897785495112270e-01
-1.134156148364253713e-01
-3.507011859715110647e-01
6.286178949646152869e-01
-3.568234773037732288e-01
8.478088787866913112e-01
6.525659469733530171e-02
-2.693223671300726263e-01
7.742911387302164883e-01
3.230195968156355235e-01
2.970321378306231552e-01
3.134877301031878671e-01
-4.547973815247308704e-01
-6.163399648799468000e-01
3.889060521492910261e-01
-9.458460256741818561e-01
-5.883842951707092261e-01
-3.421358145050426569e-01
-3.469546756633617446e-01
2.992370953889855190e-01
-6.573629852577265176e-01
6.372011758751354726e-01
-2.929203888790299359e-01
-9.275113304091490152e-01
-9.799175784957396829e-01
-9.089016907180499372e-01
-7.211405428235816428e-01
2.709516561657665523e-01
-2.399211543797706847e-01
-2.240686919251540510e-01
2.494927649845619655e-01
-3.918279327724441541e-01
-2.387743211233254448e-01
-6.735681350801757672e-01
5.430347113876958509e-02
7.366828834566769846e-01
-4.783351779470771947e-01
7.933642991656896237e-01
-8.282595889647877963e-01
-7.831363843000955782e-01
8.041824585101712275e-01
-2.206273248720801994e-01
-4.307932596297663896e-01
5.732407897023978904e-01
-5.834284091707370168e-01
5.509373664968701956e-01
8.011180879549925637e-02
8.188338924537351682e-01
8.430967214753384287e-01
-7.506694359277554796e-02
-1.491618951104633772e-01
2.780360678994488188e-02
8.384417555570394809e-01
9.366249326118956109e-01
-9.758961857481434077e-01
8.201120493240739162e-02
1.209486437377463308e-02
1.381102789768598738e-01
4.543931263422244515e-01
4.124185465442269383e-01
-1.580396319096588065e-01
7.846951955053118599e-01
4.504921145603624777e-01
-9.738054336134978062e-01
-2.418534573858267811e-01
-9.376189133707166778e-01
3.646395125262915649e-01
-5.284557011982096153e-01
-6.009502814963518791e-01
7.318415061958106760e-01
1.938130036724833583e-01
9.130730153915934677e-01
2.583776352382559094e-01
7.268381953247120553e-01
9.813628089553516620e-01
-3.434531849890163913e-01
-4.525507598354460148e-01
-2.257956762300943332e-01
7.930610180121583364e-01
-6.152391939093170281e-01
-3.746443533065287046e-02
3.980846101033843065e-01
6.783141411844686441e-01
-3.684438284931558782e-01
-9.817838811949049227e-02
-8.046630077691263594e-01
6.368683065109043140e-01
-4.127379935517008769e-01
-3.872082346549920451e-01
-9.258585488249571060e-01
-1.963894607324383756e-01
1.218225486635915317e-01
-3.109117434515168976e-01
-4.028105228165539398e-01
-1.207398317134656396e-01
-8.870402243500088435e-01
7.915277530647141235e-02
-4.143812278934614346e-01
5.472978077197312441e-01
-2.856346061579370099e-01
-1.349754546999056282e-01
4.212316493545082974e-01
4.982033404261977660e-02
-9.107736845360917544e-01
-5.577919869693150901e-01
-9.823944533720516681e-01
-1.039496618873539530e-01
7.448089945084934715e-02
-4.910851101771309124e-01
7.601344754572306739e-01
7.703493514825798805e-01
1.476505295818945906e-01
5.770566610796581397e-01
-6.718543400833256740e-01
-3.257269379575357116e-01
7.906399708436790963e-01
1.993246060287621468e-01
-2.727995825343800251e-01
1.629040209715474641e-01
6.971815600592380369e-01
-1.506761885749344776e-01
2.999752743786198161e-01
-1.356609458343715491e-01
3.027334664285487309e-02
9.649984999670062347e-02
5.360061624156176041e-01
-6.636981291703786257e-01
3.625066778220176200e-01
-4.541624399966140424e-01
-1.480107483299572813e-01
-9.891251159384109037e-01
-1.368333527330630461e-01
2.987582038762728875e-01
-1.664785602938080866e-01
-5.202141599345353473e-01
5.533168935245732500e-01
-8.727693734861106112e-01
-7.182014400743962357e-01
-4.975481994698635058e-01
1.112777702377181210e-01
3.709000952539718288e-01
-3.214260796808172671e-01
9.139089650498360973e-02
3.924551983332354999e-01
7.227715817252010622e-01
3.383433564858737697e-01
4.736307496298576281e-01
-3.523647895970903887e-01
-5.931356319208008765e-02
7.066550905136537164e-01
1.252944045390822492e-01
1.801087666661305708e-01
-3.805535449829807737e-01
-1.892381000651104442e-02
6.743346727192994772e-01
4.327080030616581308e-01
4.131777226655214408e-01
-5.813557898758842102e-01
-3.128367457125702522e-01
6.192572174045120059e-01
-6.851471573743581622e-01
-4.581397224905769949e-01
5.319137117760237149e-02
-5.559764982037164183e-01
1.756095449432732436e-01
4.818253063417853310e-01
-9.762438957364633074e-02
-6.031551154072066490e-02
4.760708863764107068e-01
7.701585691864505367e-01
4.610774598105625288e-01
3.955455163830098875e-01
-2.094792736631323204e-01
-5.718199156381320591e-01
-9.294348556487114221e-04
-1.167600409871932532e-01
3.883237724741119834e-01
-3.858087459353377879e-03
2.699104892146623191e-01
3.837323860144291610e-01
3.005543713324432820e-01
-2.952790579870612220e-01
-3.655206984007757232e-01
-5.616401939279400679e-01
5.258450243825002479e-01
-7.029591888701741675e-01
-1.968890695678358893e-01
1.836437244509697142e-01
3.591595095776818902e-01
5.751173550204040641e-01
6.206284354326369740e-02
-8.447404135029192851e-01
