4.428576241519868034e-02
-1.564249216058997138e-01
4.234546133758468334e-01
-2.615388026977796265e-01
3.582809138585086872e-01
1.844379921468674022e-01
-2.413259127678240024e-01
-4.079088130726233330e-01
-1.048484658351957616e-01
-2.053368446343756953e-02
8.187202676002971677e-03
2.406646899491536318e-01
-2.996457000840916859e-02
-1.693177642656484849e-01
3.027067941347646451e-01
-1.329492752549541468e-01
-3.814414720010524951e-01
2.702058848455463624e-01
-5.736704773369494942e-02
-3.048316881661988775e-01
2.335544261439153613e-01
3.921183491911197638e-01
-3.180797271120166525e-01
-1.362157633873184448e-01
-2.107791834227494554e-01
-2.129044689872917548e-02
-5.706410498159756317e-01
-1.338527154532873353e-01
-1.907693703046136058e-01
1.051699938566854134e-03
2.469319177018909975e-02
1.600401069151664857e-01
2.050308969065620657e-01
-1.704170842063903318e-02
-2.107793101012437886e-01
-1.273417287940545040e-01
1.952885533089978309e-01
-7.465451663999058546e-03
-8.161935463777730826e-02
1.385063659315168179e-02
-1.271090791792735541e-01
-2.632140375781955380e-02
3.392619699501269181e-01
7.570387001557565831e-02
-3.910141327468088512e-01
1.130680772397507083e-01
6.080295498242424546e-02
-3.269763861481484457e-01
-2.331924949497527488e-01
-2.322374341028728417e-01
-6.154705556399057143e-01
4.746970378693936565e-01
-5.296335087996951740e-01
-4.114599265798394301e-01
5.763822252704421389e-01
4.168014753273074358e-01
1.406551760842170151e-01
-3.423897395172212366e-01
-4.107049758946655915e-01
-6.642700304689838631e-02
1.035109773929928922e-01
-3.717225576285757560e-01
2.040375066761434542e-01
1.249906092990001605e-01
-4.761250737269694389e-01
2.381964236126140888e-01
7.341605166492219947e-01
-2.590783366984788505e-01
-2.665448274232948278e-01
-5.060124177244174071e-02
1.283336798542283608e-01
9.666716060666848132e-02
3.024590435101573993e-01
2.734638094140871833e-02
3.978122595912098047e-03
-7.548638578568403479e-02
-1.493707755070791676e-01
-3.691296272637214493e-01
-4.449358401498088728e-02
2.720746494428960549e-01
7.919785525597844433e-02
3.584027371430322240e-01
2.233883921686295460e-01
-5.449871139202094872e-01
2.747371128212249269e-01
-4.529250671348852841e-02
8.775996381319609019e-02
-7.674616176399703948e-02
6.885547762194725585e-02
-3.026281153174703586e-02
-3.232216734451711648e-01
-1.521557825021468413e-01
-6.896868989128281113e-02
8.795773414637769738e-02
-2.215879170275961707e-01
1.109927315249969459e-01
1.633428048804983490e-01
1.907479636112642540e-01
1.871566572344583179e-01
5.541149495401629377e-01
5.098832052160556794e-01
2.678115759148491648e-01
-8.276126890844086592e-01
-4.404136253738331064e-01
8.479691511150497241e-02
1.386343998176760295e-02
5.606041241288319682e-02
-1.548620874705172734e-01
-7.556556460768876216e-01
-6.320903761995193548e-01
-6.252096511429967862e-02
5.639249962389842469e-02
-3.377832530153952045e-02
-5.703003249577676126e-01
5.820080187453741116e-01
-4.882064590486279165e-01
2.346398091924289664e-01
3.090509977161111088e-01
-2.772900476317234283e-02
-3.892290130218783312e-02
2.435785588628249648e-02
-2.747785445627373702e-01
-1.545376532539517456e-01
3.199624439233561546e-01
-7.078189393964171017e-02
1.306597574359784908e-01
1.355037088246099364e-01
-5.030762052118703531e-01
-1.552363103508671849e-01
-1.538616721967211998e-02
2.464542201631385598e-01
-4.368669089784069787e-02
-8.019775586843980175e-02
5.861110091527288457e-01
2.682278910101849184e-02
-2.385606932078827014e-01
-2.752988048020894585e-01
-4.491846837462891706e-01
3.681804998354146208e-01
4.965729178945862410e-01
4.056604967010479790e-01
-4.293436550041915822e-01
1.921721046596109872e-01
1.281277746994502476e-01
-4.448179763083309757e-01
3.352479132846464815e-01
1.959431533042566009e-01
4.923141790301689691e-02
2.532590987037386943e-01
-3.208754355258188751e-01
1.891176453171966310e-01
-4.742124292778389094e-01
2.611340454170524294e-03
-1.471629468482334446e-01
-1.204593645688808584e-01
3.194267607360619099e-01
5.390088260197101883e-02
3.790920084301862419e-02
3.048483323743262918e-01
2.472347575798034547e-01
3.304956666889222183e-01
-1.272412694899476004e-01
3.242696779054164979e-01
-1.281636405863660969e-02
5.022551884623792651e-01
2.894961529425582950e-03
8.714033292745698711e-02
4.636215132374574277e-02
5.228086139907761609e-02
4.567167766966986203e-02
1.732793139319047382e-01
-5.119967104672989988e-01
-6.966644124928697557e-02
3.755940709218824614e-01
4.825928279533293203e-02
4.019387379025302076e-02
1.340739605372375243e-01
-2.580964297151586151e-01
5.116983236684949921e-01
-8.456586078270188211e-02
3.055830214844981740e-01
5.920882799665283525e-01
1.524695732703219286e-01
5.092978563196798314e-02
4.741978251525660326e-01
7.351303024534058816e-02
-4.015088780212132669e-01
2.284629228138120027e-01
-5.792670322106175523e-02
1.429630070821107275e-02
3.205725882002486982e-01
-1.970011508511647635e-01
1.428043989269219272e-01
-1.683558714249378807e-01
-9.658286147031393265e-02
-3.699700592255447673e-02
-2.989777993733100936e-01
-8.615563031047977771e-02
-1.376364593174538298e-01
1.524966852991883337e-01
-1.365566570168508798e-01
-9.557632390475729808e-03
2.388489981644495788e-02
1.955707721402933363e-01
2.825588001082203482e-02
4.007692184378849332e-01
-1.407655820316006390e-01
8.492570503091192990e-02
6.698366608621558749e-02
6.312992904364422841e-01
-4.555761017953726538e-02
-2.163525711398571194e-01
-4.620946043306722872e-01
6.810947122930616215e-01
8.278154817124107334e-02
-5.762873108253349086e-01
-8.720525109845640721e-02
9.365088680407425148e-01
4.979483512914732735e-02
-4.769075390113871604e-01
1.606624832284039850e-01
-2.485229113051210248e-01
-3.503655540654648792e-01
2.263205218643337888e-02
-1.161989277717769692e-01
4.586578703464633255e-02
-5.304562509648200752e-01
-1.872107460519933375e-01
3.941913523477340031e-01
-3.521590559848329915e-01
1.562655778223921710e-02
-2.428572220720714298e-02
1.269367018921871981e-01
4.598537166247390617e-01
-2.699354960623510102e-01
3.396030815300412620e-01
-4.360479649294208282e-01
-3.546833591378355244e-02
5.134916810410714572e-01
8.737044344713149058e-02
-5.906026271206538114e-02
4.709509074363601826e-03
-7.596127746035157002e-02
2.006736493839778868e-01
1.331523988560853189e-01
-2.063118987258865389e-01
-1.926660348768951536e-01
1.131393731705767070e-01
4.809826543945160127e-02
1.674112655091241353e-01
1.012164651027540885e-01
-1.629881958449719559e-01
-1.770238305468627982e-01
-5.790111340406293161e-01
-6.500228249226217558e-01
5.026742812937032845e-01
1.195249472826192261e-01
4.137949358516836984e-01
1.310285589582435573e-01
6.840047866295305423e-02
-3.562118690777993368e-01
2.692017571922831198e-01
-8.162238976990980610e-02
-4.256847851848813979e-01
-2.694370740607562320e-01
