-9.462624891023398987e-01
6.412358378664233527e-01
9.256261724597286689e-02
9.140118245807681008e-02
5.891106047709716576e-01
3.922419330499250095e-02
3.582665145446959354e-01
-1.813388788545172714e-01
8.589113768180689501e-01
8.708256902730492355e-01
7.276786083967798913e-01
-5.795347476390628749e-01
-4.446385245220528804e-01
2.147145596615717134e-01
4.323774066958749884e-01
-9.412363265320982109e-01
-5.231909135492741614e-01
-1.538159583724817980e-01
-1.745688603512821901e-01
-3.275245587328175501e-01
-1.000000000000000000e+00
6.845301081244543617e-01
-8.785500876373921741e-01
2.910040066675328996e-01
-2.158697751755509764e-01
-1.218994629271788616e-01
-2.408149250603071057e-01
5.345133045873156075e-01
1.000165982098181611e-01
-8.516335387863802064e-02
-1.000000000000000000e+00
-6.964986218217196212e-01
1.639738904297933786e-01
3.132290875354439286e-01
-8.929817493908102088e-01
9.336620903076258138e-01
-6.608373359477714981e-01
4.976559969350109469e-01
-8.230969877807746693e-01
8.144118124315566920e-01
7.090278817164110681e-01
8.129729195461847802e-01
-8.653830418842923811e-01
-3.439177727984050748e-01
2.674307311450376257e-01
2.355271128724536478e-01
-3.221048766628100135e-01
-3.906485298124645067e-01
-6.123149736237125662e-01
8.578354397055795166e-01
-7.045503400595616306e-01
2.331278323406614783e-01
-5.877677864394924567e-01
1.418330548593599028e-01
5.792370936559686212e-02
-8.013552918113384660e-01
-7.130361466915854374e-01
6.956322399167574888e-02
2.737861209843936439e-01
-1.331541353647334169e-01
-5.421794974515552479e-01
-6.256632044225628464e-01
-2.661599850219356078e-01
6.670586839098369136e-01
-7.581296431756846532e-01
2.266250985923222994e-01
-1.509579477955778071e-01
8.018288862981430842e-01
2.475886530259869822e-01
5.753578696748963273e-01
-1.124839016826488930e-01
6.584307163459357515e-01
1.377855516140598369e-01
7.508052383687568998e-01
-3.488933135939442653e-01
-7.989721671500735756e-01
-4.600305387918424138e-01
-5.853690401540595500e-01
6.154215960667188678e-01
-7.626422704365851679e-01
-4.249352735004841564e-01
8.489588704945904007e-01
-3.262764744841874509e-01
8.377584993190744234e-01
-4.744478191290218971e-01
-5.519724625628615877e-01
4.202378534653354869e-01
6.410200328701264327e-01
-5.018351444799773464e-01
5.296334495079048077e-01
5.640961548153250460e-01
-2.767808544147385974e-01
8.397476994108732384e-02
-2.201973825227931947e-01
1.620072321495363843e-01
-4.590251113310999109e-01
-6.865188405855712217e-01
-1.419789916359099902e-01
-8.696123520481783276e-01
-1.260253293069843461e-01
-5.575735230911826878e-01
5.490344926033022821e-01
7.882377860616159859e-01
-3.442648797081312440e-01
-9.111832575117590968e-03
6.207277238015949106e-01
4.933565765329650521e-01
-2.601442397990192945e-01
4.527525905018752739e-01
-2.956084938655305083e-01
-4.185716676688472360e-01
4.334385182057020613e-01
6.122866963015274333e-01
5.605340811760106678e-01
1.608317639254434328e-01
7.452959556177022327e-01
6.896402570869043513e-01
-1.311377775015321323e-01
-4.799361580538034078e-01
-6.255965588671276445e-02
-4.804869501625113615e-01
4.341603467641007574e-01
2.455213578424543241e-01
-6.945828821043359413e-01
-7.560451030856955024e-01
-8.886731413157132609e-02
-9.430180633963312076e-01
2.320532361939950661e-01
-3.270602981933602993e-01
-3.443022727738316302e-01
-6.438110056966936945e-01
2.244946900692721958e-01
-3.929312193257806785e-01
-4.798360248858568600e-01
-5.117916362428990285e-01
-1.302789761645621325e-01
3.143005192017117588e-01
5.878469963279353561e-01
-5.454547505033519039e-01
-5.871626409653444290e-01
-1.375437906237400587e-01
-6.023046304433323783e-01
5.148298361090569708e-01
1.778975041614954955e-01
3.532364994463798591e-01
-1.187672705530143369e-01
2.167684063672278560e-01
-6.652481199343566187e-01
6.573334935275543245e-02
2.214283847427707397e-01
8.289362416334280503e-01
-2.937501321520604169e-01
5.977868289442460625e-01
4.013934391837965521e-01
7.089086752067662589e-01
7.011971871086324082e-02
-1.355829801911225541e-01
2.875324600376806192e-02
-5.495643691923643992e-01
2.157206672097083389e-01
5.180763912562891260e-01
2.319592544185452021e-01
-8.059514082888065145e-01
-5.550317174144465682e-01
-1.972898542918708753e-01
1.184655161464735068e-01
9.460212282972074727e-01
4.556217923453975138e-01
3.102488097043881732e-01
9.645998103070455021e-02
-2.970591355231711611e-02
-4.448215999069323745e-01
6.892502707413121765e-01
1.266571808841640001e-01
-4.221449255391163669e-01
-7.488155550758655021e-01
-3.936764092047444208e-02
4.757559216748288855e-01
2.968319071187489055e-01
-8.283239173412505763e-02
-5.876947899553721655e-01
-7.472649796605843608e-01
-1.250924787124175208e-01
-1.692267387612343965e-01
6.588855966475345438e-01
-2.423972025417706067e-01
-4.751468716133358527e-01
4.612378700415970534e-01
1.758471989114726020e-01
5.558001988343908017e-01
1.284788465275767400e-01
-1.859569920383229436e-01
6.456868080052613479e-01
8.569938647965431588e-01
-7.396774528946243876e-01
6.221662055857342111e-01
-7.993855692345936959e-01
-4.500864402309266987e-01
8.597285214472298875e-01
2.254374840956780701e-01
1.611097682463422665e-01
-5.766796658566430978e-01
-3.647991766009299752e-01
7.452262642235265577e-01
-4.652352324407609263e-01
3.950498989510266012e-01
3.924938221659130533e-01
2.456100231724971938e-01
2.792583849382580530e-01
6.020594813542131662e-01
-6.778909681294764678e-01
-4.487944311266091058e-01
-4.349776717813642057e-01
-1.825071205098353355e-01
-3.511608808166806206e-01
5.220272255745640466e-01
2.627265949514169252e-01
-4.781769706327913538e-01
5.346203082745997204e-01
1.481676668141589659e-01
-4.416100926113372127e-01
2.601051206868704169e-02
1.681138572968175759e-01
2.726584949901809662e-01
2.501682511499125905e-01
-1.233179535089887202e-02
-3.287615603151569088e-01
1.999793579249533604e-01
1.180608922421894080e-02
8.927783781004478003e-01
-3.924722342478654258e-01
3.700842175061946349e-01
6.630025546532281044e-01
-1.364200755502503228e-02
2.803804936196267472e-01
6.890557273904710511e-01
-5.291219715509912769e-01
-5.082765488856962888e-01
-3.389802138959841504e-01
1.034176170794628147e-01
-5.924183238768487847e-01
-2.406829396748344785e-01
8.928720426407572575e-01
-4.679925336810963898e-01
-2.517158809885032822e-01
-3.587901405153500201e-01
-9.028320801588984867e-02
5.198870407756820411e-01
-1.271032348460912342e-01
4.873715368725839436e-02
4.093687923051694266e-01
4.582891934176670512e-01
-8.488979216890271129e-01
4.426407478370894544e-01
4.034306930335143648e-01
6.263800045862059074e-01
-5.137257766140815862e-01
5.861954809066390881e-01
-6.811929837989587622e-01
-6.166462619328398898e-01
-7.255679627819031086e-02
-4.755146677228006546e-01
5.469126729931461650e-01
4.859802147906782666e-01
-5.219788874651548616e-01
