3.751275568202213639e-01
-2.669835623561042093e-01
2.592944237439390176e-02
6.287207558289515941e-01
-2.208170624759122347e-01
2.021848037483611193e-01
3.064385824663646840e-01
2.930588411428670659e-01
-2.450056874358250147e-01
-2.094991834141279319e-01
-1.923221127509213702e-01
3.288334622775185290e-01
4.900033684757383878e-01
2.430175669655661452e-01
5.182951890961333685e-01
-3.637411912576977713e-01
-2.098222141191949386e-01
-2.986029682642897254e-01
-4.895120400026127250e-01
3.466385121182788409e-02
4.144124609918830027e-01
8.038144668186250064e-01
-1.069668290322667858e-01
-2.915093460680897586e-01
5.934088306194633677e-01
1.485537448359764423e-01
4.286039165833508413e-01
-4.794773053737487745e-01
5.644257833397768598e-02
3.775431052167511625e-01
-2.717109043300870996e-01
-6.091118825412791815e-02
-5.420634410882955168e-01
-4.560430179632599113e-01
-2.796558909864395037e-01
6.532395704427181038e-02
-1.696082553765454470e-01
2.807416578500925297e-01
-2.295580575185098351e-02
-1.274943251674607314e-01
6.171487033922711668e-02
-5.148959103131824089e-02
6.340378440734459331e-02
-1.230615769739268894e-01
1.854617463611118455e-01
-2.095942313224389286e-01
3.229218517055759685e-02
2.531851392199011008e-01
-1.301668018236267210e-01
-1.097602189012590601e-02
-1.516225748270771945e-01
-7.817706268417809468e-02
2.269854078635274441e-01
1.062915816871393693e-01
7.974321005382944971e-02
7.979832563868041739e-03
-1.509046558909654945e-01
3.413509201465622089e-01
-1.401237654630743401e-01
2.411386513439666146e-01
4.281145186839768746e-01
3.908281767392883799e-01
8.542655750320557462e-02
6.027776808396326236e-02
3.176048163122356660e-02
1.149302854091310555e-01
-9.329298094584996537e-02
7.337623260803667613e-02
1.080108409056513286e-01
2.028342132820080690e-01
-1.235018057682575610e-01
-1.469167791055836503e-01
-4.161755276677013837e-01
2.963819048822893265e-01
2.194933325178033412e-01
-2.766018319279038851e-01
2.857258299004914459e-01
2.785880325719869433e-01
-1.705668940027939007e-01
3.925681550366284522e-01
-4.257999926331426099e-01
6.212491383549362256e-02
-1.537652017155646811e-01
4.013494466498559454e-01
-2.581319829151046408e-01
-3.106024102460040459e-01
2.200611543421654437e-01
1.757692518352992894e-01
-9.866599342641432790e-03
3.037990624935467121e-01
3.954707716287914065e-01
1.644430160280661579e-01
-1.507451768416660787e-01
1.721286512113440748e-01
3.868703378139131122e-01
-1.749244511542747960e-01
-4.825500262982386213e-01
2.867787225054052591e-01
3.734299275380769667e-01
2.475160737755166887e-02
-2.618602124584539781e-01
-2.926169149173905026e-01
-1.401002205058413108e-02
-1.951406212981566246e-01
-3.696649260954791572e-02
-7.981980583880968205e-02
4.131519773127657058e-01
3.858015549031468816e-01
4.569331645818205945e-01
2.274737405182058678e-02
4.556961319766880125e-01
-2.294232066816397908e-01
5.364074524283753836e-02
1.255021111726546956e-01
-2.307465061205931922e-01
1.117724640196049099e-02
3.060774917084735369e-01
-3.063162569722206463e-01
-3.597247543685287430e-01
2.599119342935358734e-01
-1.377005781701144960e-01
2.775418939506734128e-01
-3.664016842492441861e-01
1.749670762200127017e-02
-2.691024123662003054e-01
3.109926877378182616e-02
1.069210747406909405e-02
4.606546142049612325e-01
-6.529295339234245099e-02
3.301909849268641617e-01
4.980376866947843206e-01
-3.677630386426460896e-01
5.231936537318854219e-01
-2.435362600726020399e-01
-1.799835165145343696e-01
3.025597840281138984e-01
-9.931601814577223353e-03
2.126775799119654531e-01
2.882937360536368399e-01
-6.021812562559700766e-01
9.329704360756663206e-02
4.451459513352843539e-02
-4.347417625227357751e-01
-3.064528691486105849e-01
1.311571543652907956e-01
1.504769227634778772e-01
3.087876215109232603e-01
4.147266184593637606e-01
3.473789014689407928e-01
-2.928092608209249548e-01
3.673499550574750305e-01
-3.756511897752810025e-01
3.626384036022207713e-01
-6.394523712555941208e-02
-1.490270484747308610e-01
-8.082132676004761818e-01
6.021788821341123032e-01
2.559388294758175308e-01
4.279492765718866387e-01
-2.102824522610726166e-01
-3.324748297482276183e-01
3.122418907343921801e-01
-1.272070389778034161e-01
3.054182744735201016e-01
2.230820048687841561e-01
-3.473953513140221050e-01
1.602859431844596561e-01
-4.868449596685865410e-01
-1.951320789701449857e-02
1.828700947017834477e-01
-4.094434788330548747e-01
-1.673932455296595900e-01
-5.351911777672855308e-01
2.299927194605737857e-01
1.725932055093564177e-01
3.830017502482578884e-01
4.526749104074092589e-01
-5.862759162614507025e-01
6.581170169173639062e-02
-5.894078654513125459e-02
-8.231252657092139047e-02
-4.412289386393265511e-01
-2.851230068219198222e-01
-1.097616295946384352e-01
-1.026629889512514909e-01
8.682285143810321293e-02
2.797431104915732436e-01
4.566679420031863890e-01
1.435347480869863523e-01
2.867255997853841443e-01
2.703465027619550987e-01
-6.201168206247761328e-01
-2.999590336175254057e-01
-7.968445902834692118e-02
1.907643913073383823e-01
1.624096638952147176e-01
-5.653688573941202389e-01
3.553856011895098477e-01
-2.489320585520803097e-02
-5.722506094313837277e-01
-6.529987889503564569e-01
-6.700758583774841792e-01
-2.062385407142275640e-01
-6.830396658570895285e-01
-6.874733541827418026e-01
7.688226632638662794e-01
1.974746057843436708e-01
3.439441037902335463e-01
-5.066247105177634769e-01
-4.866731132634146695e-01
-6.324390439415943366e-01
-5.989619619934476447e-01
4.230054353493569175e-01
3.800779226319067616e-01
-4.417747859604911898e-02
2.913701477223396563e-01
3.231844234298673624e-01
-5.897905508571815725e-02
1.427006361869192497e-01
4.026506337801526447e-01
4.385714885526064560e-03
3.867132826610526486e-01
-4.598797609655665419e-01
-6.591329261425017405e-01
-4.862891402381373102e-02
5.916041448964945992e-01
4.281346422445569400e-01
-2.079643817750860268e-01
2.046017582210118979e-01
-4.528220218485661808e-01
3.178338094137497238e-01
5.466732542525893912e-01
-4.159309151856380726e-01
-4.790426113223540394e-01
-8.237117026917307738e-01
-1.303284400689271316e-01
4.417210028382448916e-01
-4.933031659963712512e-01
9.991358414631015816e-02
3.684025347155012176e-02
3.310113605625850663e-01
-5.716541490932527392e-01
-5.403707990196756628e-01
3.967947303693490635e-02
7.482548328229976509e-02
-3.355636885277589743e-01
6.209404831668330349e-01
-3.838121572566008388e-02
5.281835484907435596e-01
-1.100739427765798639e-01
2.734381652419274333e-01
1.669093470876462093e-01
-5.162964039194172239e-01
-4.434272034496928860e-01
-2.991513399900840309e-01
4.380560252947001132e-01
-4.165840186498243058e-01
3.918644235510067575e-01
2.369244185255406920e-01
1.681605840311382605e-01
-5.734070263291444203e-01
-7.016422749273919408e-03
3.216962990258683819e-01
3.020462822902642008e-01
-3.531418256733189764e-01
