-3.353634034223628158e-01
-2.898101198752657814e-01
-6.450557554094595858e-01
-3.465421829586576852e-01
-3.194168604856671978e-01
5.112381589639309887e-01
5.501487152231208932e-02
2.295741990351234663e-01
-2.570772503575489143e-01
-5.151209293778530318e-01
-4.205264628693428097e-02
-2.450278226735418952e-01
2.402860037016918415e-02
-4.269000874984530403e-01
1.931482198283129004e-01
6.145455059119639962e-01
-7.511999781167336132e-02
3.768547055259148237e-01
-8.217773117342855871e-01
1.533463615646248612e-01
5.367943589209462907e-01
5.388138247439571149e-01
-6.430807775540337001e-01
2.974150732731744018e-01
4.668766161846362728e-01
5.234211247099804787e-01
4.386333033638553092e-01
-3.331815897796083781e-01
-4.725070286889865301e-01
-4.458142666797249576e-01
4.458854558399021339e-01
2.265398932957849720e-01
3.037505014167191653e-01
1.717134935058939327e-01
6.803886987980573009e-02
-1.796033509908769865e-01
2.550247091410263733e-01
-4.631076699384403111e-02
-1.898374570917439608e-01
1.936083284752893319e-01
1.657298258380924538e-01
-2.553798132391380329e-02
6.045525736740593736e-02
3.428361302036199709e-01
-3.147981038107960372e-01
-1.404761964564298082e-01
9.901109503639980713e-02
-2.742851771227300395e-01
4.504448186604785576e-02
-2.133318622193582370e-01
-1.319391345989741893e-01
-2.157049885230164221e-01
-1.464138713110786361e-01
-3.663764502214734153e-01
4.087919988462098142e-01
3.509056890215227487e-01
2.616842469295901918e-01
1.582735407159924779e-01
-1.238379298879126039e-01
2.867795184629002431e-02
-7.224235259382701113e-02
3.243913757926435992e-01
3.249954588805634148e-01
1.016754666236463836e-02
1.596029862694652857e-01
-1.915056136996098057e-01
3.296077171576600184e-01
-1.213019300749196006e-01
-2.669018615862404561e-02
-3.931258313267788074e-01
-5.894569925424885115e-01
4.772786393077299572e-01
4.491506415723544032e-01
1.117973072666783585e-01
8.106134838374392526e-01
-2.590761140179550504e-01
-4.992705563870624696e-01
-5.913948983128524128e-01
-2.409199238973304125e-01
-7.056001841302059763e-01
9.899690707943349655e-02
-2.955234979888127778e-01
4.929255394809682889e-01
4.316530096929849236e-01
-3.788377177778438076e-01
3.067073301362300830e-01
-3.865840119661000940e-01
-2.897547875746268042e-01
4.977645417182116061e-01
-1.064820879222928840e-01
-6.706352999299933226e-03
-4.103114951920772135e-01
-1.378775722608515386e-01
2.683079895171779361e-01
6.066599965540724337e-01
9.604256357110017156e-03
3.743170583726048162e-01
7.632283988458122836e-01
-4.481002601390662310e-01
-2.916341413880030320e-01
5.450384150495442004e-01
-3.645899997568730067e-01
7.252760642566611349e-01
-2.413051546667762670e-01
1.247047001847341324e-01
5.453177752435138526e-03
5.244998867133795484e-01
-5.393173326424127723e-01
5.285807182248488667e-01
1.957912287890076208e-01
4.614963766662522060e-02
2.134041009310427839e-01
1.925209913904800674e-01
5.276696158249468693e-01
-4.137424598584106827e-01
-2.052115992436419067e-01
-2.942753909127011069e-01
2.226866307409207935e-01
-1.990727502186263320e-01
1.050370031252086250e-01
2.931641318105379090e-01
4.188808330062998575e-01
3.020657121871703765e-01
-2.090005489948622008e-01
4.521621663741259844e-02
-3.038186044030923849e-01
3.411714106127556878e-01
4.884593680971104773e-02
-1.709398626807477894e-01
4.634460637751211531e-01
-2.438437172328400127e-01
4.547709630379963008e-01
-3.211956139750002381e-01
-6.227462694243667690e-02
1.408863739907524615e-01
2.851854004668077369e-01
-7.053240743340177810e-01
-4.749736798198230803e-01
-4.070107780419022214e-01
-3.906196145191521141e-01
-2.188790799987327604e-02
-2.470991373634828236e-01
3.015759910046791337e-01
9.235677039736765737e-02
-4.963070167462486082e-01
-2.427053773437246875e-01
-4.685817349638945473e-01
-2.296789968847212648e-01
-2.274722549312104269e-01
1.972514901179423311e-02
-7.022996477704059881e-01
8.376771766672692632e-01
4.095952523592122363e-01
-3.565212137048692775e-01
-1.612569677474842700e-02
7.983575092436451248e-01
-3.307110670646189465e-01
1.484096928618270084e-01
-4.380429062388072059e-03
7.295312485885732112e-01
2.803293427532383419e-01
3.858218976880978812e-01
-1.571419630416929503e-01
-1.672601791680925487e-01
-6.083224246147418413e-01
-6.925446928727577722e-01
-2.615378755347788631e-01
-2.100587656897860006e-03
5.452643903796904334e-01
3.713534089575097341e-01
5.422389669517266864e-01
5.190687523907591139e-01
-6.556481300907950338e-01
7.681488002160837825e-01
-5.462804583532975267e-01
1.148547605025290741e-02
9.417291762938331257e-01
3.179157031372131792e-01
2.797436461713381783e-01
8.369757112286357881e-01
-2.102240726447637265e-01
-6.798633102746076684e-01
2.364108382209613723e-01
-2.136375460333136411e-01
8.960288165670418081e-01
-9.435699920533487939e-01
1.780651305393066153e-01
-1.563769094243656899e-01
-2.936914938969251709e-01
-9.226018882249710507e-02
-5.819022815739066656e-01
1.000476739177444396e-01
-9.839442057202127390e-02
7.259520252893535419e-01
3.763938597861914981e-01
-3.028398479918999464e-01
-9.679263905879920138e-01
3.006676293357840035e-01
-3.249222458350909948e-01
-1.802900454103860961e-01
-1.568635361161965225e-01
-6.738233237505679707e-01
2.239898922154034688e-01
-6.567014016756757000e-01
-2.746838326419170362e-01
9.724461206488649312e-03
1.909854605135475475e-02
2.705411514630758352e-01
2.333324405968459081e-01
-1.597651509069854259e-01
-1.000000000000000000e+00
9.355732383196759816e-01
4.737828939167347819e-01
4.748000324406108086e-01
-4.521138556835564426e-01
-4.726440270212534100e-01
1.658836075268480537e-01
-2.278080112553741154e-01
7.596115095151633190e-01
-5.776381961766039463e-01
6.768666228126762885e-01
-2.036555365633407888e-02
-9.733705336401521357e-02
4.288195343670815340e-01
-5.064913762780944850e-01
-8.676739901488762507e-01
-5.546666723905982477e-02
-8.620137184188182422e-01
-1.861169093434260624e-01
4.976977818341911108e-01
2.396511614243609922e-01
7.185738221850662688e-01
-1.978845898730031971e-01
4.195139570232133686e-01
-9.360574581762773350e-02
-8.380916723853716332e-01
-5.660457058880608017e-01
-9.289112965777854836e-01
-6.081726477123735597e-01
-6.013974280133979611e-02
-8.179056979249168524e-01
-8.480923807787529300e-01
9.425614903822777668e-01
3.343104974498990467e-01
-5.159574190535023419e-01
-7.354676563584291449e-01
2.737036471915958447e-01
-1.592436251910546996e-01
-6.510403508522771832e-02
-1.657798687853296593e-01
5.914885272554847306e-01
-7.684073888682561027e-01
-9.446090576228119429e-02
-2.044359182964941013e-01
-8.420020237741908664e-01
-4.042786400247501688e-01
-4.361396014600109616e-01
3.250536849393252659e-02
-2.291963718390570559e-01
-4.645561706331317042e-01
-5.997570424036586800e-01
-7.037605874506827619e-02
-5.565381881775883777e-01
8.923136967109172868e-02
6.799563176124708841e-01
