-2.979160524450124442e-02
-1.352984266860257634e-01
-1.105730662735817937e-01
7.418628331469276360e-02
-3.560136314103791721e-01
5.216835030888139491e-01
-1.020068062750547483e-01
-2.982525466863270025e-02
-3.825947610441801650e-02
-1.382757227547307122e-01
-4.337722600582516463e-01
-2.284033623372822008e-01
-4.690074353974599264e-01
-5.727953670123676622e-01
-2.695205228541996401e-01
-1.239390147489206340e-01
2.109443920982594090e-02
3.829380432272728174e-01
1.615889968330281312e-01
-4.681675179751781934e-02
-3.789985482636164943e-02
2.017463249183260032e-01
-2.431724791252282136e-01
2.840884598258826554e-01
-6.718431517515017770e-01
-2.870750009165547456e-01
4.251347437839130827e-01
-6.892142257516208348e-01
2.726555586409822318e-01
-6.143816075933791199e-01
-1.589200439238380447e-01
5.776949132975314205e-01
-3.600551178325805401e-01
1.358897739680350880e-01
-1.140035751307908740e-01
-6.231843502476176466e-01
9.914365001023133228e-01
1.061427437460543549e-01
1.000000000000000000e+00
-2.724259265270738695e-01
5.642749749237457868e-01
8.921685448845226296e-02
-6.255974917396542878e-01
-5.258431387583072103e-02
9.121751500947435920e-01
5.219379545463005421e-01
-2.946832906483097814e-01
-5.340958050015155445e-01
8.377101558829294081e-01
-4.384322858775863141e-01
3.448155846672407154e-01
-3.013016521581294779e-02
-2.251748825941231671e-02
5.573787184599841016e-01
1.074926054903205253e-02
5.409915307276177976e-02
4.709384857668547086e-01
1.059716804484264335e-01
-7.882210816013496268e-02
3.381910075588129283e-01
5.485512439787838534e-01
6.525523431328144053e-01
3.359456149341157882e-01
5.250217099502103579e-01
-2.368973784610096389e-01
-7.367771181818844051e-01
6.188108027098402353e-01
3.306581406734842021e-01
1.587612440993062812e-01
-4.421719047268224401e-01
-3.868971279673797947e-01
-4.427255342418039419e-01
-8.989922052703291921e-01
4.539782072332442242e-01
4.604903200687274212e-02
6.893841477816919916e-02
-9.177960722615834399e-01
-6.083881709161746976e-01
-3.894677276238309727e-01
1.916300940198476799e-01
7.108007166397872778e-01
-5.683464374932621910e-01
-1.599810677901920553e-01
-9.364125731346786274e-01
9.206473677402082778e-02
-8.093292275034990046e-01
2.357683222765101852e-02
3.369812897606638269e-01
-8.576000885482863711e-02
5.441307048496988319e-01
-1.527044732279067563e-01
-3.252220197931071644e-01
1.223397630694747218e-01
-8.362626592194517816e-02
-1.744395774726903436e-01
1.542336674689486209e-01
1.542690125428994585e-01
-1.078022754033114150e-01
1.527693253259589101e-01
1.451747885265339266e-02
1.917026303146039390e-01
2.288539514692056742e-01
-1.349507627485538146e-02
-1.762512052997199097e-02
1.829407698874334631e-01
4.889987973437572022e-03
-1.384526278590915427e-02
-2.867835558884528346e-01
7.449067077184179375e-02
-2.542350727503649432e-01
2.770505738813214269e-01
2.026507398824300699e-01
-1.935134431415926337e-01
-4.145652871369896741e-02
1.396346231091210449e-02
2.089197013702315531e-01
6.081926360888900707e-02
-2.561386344228839818e-01
3.116488998178174596e-01
1.126080837428910797e-01
-2.155574649056298253e-01
4.460575300033776946e-02
-9.148330473634353616e-03
-4.383366409991872881e-01
-9.075481709569914457e-02
-3.271295337245521129e-01
-1.773656685363360630e-01
-3.924178303871973805e-02
-1.961119595518397429e-01
2.101806856630041853e-01
3.219539210369282145e-01
5.608609285012108175e-02
-8.090583520162593356e-02
3.731582307639651486e-01
-1.024264211079020381e-01
1.086123302727300677e-01
6.241347620563316573e-02
-1.551861223027497516e-01
3.925841586898816682e-01
1.379466020000449655e-01
-5.024637225043249167e-02
3.416645426487581738e-01
6.277762403526863932e-02
5.570944185916840846e-02
-1.944613271028031998e-01
-1.946569631788577781e-01
-2.500465998874161211e-01
-2.225436367545134408e-01
6.598405864599787840e-01
-3.891415706970660637e-01
-1.791407552199700548e-01
-5.417208661813870119e-02
-5.586662514407800262e-02
4.235877036043763089e-01
-1.638623868333797529e-01
-8.212832761864613529e-02
-2.690998407106124368e-01
5.424530945222145739e-01
4.963792790722615922e-01
-3.225737537374189778e-01
1.022129255002255516e-03
6.100541720519686573e-03
1.157440852752626426e-01
3.252276100266769387e-01
3.828305620319578662e-01
6.260460527552839938e-02
-3.149381359228144439e-01
-3.230009678032594866e-01
2.136374804544900752e-02
3.034934723209671836e-01
2.076386449374474918e-01
-1.564570033066770005e-01
7.313038745141241248e-03
7.726193079543068609e-02
5.716873833589300458e-02
6.435696045463840109e-02
-4.069732054715814729e-02
-1.907361904087353510e-01
1.962587215849813660e-01
-1.834497917311674886e-01
-3.237815661007011903e-01
-2.279906817047974710e-02
-6.174800110811203002e-02
9.867763253508772536e-02
4.836028095349059752e-01
-4.879766600523072206e-02
3.022443987415086575e-01
-4.106019557790438479e-01
-5.914199031877866164e-02
1.224610184262187040e-01
1.957410466319876030e-01
-3.919839326727639350e-02
2.820614487147896643e-01
-1.132326823434676999e-01
1.124676131427554959e-01
4.581270718480531245e-01
1.659025788222031617e-01
2.256064687819790415e-01
-2.106748405036841798e-01
5.104139716873981047e-01
3.004524705693564224e-01
8.578335899067313086e-02
1.257904893362239429e-01
3.492817666910968954e-02
3.582054702094429888e-01
-6.514444941442876225e-02
1.465971516696273902e-02
1.709801229259183541e-01
1.638736853900467638e-01
-1.348040975627433358e-01
-7.964074462383820274e-02
5.059226663838745086e-01
-1.351033619270559094e-01
2.619449132358486060e-02
-3.556963410612393739e-01
-2.882611033664492783e-01
3.382884704808488685e-01
-1.572088994272756446e-01
2.323866329770161721e-01
2.614874356158997104e-01
3.888541807096490555e-01
-1.017727275593680591e-01
7.956126285547524546e-01
-4.421000230797129671e-01
2.918183142292690713e-01
2.894426966620766151e-01
-2.170601712962735297e-01
6.577522104820620052e-01
-4.043530163684427303e-01
-8.836124222836194697e-01
4.703234692765546066e-01
3.493315678493855714e-01
-3.281567392522017901e-01
-7.603848695115578149e-01
-1.899324781855240563e-01
-5.799459389542798160e-01
5.094733852289978771e-03
-2.630449670729180234e-01
5.763061175578312323e-01
1.000000000000000000e+00
-8.552703470944724717e-01
-8.378476759083492986e-01
1.069191081380247432e-01
-5.527576320938829557e-01
-6.996111552144409496e-01
-8.084115187319845797e-02
6.918074285207946872e-01
6.563947762850904644e-01
-1.751105996807129639e-01
2.466150395087999825e-01
-4.566298046751465223e-01
-4.801173434931576556e-01
5.807065630016912117e-01
1.940829636102048283e-02
5.163750957968576971e-01
-1.000000000000000000e+00
-1.000000000000000000e+00
1.448730887245488486e-01
9.122172617895236701e-01
2.018753690109160170e-01
-1.583116541067682292e-01
-1.009247439363370608e-01
7.588437270784241795e-01
1.899044201759634842e-01
-4.403494909604938612e-01
