3.045705581656115157e-01
1.741532049254850556e-01
8.074646075865359318e-01
-1.270130101190215521e-01
4.119848492010476093e-01
3.526555890747721800e-01
7.168625838520317206e-01
4.545127461099416344e-01
7.100394331045997709e-02
2.062671442235291391e-02
2.045371131004965481e-01
2.369369164853565024e-01
2.834029665436475498e-01
2.042056488772222567e-01
5.917648208187489267e-01
-1.497865111277023875e-01
-4.701060196625522769e-01
2.381491681273190109e-01
-3.706003767489201572e-01
3.827474671961841879e-02
1.581503884178740802e-03
3.879035609496333525e-01
-4.556838068472159886e-01
1.572898139500714110e-01
4.542483874280646705e-01
-2.121989584678474761e-01
-1.813593397883556668e-01
1.596530814652532757e-02
2.482071320613415399e-01
-2.101628090086622019e-02
-2.800072182793407194e-01
4.582132958079507823e-01
-3.514811464844681543e-01
2.609836626626013123e-01
-4.795493089243448859e-01
1.445723152426531821e-01
-6.087979324811081394e-01
-5.950467297526518262e-02
-3.537814651508803254e-01
6.158632777775310818e-02
5.544908431713601038e-01
-3.734698881100271817e-01
1.611362044324986531e-01
-7.497612186903168663e-01
-3.896117484289865485e-01
-8.923177162164832588e-01
-2.970244840830776334e-01
-6.013834117468364743e-02
1.077050533208222804e-01
3.244229255881736496e-01
-6.501548559919321235e-01
4.048663020660752121e-01
-4.294829368931133984e-01
-2.922637555236018425e-01
6.099804583287850301e-02
-5.964737871769200117e-01
-4.309877361526128769e-01
-6.979986808606951643e-01
-2.643747277323633127e-01
-1.086381982348448294e-01
4.300935645226156567e-01
-3.204304579146681764e-01
-6.049314652767123768e-01
7.673969028155418481e-01
-1.477647502666132318e-01
5.532274482217726108e-01
4.904318504950629931e-01
4.532655234609928585e-01
3.031398044843185979e-01
-8.145571547678158719e-01
-4.233172768554366305e-01
-4.537496955178309532e-01
-6.484483804354177483e-01
2.737841894864690984e-01
-5.499419965846497060e-01
-1.296669740852595121e-01
3.501448321642467443e-01
7.203655134945268212e-01
-6.496450751592967032e-01
-1.609979057153988480e-01
-1.687431707667461922e-01
-7.952335668764092258e-01
7.946670968608402497e-01
-7.198548524334091869e-01
-1.490858991456964211e-01
-1.810601430841001780e-01
-2.784495860054119198e-01
4.708219181201560577e-01
-5.068570693653610126e-01
-1.847647924684286125e-01
-6.535273173173066219e-01
1.016359035223250162e-01
2.774109715024506428e-01
-5.870998093367361115e-01
5.647735247076020038e-01
-4.032372995121756842e-01
-3.400840833980981470e-01
2.814822125629295319e-02
3.953090036737350044e-01
-6.500453955735565614e-01
3.850087371767157984e-01
6.082811154312758317e-01
4.981236388847882224e-01
3.293184753726055569e-01
-1.546053039151178143e-01
4.594925281438586584e-01
4.439682160783827714e-01
-4.823027446289831488e-01
3.608897644758420759e-02
7.011455154587397098e-01
-2.539275408237428033e-01
7.240634107197333469e-01
6.211678780188847337e-01
-1.061734701172371148e-01
-7.936780617081418132e-02
1.554805834474660142e-01
-5.328428504494211460e-01
8.103058124983572585e-02
5.169307461607229592e-02
6.705784982934334115e-01
-5.199784551648580777e-01
3.653307348834841095e-01
-5.814432062761119013e-01
-1.792285720276784455e-01
3.644090811964091348e-01
8.159259166146028974e-01
-4.476996877813042008e-01
7.169051069956682287e-01
6.002424666166259470e-01
-8.067282334335343363e-02
1.855753191914229772e-01
5.925234594913427744e-01
1.806041172882953405e-01
-6.003559509379384762e-01
-4.912641542943609330e-01
2.854298593159061426e-01
4.822123937125849524e-01
-1.287579156203008668e-01
3.704843194170810428e-01
-6.164855367359419747e-01
-6.566464843486363723e-01
2.871675536467314105e-01
3.172676260124036585e-01
-5.124296828394641068e-01
6.611090696425260260e-01
8.923715707820899234e-02
-8.184929547074097644e-02
-1.714093898791928250e-01
-6.994345138152173735e-01
1.116140959506223967e-01
3.600057471820999888e-01
4.946827626614964668e-01
-6.682837123791034450e-01
2.971321618477249515e-01
-4.053085479759611642e-01
1.852080291354920027e-01
-1.826773105489513105e-01
3.398379921816586657e-01
6.218725690691281338e-01
2.782277153410370185e-01
4.190753596923841306e-01
5.075970248304692012e-01
-1.771056799237807899e-01
7.982244389299847365e-02
-1.242283401784898336e-02
2.729181785889043810e-01
-2.413532126588592286e-01
-7.919800631624715481e-02
4.912936274582691554e-01
4.331426817522185391e-02
-7.292548224266288959e-03
-9.608430127234779405e-02
-2.178328618118141047e-01
6.653427564366307112e-02
-1.484533321116660587e-01
3.647217510121587014e-01
-1.804453033523630290e-01
-2.219368150193782308e-01
3.145368025989764837e-01
1.385977106248927060e-01
2.946148041036542042e-01
2.140029332456478903e-03
-2.846912012463352348e-01
-3.249950821022686842e-01
-9.869570418701839598e-02
1.596656674323889968e-01
1.173773789508420762e-01
3.518401508255129817e-02
9.581254110754199027e-02
-5.998550106280668981e-01
1.634588799526531522e-01
9.203511977334366545e-02
3.486771805236724142e-01
-1.833761869861683658e-01
-2.388299202098383978e-01
2.580227051100452140e-01
-1.647752332064229552e-01
-1.256508258599468852e-01
-3.782096289296009717e-01
1.163249663880643603e-01
2.424628105101439002e-01
1.786147770499559584e-01
6.375978270186116736e-01
-6.104577403144852976e-01
-2.496030963524502044e-01
5.677355219996009783e-01
4.177208824980995772e-01
2.882965201523251531e-01
-4.077713035326473445e-01
1.097991479971551464e-02
-7.124371091695571589e-01
-5.532889255730730760e-01
5.198213893272034952e-02
3.260947255142651602e-02
-2.300891047259320810e-01
2.627801160330385244e-01
2.528857564881723530e-01
6.576141516510891627e-02
-5.419808230162651008e-02
-2.373594005659578898e-01
-1.514162773569412979e-01
2.376055126798303219e-01
-3.121287752869413290e-01
3.978464448396762942e-01
5.505150026929785945e-01
-2.233318856507757189e-01
3.072267928692389849e-01
4.129407994019619332e-01
1.759696354862751999e-01
-2.208846758516350151e-01
-1.100108356402613452e-01
-4.887167925224933374e-02
-4.490905209790934105e-01
2.150958188634438106e-01
-8.290281277355063261e-02
-6.162786048300988168e-04
-1.047933648091885495e-01
-2.677542260564806931e-01
-6.880224009043102440e-02
-1.365153743134432385e-01
2.469289803037648112e-01
2.473373786341987735e-01
-3.633754888173226227e-01
-4.349265826414230873e-02
2.848593601669089925e-01
1.559942950584670279e-02
-4.150095770157632424e-01
-7.652185597872976364e-02
1.399190008059442436e-01
-1.253509611885677000e-01
2.134636341740542287e-01
4.647950932686368830e-01
3.879089524966777142e-02
4.986622855131211257e-02
-1.838271457412050669e-01
1.257460042990630189e-01
-2.252420496477606365e-02
-4.105590580697566772e-01
-3.721948248131648485e-02
-1.192091180784571880e-01
3.732544909598452532e-01
-3.522620125512744838e-01
-3.803241749112303283e-01
3.118412864760440328e-01
3.668432844950136329e-01
