8.158665726790625961e-01
3.375921267061079423e-01
-7.139659282382365690e-02
9.897344899192723755e-01
2.195278390271860891e-01
2.766858369944598106e-01
-2.425009482710681064e-01
2.961131413253066391e-01
-3.084535209081236129e-01
3.374631989248263464e-01
7.205654734781086201e-01
-7.375769509004188595e-01
5.585811088443308758e-01
4.474884250031252453e-01
9.495439695742340369e-01
3.642139354803545781e-01
1.173839566161669623e-01
-9.828326039886974286e-01
7.847255553291589969e-01
-6.180310160903816907e-01
6.534173827283157321e-01
4.902594758378455708e-01
3.129674929970697739e-01
3.011601282338120106e-02
2.902642597378547462e-01
1.704957940941737304e-01
4.374214118189297396e-01
-1.073184224718040647e-01
-1.771049930036832087e-01
-5.347607571927823766e-01
2.486978165263621365e-01
-9.301063284922184149e-02
7.520577960623443525e-01
-5.752811760857278189e-01
-2.576683995633800156e-02
6.580231168583539070e-01
-5.272234392015163751e-01
-5.321693584576009384e-01
3.685000466922309648e-01
-2.275221805435475309e-01
2.670336436550466153e-01
-5.636601239719225553e-01
-4.599496145883383291e-01
-2.943460410079865586e-01
7.885811447058722612e-01
4.218962836130234484e-01
4.927133419476377729e-01
-4.936096794381198971e-01
4.609918601099197710e-01
5.518748900044052608e-01
-1.400064820158763990e-01
6.354667366089111757e-03
-7.602757729529069364e-01
3.495919984378474954e-01
2.645682732289961897e-02
4.775465892254171507e-01
-8.397171220599145558e-01
4.978507672532168915e-02
-9.053998925222059846e-01
7.054346134917507394e-01
6.778506002438403621e-01
-3.296362733231096853e-01
9.070286642849901826e-01
3.822850197318064525e-01
-3.352156450145094002e-01
-6.682777277562464979e-01
-5.827268859040695137e-01
7.381086078767308267e-01
-4.341884742066121072e-01
3.513749911278734595e-01
2.626466103886189729e-01
3.010332905710327300e-01
5.665164105374257408e-01
-3.828857582664986214e-01
1.524336790039774181e-01
-4.800826922391989715e-01
-9.960787863079341165e-01
4.510279397530920220e-01
-6.520464708313129520e-01
-4.092640280221605809e-02
8.536756179177238391e-01
1.676126542800403518e-01
7.007861735849538753e-01
-4.903922672872365607e-01
1.838875060080867319e-01
1.259917660211521406e-01
-1.351483367301647143e-01
2.697159142559926726e-02
2.536389624726562708e-01
-3.777625956287251063e-01
-4.844246287917394200e-01
9.170127903016733750e-01
1.159253183127076786e-01
2.116085317933591725e-01
-4.275200295379443793e-01
5.991045749321195074e-02
-3.981675105182229668e-01
-6.492448482926047731e-04
-7.028734632154043371e-01
-4.534072402431965632e-01
6.115568121608464663e-02
2.943047319047430999e-01
2.752984177855103409e-01
3.862570639301840525e-01
-1.528876912210073158e-01
6.373619484708895611e-01
4.694321087411402749e-01
-4.096774710656172491e-01
6.745938396807229509e-01
-2.357550770412760732e-01
6.281679751932269795e-01
6.751593896329195488e-01
1.354269199699996429e-01
-2.500643491216571479e-01
1.482462533213333052e-02
5.517101420563711445e-01
6.753252516217410628e-01
2.580272307584668967e-01
7.778695826149856218e-01
4.304819695648247624e-01
5.016211704574194963e-01
-1.297252141141302939e-01
-7.912225366485190481e-01
-5.279717998688457925e-01
-3.580563416724282244e-01
5.297465532282683576e-01
-2.966980184555959577e-01
-7.621950237113626070e-01
4.423094954603591367e-01
2.369535136613794835e-01
-6.650970458016758347e-01
5.528794130948571084e-01
2.563547952234658256e-01
-7.410033818636263536e-01
-3.502720768745387070e-01
8.134415944601650628e-01
4.149022018884648277e-01
3.127384293677644145e-01
-1.055277335218516299e-01
-1.684102455415235622e-01
9.173305110281670949e-02
6.284440421531040100e-01
-4.234379320510582856e-01
-3.751848186103057259e-01
-1.241776684874326686e-01
-6.136361099043727285e-02
-5.233339898087256969e-01
-3.096790376468458450e-02
2.393999229285941055e-01
7.110374492894422360e-02
-6.135497065520538751e-01
5.689477201234807158e-01
-9.508060305444515636e-02
4.664317128404324442e-01
-7.167899156267093508e-02
4.678434936902571284e-01
3.596056468129885664e-01
-6.710718032568282476e-01
-6.118386184103304926e-01
-5.522395063677842941e-01
1.826999865469173256e-01
-1.126981482021784942e-01
-8.549488382464234815e-02
-3.069880978415134298e-01
-4.095688092826518245e-01
-4.779396535571868165e-01
-2.700155722078920739e-01
4.821213318890687494e-01
-3.669233533030282768e-01
-5.304447280853857860e-02
-4.495192720530565844e-01
-9.171102888797650898e-01
5.856707601125163976e-01
3.563758024809762226e-01
-3.463459139554701527e-01
7.063621101508931188e-01
3.185778921333042857e-01
3.926483131947799965e-01
-2.887507862201679765e-01
4.923502699372152569e-01
-4.591484947331491706e-01
-6.762164405487722796e-01
-1.058190615812498597e-01
1.866987898816893643e-01
-6.372507274175517322e-01
-2.356068750325643890e-01
2.479482108596135770e-01
-3.160189894599538807e-01
-4.698944217179750749e-01
-1.076260442858176236e-01
4.926410109960546735e-02
-8.118756982057158123e-01
-8.779162492023786513e-01
-3.408592691154591070e-01
-1.491294654934852415e-01
-2.149948832791065967e-01
8.931850291004483910e-01
5.611016067881650082e-01
-1.908329377968791263e-01
-1.898887518681470210e-01
-7.084131606963169903e-01
-7.509883472122722003e-02
4.806400841707781368e-01
-3.092827980636485008e-01
8.939830391943320853e-03
6.822354893007293031e-01
5.792950951062936921e-02
-1.229116554151798157e-01
-3.813554786520618745e-01
2.944099476669870263e-02
-3.719881603521329461e-01
-6.436975310877552925e-01
-4.163604646109330676e-01
-2.104065802401004215e-01
6.451323825021316738e-01
-6.605023474173531417e-01
2.987367366088432008e-01
5.299531644661791274e-01
5.068342550868230045e-01
-6.910917603654740393e-01
2.742855292007874146e-01
5.801809867820621053e-02
-4.765225858945157378e-01
-2.095954457902941548e-01
5.049208137559402232e-01
-6.827392411863739685e-01
-2.305525350310612676e-01
-4.592831766755421374e-01
5.048105292818558798e-01
3.071347830821762881e-01
-3.679547051690937876e-01
5.616759161634119479e-01
3.578391626806016745e-01
-5.069726610782603338e-01
8.864921207999150454e-02
-2.431449936427094449e-01
4.560393637800445044e-01
6.885104139111231092e-01
-4.832057974038796444e-01
1.669922417444413831e-02
-1.110105864701026457e-01
1.847750005397708062e-01
8.095685320790917405e-01
-4.280667529528092707e-02
-1.282320944664794848e-01
1.792552477583871373e-01
-5.515946775812428093e-01
6.404098115106250377e-01
6.476080057371491616e-01
1.065317248932678290e-02
4.095991013480703158e-01
-5.522211412059662566e-02
-3.604439799585575366e-01
4.174106692641670890e-01
7.143783902987279610e-01
-8.625160754150990039e-02
3.365180831121202809e-01
-4.859603296183784282e-01
-2.306830960554566157e-01
4.336881041759568789e-01
-1.643988907274550326e-01
5.056351492179300688e-01
-6.889943439141926751e-01
2.196624829551638847e-01
4.264310227880299120e-01
