5.999485355272035081e-01
3.576177490955645411e-01
-3.324998101969026676e-01
5.165647632770287156e-01
7.869118823506555949e-02
2.422488433716916134e-01
9.955027750827299959e-02
4.732200219846790512e-01
-1.786029664326244659e-01
-1.915566505428412947e-01
3.149384180491009988e-01
-2.758701297522082596e-01
4.485764404756694690e-01
1.782394099013743793e-01
5.975012283106421185e-01
4.414127341662814064e-01
3.712583953013621763e-01
-6.507099820448406513e-01
6.579616225333662083e-01
-2.158323849265749439e-01
6.091021258142508277e-01
3.797874943299974770e-01
4.978773380867959064e-01
2.452976845491608993e-01
5.259685848749167114e-01
-2.445852364360567022e-01
1.774722456786164970e-01
6.628396765506779087e-02
7.191904724374460767e-02
-7.036883849140904701e-01
3.574805889292186345e-01
1.108309176048574360e-02
5.104031539671188833e-01
-4.478891027122307023e-01
1.527737102297025418e-01
1.261890786277494736e-01
-5.108868750187678387e-01
-4.237859848688798614e-01
-1.439299683468067970e-01
1.772827887133946456e-01
2.146871333286701211e-01
-6.744095627525598102e-01
-5.796219354219331876e-01
-1.020133391124082717e-01
2.297186202697928392e-01
1.828932840492954737e-01
3.019188836997220848e-01
-7.139337162559495908e-01
5.285995581556579559e-02
6.489791016370803911e-01
-2.467958555387959885e-01
8.441206431653033859e-02
-8.730828730312126806e-01
7.897342476963749025e-01
3.880460063119255121e-02
8.503620471459053531e-01
-6.341773309257880964e-01
-2.874050509744108250e-01
-5.429172231977312801e-01
7.544620900248995010e-01
6.513649926395065348e-01
-1.510451772039974050e-01
5.300550505353122110e-01
1.332760684814774943e-01
-4.811074516579796345e-01
-6.831255005586337470e-01
-5.404991028228415262e-01
9.163590524540234927e-01
-4.640943476927812950e-01
-8.195852610343064282e-02
-1.344656991353285203e-01
5.351113623386392071e-01
-1.249103172117702609e-01
-2.635408398370037153e-01
5.619218547728320745e-01
-3.741441818181540091e-01
-1.000000000000000000e+00
5.127320862864629403e-01
-6.976950176004756976e-01
1.093968191291710447e-02
7.711767322791154289e-01
3.584724511868633834e-01
8.471867880553120012e-01
-2.778976175101625090e-01
2.402485383717666012e-01
3.175267633129625899e-01
-3.322122685920342877e-01
6.009441116075427136e-02
4.084714686833530450e-01
-7.032464362783812373e-01
-5.489272991524770662e-01
9.280021283496339146e-01
-3.288348914326251760e-01
4.953092487757720930e-02
-4.342825489848785581e-01
1.369409575707672966e-01
-2.985823171831493150e-01
2.432971312619126303e-01
-5.665355983700732789e-01
-4.530795155941823582e-01
3.118969588872753593e-02
1.328556706605434623e-01
1.939152743259682787e-01
5.082980862138011258e-01
-2.414188789619717557e-01
5.308455894346353343e-01
4.892805754630213388e-01
-7.139366709235123176e-01
7.500334093298309801e-01
-2.805099114264461013e-01
6.048754571628655041e-01
6.634721759053053836e-01
5.702799101657711478e-02
-2.018733435138788668e-01
-1.536086205879560740e-01
5.138789619674746234e-01
2.438688287129185395e-01
1.893797444219604276e-01
7.802948004298582152e-01
4.982529024571198950e-01
2.576101630799749187e-01
-1.699748525146766442e-01
-7.969505019754087316e-01
-5.588036112921000997e-01
-6.306064684001371212e-01
6.087847349242874184e-01
-1.666507466042360663e-01
-5.496867076309394085e-01
7.711679563981606034e-01
2.022985362312149371e-01
-8.359868263821431666e-01
4.445290172701162335e-01
5.280747364901645646e-01
-5.727039928823801640e-01
-5.470763041026501794e-01
7.211382786280697843e-01
5.465770959988309752e-01
5.533403470624994602e-01
-3.304796947049975508e-01
-2.137209352185231725e-01
-2.872985572586940206e-01
3.748691704167067540e-01
-6.600875739649250118e-01
-6.343354153336614454e-01
-7.074717427866811237e-02
2.077387676785340254e-01
-5.357030907826225707e-01
-2.528007786389527833e-01
1.767152943316848690e-01
-4.623577185654748067e-02
-4.706350757277426022e-01
1.379515343127039051e-01
4.203183981975894268e-02
5.099858943809457701e-01
-9.985954452109423174e-02
3.505455575979642968e-01
3.915793292821436178e-01
-6.253102494485458518e-01
-5.254300305122847625e-01
-7.160983313446955822e-01
-1.003443340173927056e-01
3.668888515689253671e-01
-2.318561380112375836e-01
-6.654800070976937265e-01
-2.968857353979993396e-01
-8.637638952707482609e-01
-1.256999158297371078e-01
4.479592770028485438e-01
-3.984311501969817204e-01
-2.446647058332681868e-01
-7.016046733188985307e-01
-8.532889773305016856e-01
6.856921532685534837e-01
5.040603022675693712e-01
-3.468742631031526136e-01
5.919005001846056047e-01
5.476645122049772496e-01
4.731064861187788684e-01
-1.484540164324965050e-01
3.193034394564966960e-01
-7.691169383735542153e-01
-3.942651797629483923e-01
-1.672003458624174155e-01
5.145808323245437688e-01
-7.892385514838948790e-01
-3.964529441421683620e-01
-2.562915536833337282e-01
-2.192802771478068458e-01
-9.633793753446678876e-01
6.593547986354239554e-02
4.714515025989314267e-01
-5.856665451945030076e-01
-4.890367533278520140e-01
-3.861457234011126949e-01
1.443880798256364784e-01
-1.464144661418482207e-01
4.671307754588404637e-01
3.880630849035816010e-01
5.771740461545613599e-01
6.327845164329359839e-01
1.926568540602829893e-01
-4.586524752630399826e-01
7.412236571551482633e-01
-5.627512879507581278e-01
-1.955688564891308601e-01
3.723327182995882501e-01
-2.156952832328699540e-02
-2.513254178986233933e-01
-5.893327715829862479e-01
-2.458094968848871797e-01
-3.273392357462131530e-01
-3.996016107492600389e-01
-5.978481635685524154e-01
-1.190698579587634032e-01
4.202682479769612733e-01
-3.795781694798590067e-01
5.242444665869485654e-01
6.006939293016073655e-01
8.986164486889127723e-01
-7.535905966285654234e-01
1.326976955675744363e-01
1.687559107585804852e-01
-3.712637370002891402e-01
-5.400980110972741777e-02
4.655507536092302612e-01
-8.310423393689603255e-01
-3.641017295728655179e-01
-4.055055504623737983e-01
7.510574615643518526e-02
9.327025543831526933e-02
-8.548196454077017226e-01
-6.837569991472394748e-02
1.757388312973919564e-01
1.986375445624644909e-01
-2.924656138788005455e-01
7.979252618858124757e-01
6.396899655096780490e-01
5.158154064998480282e-01
2.003211436269453083e-01
5.166877958007072280e-01
2.187320724589447152e-01
4.991073012273459369e-02
7.405485139644600867e-01
-3.414335742119728456e-02
4.270305390491174191e-01
-2.093246908312873522e-01
-1.417676900041448806e-01
5.684405520930134736e-01
3.230940143955182697e-01
1.769740110031827740e-01
7.722102815833964407e-01
-1.234912110481542202e-01
-2.281393224328857883e-01
3.161644424766052452e-01
4.582836196703278797e-01
2.386036641421842783e-02
-1.418577250215864449e-01
3.113291005693256119e-01
3.771408159496237311e-01
1.683777830377061191e-01
-4.523180654854652705e-01
-5.175049649515907069e-01
-7.321274340046328710e-01
-2.935398106591127765e-01
3.353495624880387105e-01
