-1.608538574816188033e-02
-1.237751675918069560e-01
-1.699888253236449820e-01
-3.194891899846697414e-01
-2.935122860516417576e-01
-3.619028952324450377e-02
5.214210421105633930e-01
-5.380508217012470312e-02
-1.272641438719814833e-01
3.717800015134827274e-01
-5.290300785876457246e-01
-2.742941732529055043e-01
-3.466555453458482483e-01
4.851354067453454710e-02
-6.758602956177285348e-01
-3.230625589319193192e-01
4.639875199194424815e-01
1.227800190564356519e-01
-2.573438742359450693e-01
-4.481739394504302698e-03
-1.000000000000000000e+00
5.429142045374448777e-01
-5.871554623056769451e-01
3.766137410779119010e-01
3.457412012855950456e-01
-1.955214067976016878e-01
8.643988360904956980e-02
-4.273844729338208692e-01
-9.493534854741453310e-02
-1.522780390665276484e-02
-5.990563205132132252e-01
-1.828454058590348041e-01
-1.182348479882329856e-01
2.450888186150725068e-01
-1.422789618982512327e-01
4.036812674631670012e-02
1.856006283665202761e-02
-2.323778719733798903e-01
1.103304914130669445e-01
1.047450559273071791e-01
6.560604108012553504e-02
-5.492157514624789183e-01
-4.560237388389718483e-01
-2.486531531800392769e-01
-4.050906381334618001e-02
4.230760324430232200e-01
-1.543403583544019908e-01
-1.467717201806541527e-01
4.707045857050426996e-01
-3.541456552204132885e-02
-7.547646047698967908e-03
3.638848079108388811e-01
-1.093648115992771341e-01
2.929157394159981886e-01
-4.794347455910659139e-01
3.668718582934852868e-01
4.649857221634581816e-01
4.254135844943533473e-01
-3.640850200542268267e-01
-2.390287600583261285e-01
-7.420972798607930465e-02
5.155337445723572332e-01
1.776563863440058233e-01
-2.676326429738931645e-02
7.708047616358813803e-02
3.203105716977681094e-01
8.673959708857641171e-02
3.010502243240184006e-01
-1.431733058746063603e-01
1.772390801337386523e-01
-6.795993985240500468e-02
6.296819440476578711e-01
1.135236119982196146e-01
-1.813306875587184508e-01
-1.549401300298710593e-01
4.266811624889604304e-01
-3.197034910972887944e-01
-3.810828600651617465e-02
-2.113718517609584069e-01
-4.208056564425302071e-01
1.535290817193755708e-01
7.491911807184462035e-02
3.627856800080829780e-01
-1.753354567782924311e-01
3.143803077765509046e-01
2.419054154081063113e-01
1.118425028905123964e-01
-1.678813423397000071e-01
9.491305737218161398e-02
2.965807626145419151e-01
5.138049382737026188e-02
2.827323885981103402e-01
2.058691857095831801e-01
-2.824304322583984228e-01
2.751068945763613938e-01
3.038789006517330638e-01
-3.017130180937104833e-01
2.135871788153526074e-01
1.443643515172703118e-02
-5.955905115781482406e-01
2.593386902979246678e-01
-1.773179018511421567e-01
1.737065814946517697e-03
-2.880793378620767342e-01
3.265362896406018844e-01
-1.270565759001226480e-01
1.857028430976875033e-01
3.055819032969367410e-02
-4.801713843843650187e-01
-1.191383220039826663e-01
-1.760125044954467532e-01
-1.625198547873060728e-01
-2.977004079040186380e-01
-2.841457545257674022e-01
-1.332530960722539126e-01
-2.228659040628316046e-01
2.162795518686036478e-01
1.830740166819861403e-01
1.674806864908495729e-01
-2.052444000686932113e-01
-3.868962227531765885e-01
2.897155230188937503e-01
1.981395092608332631e-01
-1.990466821685052123e-01
8.663601400470993807e-02
5.579231891193785486e-01
-3.396387293718106798e-02
-2.683649643370765794e-02
-3.655643137567123890e-01
1.262307803419017993e-01
3.147925816632610729e-01
1.717165021902844479e-01
-9.591221537402735628e-03
-1.598773461620153769e-01
-3.394593636331645348e-01
-1.408677295243706551e-01
1.611323500884612181e-01
-6.980607510662053539e-01
4.101136192696257510e-01
1.808643827744864097e-01
1.986396385403673553e-02
-3.553498717714218547e-01
1.485392243857358574e-01
2.918204852984526698e-02
-1.934564512920847667e-03
1.218322655867563609e-01
-1.685662501888250953e-01
-5.919413050853700869e-02
3.212358240029420386e-01
8.572250014888010972e-02
1.229536630010685805e-03
-2.222730390336899453e-01
1.858176285558036933e-01
2.383341426344466329e-01
9.833550252615100296e-02
2.800872676387811122e-01
-1.541621718071005918e-02
6.089252685302656842e-02
6.513836806755542164e-02
-3.045426133538653435e-01
2.223496290241031292e-01
1.971896133779477422e-01
3.406138265194832981e-01
-9.179628315528565174e-02
5.193474989561674277e-02
-3.512525960050007501e-01
-3.084268650335694750e-01
-3.050240797249690883e-01
-3.119649048864306939e-01
3.457173979887758208e-01
-1.013064562250622358e-01
3.921149513400420394e-01
-1.605874721781380410e-01
1.867848914875845923e-01
-2.898284230644986303e-01
2.854639229022486457e-01
-4.384863511582568485e-01
1.046672624089629855e-02
-5.205864734169812769e-01
2.214152446594682133e-01
-6.718913349892716158e-02
2.700283313275146369e-01
-1.649000272641474862e-01
1.452665407162645472e-01
-1.735544375159007446e-01
-3.061047441959604543e-01
-5.033028757021437150e-01
1.981746592694786091e-01
-5.959374397817465141e-01
6.936895773349887051e-01
4.238787719176489999e-01
2.546622998040397046e-01
-2.169584104106307004e-02
-5.896628118791606976e-01
-4.974842865631579070e-02
-1.277639578051138758e-01
5.387610258704871313e-01
4.315508018439594418e-01
-7.425367532600152254e-02
-3.076280283026277540e-01
1.897772272314754427e-01
-4.356019642262602964e-01
-9.594526816100087951e-02
2.960510936490656775e-01
-4.261482327673079551e-01
-1.695999896885879918e-03
-1.613171353272719322e-01
2.119413312218334511e-01
1.249874464774718974e-01
1.494326639770320875e-01
-3.325035043373123500e-01
2.739592100008840792e-01
-7.586749053745010796e-02
-2.266663310284963706e-02
-1.772544101173906261e-01
2.875417626677806426e-01
1.887940745492863726e-01
-2.254768329224088319e-02
-6.925412285847340477e-02
-9.878274349041840652e-02
4.944888391856529231e-02
3.994741118133313673e-01
3.240223195285915070e-01
-1.662109534207397710e-01
5.254881488150294766e-01
4.160626000355126253e-02
-5.303106549386262664e-02
1.594197649440045328e-01
-1.068424228725407960e-01
-1.857767482093662381e-01
-2.447153099413420518e-01
-2.050801958954918403e-01
3.925348582719631607e-02
-1.191893361189134554e-01
-5.764770450941962554e-02
3.204380567143301217e-01
-5.050629270845317098e-01
-1.718011667861518432e-01
-1.885561102539659861e-01
-1.159676547818823122e-01
3.649743622868028003e-01
-3.362242695861340502e-01
-2.030954679069654073e-02
7.921988088600492306e-01
-6.813569560346162124e-01
-1.819321949342594391e-01
1.513916567027056015e-01
-1.165622533352280860e-01
1.287569175435835656e-01
-3.200400065191921772e-02
2.100647925881572453e-01
-1.130546879880989231e-01
3.994664272064578636e-01
1.159153219839521021e-01
-7.984418976044869998e-02
-2.364410551780021796e-01
-4.737831752427915100e-02
-4.890332279060669030e-02
-2.084498836859018656e-01
-1.825445208583888757e-01
-4.555809821977524487e-01
-3.349352350705250281e-01
-3.495716568685939274e-01
-3.627607002542935222e-01
1.850138539219665090e-01
