5.978990835430164630e-01
3.717327218824806323e-01
2.801279915737597825e-01
3.178311111181625903e-01
2.560183080051677273e-01
4.321734997234247255e-02
6.171591855647536873e-01
5.616560283060526015e-02
-1.186095605049416191e-01
-5.128798994497137942e-01
-4.119820085849009716e-01
-2.971457724814571821e-01
1.380755938584196651e-01
-1.706786427455794231e-01
-1.736893368525506132e-01
-9.598901954245972479e-02
9.395944947269651432e-03
1.445019418427841706e-01
4.890968968718862886e-01
-1.061339813849890013e-01
-3.973138249564130420e-01
-1.762151359063081069e-01
-2.895289648597871857e-01
1.301467169198642360e-01
-3.358635960802656140e-01
1.817935278122430331e-01
-1.370868866831081168e-01
-3.001393679290454419e-01
4.120902008826350937e-01
-7.553273693464850336e-01
6.078248324438922240e-02
-5.070574995830462450e-02
6.915948082647448147e-02
8.685418779682752000e-02
-4.532998417889223530e-01
-5.961177135983400932e-01
-3.289927369065369089e-01
1.101596942329925027e-01
1.928313244663433790e-01
-1.334635345377028215e-01
-2.324630107524802147e-01
-8.621554201979336751e-02
2.276559783920156788e-01
-5.044384824917271803e-01
-3.794356001696979064e-01
2.417439704585536142e-01
-6.968171229265496258e-01
-5.972899671194591420e-01
1.837576202976766437e-02
2.749149581808099096e-01
-4.883023077563896086e-01
-4.199734536119029138e-01
2.549774276127136918e-01
2.177704101950364568e-01
8.097184218344368745e-01
-6.813771306082262724e-02
7.885266374147837931e-01
5.299492872265010313e-02
2.844517720407403472e-01
-1.646438685244082101e-01
3.434409081391929242e-01
7.613262821537581937e-01
-9.893213331163306368e-01
-3.875474869169592274e-01
-5.028049927726112589e-01
-6.484267200336155668e-01
-4.278972477219185055e-01
8.113935791925004359e-01
-1.741479797863578760e-01
-8.836732047952398084e-01
-5.611666387886666829e-01
-8.309953501822424649e-01
-9.042008634789939769e-01
7.640271230544964931e-01
-6.251420374803524638e-01
-3.814421976892450328e-01
6.190282311133488147e-01
9.528766395087451269e-01
-3.078483392178841260e-01
-2.569851679112302723e-01
-8.991751520177820867e-02
5.988168391108277255e-01
9.941159289122416531e-01
-9.075409513533377881e-01
-6.178401948975522640e-01
-2.619048356810875777e-01
3.405944957444068111e-01
1.346752176332377537e-02
1.000000000000000000e+00
-2.043652425834407427e-01
-1.340461694311303464e-01
7.794425709118600887e-01
-6.173634688755409439e-01
-4.969220760158543637e-01
1.073158813020380631e-01
-6.905840495864279394e-01
-5.989112900206818857e-01
9.579012297597075953e-01
-4.645716721898451862e-01
8.943931392587367579e-01
3.384650206187904686e-01
-3.498393207598081700e-01
5.319512733753880562e-01
8.448189464891416867e-01
-2.087179582875588746e-01
1.695489955714896135e-01
5.428994669803243606e-02
-1.900287545672995071e-01
-5.351930108999758406e-01
5.215434544543077200e-01
-1.497242120579674873e-01
1.583992649749821902e-01
-5.185299794417145280e-01
-1.476856730821365371e-01
3.897540680627064602e-01
-2.209634109905858068e-01
-2.829796106957783719e-01
-4.337587422939902515e-01
-3.452878632470514630e-01
3.558953548654633647e-01
-4.292169283360561804e-01
-5.281070535564733048e-02
3.318097365568815210e-02
3.935686986175803148e-01
-5.411111609361350661e-02
3.206748465876733678e-01
6.807520277456002855e-02
-3.230128843359776902e-01
3.649343908808934667e-01
1.513332072663057248e-01
-1.538999744007952253e-01
-5.737118693035794803e-02
5.534336281911318434e-01
8.304460074516794021e-01
8.969742925582181725e-02
-2.707362518168003329e-01
-3.912502440249314151e-01
2.777576844666314049e-01
7.349701354225784966e-02
6.608817454284230397e-01
1.908296155540505912e-01
-3.248756204904748590e-01
2.729792461640490053e-01
2.103548389666557994e-01
-4.000225952569077537e-01
7.622694120674133877e-02
4.337931796409320168e-03
-1.862780224669620122e-01
-5.466478035312666295e-04
4.690280810926218402e-01
5.633470946086600178e-02
-3.078456077834990645e-01
-2.615072121270269334e-01
2.251178397341194459e-01
2.535611329812919590e-01
5.524769587932016890e-01
-3.369183617911228890e-01
3.873222103971230013e-03
9.713190864885884457e-02
-1.248104536867176151e-01
-1.440471897917024180e-02
-1.317468589190081973e-01
1.077572891234545999e-01
4.100357108023797714e-01
3.283465176012179826e-03
1.190533081899507462e-01
4.135451033221383410e-01
2.195138611035851173e-01
2.099302135145412196e-01
-1.837323366772708189e-01
-2.010550227440583149e-01
3.124846660922777075e-01
-2.433873415962848619e-01
-9.199982670532629025e-02
1.925791481437972574e-01
-7.460942855168020693e-02
4.466028537084189981e-02
-2.162396247599120136e-01
1.743108290962287477e-01
2.509675225407380084e-01
-3.331938816740337983e-01
-1.684288809791471553e-01
-1.298832788179639652e-01
6.555524797038808638e-02
-7.788051893264050229e-02
-2.718326538051775709e-01
-2.772807743391294544e-01
2.110757511052371582e-01
-2.958050617591682641e-01
-7.371341529961982220e-01
2.318210475249077862e-01
-3.709536551144793082e-01
-8.697793030189360231e-02
-4.831551587547735505e-01
4.708207762821111642e-01
2.775463726043419510e-01
2.079742912449649705e-01
-2.898944927948327033e-01
-5.238516069847372059e-01
-1.310393141452956267e-01
-6.582964762430840722e-01
-4.794899793978234515e-01
-6.552625633756263834e-01
4.819765390135422045e-02
5.507792337526395965e-01
4.535104717265612262e-01
-6.661555426265243218e-01
-6.562668454667075491e-01
-2.513931736970441144e-01
-9.883756555557117185e-01
1.645736966888884656e-02
-8.819625922038776267e-01
4.583963451063442496e-01
1.000000000000000000e+00
4.517588648771207471e-01
2.245331300283743281e-01
-6.186214042130669943e-01
-7.910596210516387394e-01
7.810960658568273374e-01
9.104659579940235781e-02
-5.815838117431642029e-01
1.000000000000000000e+00
-3.986645093493282888e-01
-3.333008430192974103e-01
-3.172236204530620718e-01
7.736938891447306954e-01
1.000000000000000000e+00
-1.875585971731766333e-01
-6.399825329545498764e-01
-2.994766869820421062e-01
-4.437114014015278163e-01
1.000000000000000000e+00
3.944869105871010584e-01
4.760486173860625225e-01
-2.422132214754074697e-02
-7.915593413166923664e-01
7.699436059633248952e-01
7.936454890258733963e-01
-3.535853761107442539e-01
8.354637157141515669e-01
-3.212979293871380815e-01
-7.201145215820092815e-01
8.628502537420932317e-01
-3.426137004235909611e-01
-3.637041737181823109e-01
-6.124348177955831751e-01
-7.847880958135234897e-01
3.007344530261562565e-01
-1.186773900665672177e-01
-8.278864146864141071e-01
5.259846353799528806e-01
-5.606668554581819564e-01
-8.792179984342192167e-01
-1.297757901241478606e-01
3.561747475234248728e-01
1.819440093443907003e-01
9.878522011432964156e-01
-4.215553010818634538e-01
4.297192408120042995e-01
4.049981004902541981e-02
-1.868250792102230107e-01
-4.989417909585709965e-01
-3.090877178507122069e-01
-8.945999063388289096e-01
1.676246918931928540e-03
