4.089256834386164607e-01
5.385536226434579632e-01
-5.978311069443940917e-02
-5.078920299404139360e-01
-5.346223687141578029e-01
-6.166235220973798059e-02
-2.378653165624556448e-02
-4.240018708771231548e-02
-2.727658537935789829e-01
3.878381206797087422e-01
5.269262172355135276e-02
4.180649083932576615e-01
-9.282264953139172936e-02
-2.500353519788136095e-02
-2.538649101612569514e-01
-4.640086905800819284e-02
1.938957598798169979e-01
3.416125797856534030e-01
3.398708361783039367e-01
4.687953912298962744e-01
2.170192258209191483e-01
-5.819124650194227311e-01
5.494220120069123192e-01
1.734834977056365912e-01
3.411357220628528641e-01
-3.655714005179081516e-01
-2.061447303652046426e-01
3.943986137099535494e-01
-8.228640884395606314e-02
3.112763917001495351e-01
5.103424932524893709e-01
-7.692106314443050707e-02
1.461516866180013474e-01
4.168677598129817419e-01
-4.035564722488321765e-02
-4.832407882932154841e-02
5.222017024405701813e-01
6.469685748825902971e-01
-4.451522750756198854e-01
-1.713231721101808047e-01
-3.631892563153537035e-01
-6.989701607740507194e-01
2.485306326171915492e-01
-4.855473494918374766e-01
3.362760500901942895e-01
3.647550544579998277e-01
2.671706622931064867e-01
4.059717739670867798e-01
-3.663676567020260899e-01
-7.443222796576423606e-02
-1.973966074599565190e-01
4.376271706189892308e-02
-1.514547716160355717e-01
1.268239221376167014e-01
-1.844168492803085202e-01
-3.302164635345329335e-01
-5.680132041827709033e-01
2.579658440014049314e-01
-8.181028101640606953e-02
5.214718243131366560e-02
-2.487895220643196459e-01
-1.018796546192879404e-01
1.719364529048891810e-01
-1.742208530681989276e-01
4.889914820309086974e-01
1.749653484668395598e-01
2.294427988231753923e-01
3.017027728115728724e-01
-4.147917958663484006e-01
8.965392185252991919e-02
3.935453470810164611e-01
2.544879775999046578e-01
-3.331688423324263293e-01
-3.045347683585892806e-01
4.785738681537323180e-01
1.896143131933986786e-02
-5.824026661286098028e-01
-3.990920958694991749e-01
3.293549023878999948e-01
-1.618449529299040290e-01
-5.749664546968057399e-01
2.177306974674630968e-01
-1.791245477720503632e-01
-8.815703353655990338e-02
-1.348521862119628489e-01
-4.175943224146728139e-01
3.243310093974440256e-01
2.644636578337383748e-02
-3.809722110256802963e-01
-3.199631992676448822e-01
-4.573365181878908531e-02
2.736424590702876136e-01
-2.941754370737605373e-01
-5.639027986708211593e-01
-1.024813850350481254e-01
-4.743780758031750922e-01
-4.614381503827018616e-01
2.892781130403615508e-01
9.829828186299294224e-01
3.042375799747722986e-01
6.388216126342360912e-01
-5.101388147661789496e-01
-6.100170237394075823e-01
1.111640386950178971e-01
-1.559651561776833617e-01
-6.778598266306994358e-01
-9.259819353136748976e-01
-6.342517396952005448e-01
-1.015289401325314422e-01
7.558075549018616890e-02
5.839402934626125585e-02
2.949698435389025430e-01
9.328042620396577167e-01
5.357846771922791795e-02
5.916510463008755050e-01
-8.497901623412449368e-01
9.469730510981555494e-01
3.472876031175309297e-01
-6.247333126210579124e-01
2.186408177314556056e-01
1.546849516594710483e-01
-7.248363769609647012e-01
4.771048325259532596e-01
-9.246372635100377213e-01
2.986566375997590228e-01
-7.560393191375551769e-01
-3.526102762779423916e-01
5.324975015660591282e-01
8.014785484082971312e-01
-3.923618442578320487e-01
7.571331296133665401e-01
4.907912949042378958e-01
-8.023623061864881834e-02
9.852309726636978571e-01
1.308184496230280214e-01
7.827386426908253814e-01
-1.807821081359488602e-01
-2.575390218607134241e-01
2.991577409906402973e-01
-6.347435647497916555e-01
7.169143872922183469e-01
9.009827552767672998e-01
-1.342823217285658011e-01
-6.467450507971599372e-01
-5.673757243267933958e-01
-2.094713450693674872e-03
-6.327072686691561643e-01
-3.268212111049519919e-01
3.281369790389847552e-01
7.223200279944119728e-02
-1.482699345883302655e-01
-9.966455656214692205e-01
-4.373821443412859722e-01
8.035065417426243695e-01
-2.997549130951056018e-01
-3.816844877980805073e-01
-1.763990432613160575e-01
1.642986048121650722e-01
2.205370303363227702e-01
7.539678397872044968e-01
-1.835833624869915859e-01
-9.511483051868618865e-02
-9.755631901802148676e-01
8.646543973091920243e-01
-6.517944828853132755e-01
3.312603063464918396e-01
4.722781441361596499e-01
-2.479568298555627770e-01
7.847639605722180889e-01
4.115132998676522824e-01
4.687783333382833373e-01
-2.315449902188881914e-02
9.160678088033906707e-01
-3.677256513859759046e-01
-9.508960912858031023e-01
-8.426598335000685669e-01
-3.836609921436193726e-01
2.317345918384983161e-01
7.159810883167629925e-01
-5.398196388444724825e-01
5.237765233666815679e-01
-2.883607081610322087e-01
-1.653695516333713034e-01
-1.057237518897928830e-01
-3.900573505310900302e-02
-6.875243171113756269e-01
-2.468555191982371166e-01
-9.137213141809572559e-01
-5.202590724397193611e-01
3.233976388222261633e-01
7.523394145296506963e-01
-7.945193873706011267e-01
-7.026539951353143465e-01
-9.576701763742669904e-01
-6.049994150150621586e-01
-9.289416896804112422e-01
-9.280410601488084943e-01
5.570827852394795165e-01
-2.888232043036569330e-01
-5.419109180594448016e-01
3.075438176341074303e-01
1.212559486707451839e-01
-2.354936040771222761e-01
-9.474716560954494771e-01
-6.383740479240798127e-01
-4.205819804711088405e-01
9.601644943072518146e-02
-8.958765605133822696e-02
4.479449156840611401e-01
-4.424091934146526933e-02
-3.484577321083522361e-01
1.399265182419227316e-01
6.807417025866199234e-01
4.949971345010865664e-01
-3.610138428350045253e-03
-5.414829742070534704e-03
1.179804241194024189e-01
-4.163582732795023666e-01
-2.754529580232281671e-01
-3.728508538970092823e-01
1.499504910197772822e-02
4.373405921214973957e-01
-6.653970220471440156e-01
-5.496134383194757334e-01
7.638643447369196648e-01
3.089349071772242161e-01
-3.936175248441837748e-01
4.093184502706057049e-01
3.723152046217093614e-01
2.319990413944321150e-01
5.491712399851115256e-01
3.249465474982876079e-01
-5.819052264223816273e-01
-1.004774527277988161e-01
-7.144435041749089832e-01
7.940958289432616946e-01
2.918172817566253574e-01
-1.253165221836889109e-01
1.807817538630338006e-01
-5.391953393046242660e-01
9.924923087867279503e-02
3.338827743222215205e-01
-2.893777052319835841e-01
-6.063799086083472289e-01
8.307445132306089108e-02
8.499903021124338709e-02
2.277664455896757922e-01
-3.828163238930731849e-01
6.096675302282975051e-02
-2.108257488591510909e-01
2.743913960295161353e-02
4.385465033572620852e-01
-1.910705056857657513e-02
-1.500761246016091982e-02
1.187016563391909696e-01
-5.065613162697739646e-01
-5.904086495968403625e-01
2.631044508203683741e-01
-2.339572419041282825e-01
8.139610702486788085e-02
-1.022810950279424980e-01
-5.207351958964279159e-01
3.621787970052535166e-01
3.719593626577985535e-01
-1.425494964343523678e-02
