-7.757725207299905890e-01
8.471825913041431955e-01
-6.257415650678406216e-01
1.979799599452100878e-01
8.508503880307900502e-01
-6.223455974494463971e-01
-4.689972542575209236e-01
6.622001776442656418e-01
4.630491100141279626e-01
4.613644764127635550e-02
-3.483006415638445485e-01
-2.244190059265256387e-01
-2.162875435444052141e-01
-6.470031166177578896e-01
4.487610372418356919e-01
3.098507398253458889e-01
-5.985826525569661882e-01
5.300821279773795247e-01
-2.483758628640668764e-01
-4.351466411076300445e-02
-4.323632374097108322e-01
-3.101961304231051764e-01
6.486632926049220593e-01
5.179516955843372905e-01
1.755257466683036172e-01
5.952902261587105226e-01
6.211725748662247915e-01
-1.692136295076934749e-01
-2.285489245766447186e-01
-2.539072880477730165e-01
2.080203379376948380e-01
-3.115494628896658957e-01
7.887802515880936172e-01
1.340468429768568170e-01
4.343070842018386668e-01
-4.075483096361806612e-01
4.117986206051119646e-01
7.126127477775391350e-01
-4.006871159279435934e-01
8.276203964958922521e-01
2.315017857410917590e-01
2.389151567013316213e-01
-3.653055295284913240e-01
-8.262966608793453904e-01
5.214624272621360968e-01
1.447153880054256603e-01
-1.158209492439627175e-01
3.479540596231375238e-01
-7.580998946344744138e-02
6.267256348971231850e-01
6.212028784590708508e-01
1.850561035874602467e-01
7.744270561550369303e-01
5.463063880491231261e-01
7.524916447314190515e-01
-1.084883742578677118e-01
1.099903441896199485e-01
4.534367885868573200e-01
5.072829423074387556e-01
-6.071334290517056420e-01
-3.766121362762234193e-01
2.880994168520529253e-01
1.956486801037808365e-01
-7.548607620949296937e-01
-2.604468495683492923e-01
5.116821884336518744e-01
-6.306834561125611582e-01
1.139475588125213601e-01
-9.699062620779770952e-03
-5.684076011454648469e-01
-3.526935924086853635e-01
-6.423991572188894050e-01
-6.631585071007407572e-01
1.701616579371086346e-01
-5.060608190502446924e-01
-2.824791746442720242e-02
-5.644149698055318520e-01
-2.257926560317605469e-01
5.689827135197119690e-01
5.087245446949871797e-01
-5.155758443586875295e-01
-3.127182165004351866e-01
5.254841710040744074e-01
-2.147453702805534326e-01
-2.094178597886130477e-01
-3.086768855976962378e-01
-7.841350469435100223e-02
6.458905832499616251e-01
1.103287066048237314e-01
1.607651733976659392e-01
4.156577503987139433e-01
5.858230307185419150e-01
-3.569609639790518457e-02
-1.407041136998335995e-01
-2.455551004728218079e-01
3.588588047912925627e-01
2.889397501325401962e-01
6.389340265016346665e-01
-3.171434967323625287e-01
3.366162223642618634e-01
5.055371664219975303e-01
5.258951846811670272e-01
5.775870776402393103e-01
-2.972033629281701783e-01
-6.018087710748031283e-01
1.982143830167876764e-01
8.280597648895175744e-02
3.772467052289102951e-01
-3.251500196989541847e-01
-2.325807743429457453e-01
1.601996537978514767e-01
-6.180996069409250976e-02
-5.889991545637708326e-01
-4.503236693780138800e-01
2.611685515157436965e-01
-2.415002774549529774e-01
3.228914186465555169e-01
-6.505447019064444780e-02
4.980803761613215586e-01
-4.271948661879856335e-01
5.715255143625035394e-01
-2.896226219410682479e-01
-5.225623383798301269e-01
-5.413674448693351904e-01
3.329499715101724711e-01
-3.438914901789852929e-01
-3.740611220052301178e-01
-1.458389265938070112e-01
6.677914169833171210e-02
4.098824798273624226e-01
-1.415737131679517813e-01
-5.223286473788897322e-01
5.187046521639289143e-01
5.711142109632435515e-01
6.278118876395305525e-01
-6.507200736910562222e-01
-1.678569428974640010e-01
4.441621232347221504e-01
5.008366574528507753e-01
5.444949509388272713e-01
-1.285599150897890897e-01
-5.678521667831002429e-01
3.332078463695486437e-01
-5.621793183623667867e-01
1.952168447862557277e-01
1.160734562592461855e-01
-5.415976754426009565e-01
3.042684849001647818e-01
-4.454852273686848441e-01
6.212524291565767465e-01
6.804412587746204444e-02
1.932456861910595292e-01
2.974465811818822747e-01
2.740248423473653494e-01
-4.034353777031972343e-02
-7.265954476485099456e-03
5.853893307662519918e-01
-2.778711672256244936e-01
3.681939482620553705e-01
8.025277137613128220e-01
-1.574681063886233245e-01
1.551409236885650800e-01
2.178298638037360901e-01
1.713759235698342764e-01
-1.400098452821814388e-01
-3.532195895396715857e-01
-4.355552752731147170e-01
-5.777291732097221688e-01
-3.382370129137467485e-01
-6.394085848455857146e-01
2.158436552068311309e-01
5.860127067099033527e-01
-1.800844369402791467e-01
-4.549513093258816115e-02
6.521247740576335827e-01
7.409327602349964348e-01
-3.606314072376423097e-01
-3.845992866263640564e-01
-6.666067838545078339e-02
5.862495582428879359e-01
2.229275272412047926e-01
8.192480001520492383e-01
1.876708403708091111e-01
5.441753177432302468e-01
-2.653039725233044543e-01
1.818072838322933593e-01
-6.758804283583073058e-01
7.083153723581974148e-01
-6.415989688906512667e-01
-7.104213911707983886e-01
7.160118195809312969e-01
-8.671079982391793894e-01
4.281695633351008667e-01
-1.419266826031947148e-01
-4.858829422135170772e-01
-3.064602112472092910e-01
8.825366921247767005e-01
6.976928930983899990e-02
-4.210864493694660600e-03
-5.015478921501680121e-02
7.220594736972054672e-01
9.825532341905501843e-02
3.291886632980865479e-01
5.073321485091865091e-01
4.106674258259742638e-01
-5.775835656622716474e-01
-6.699382552814091563e-01
2.955104689009335761e-03
4.261766550967663325e-01
-8.635899118099618077e-01
1.253031774438918000e-01
8.282577414591214549e-01
-6.192351333732475788e-02
4.216043948770554772e-01
-2.514147021510446667e-01
-9.216394777915487557e-01
-8.278320317598609757e-01
-3.329766423268206710e-01
-8.500309733720634586e-02
-1.000000000000000000e+00
-1.000000000000000000e+00
6.264977693428007421e-02
4.746626123994450164e-01
-9.502486782924288722e-01
-2.711098090396338867e-01
1.271737480448601465e-01
-7.576965876695823665e-02
-1.469904045611407917e-01
7.120371196832624427e-01
-8.942291492077036885e-01
2.627343897693359964e-01
2.069713040547910277e-01
1.013425485870924070e-01
-7.568233166305106396e-02
-5.013855255412545953e-01
6.526648383007738197e-01
-8.699320090808052575e-01
9.247499607579872105e-01
1.939216492327841823e-01
7.313265365134299367e-01
-2.954750478731318908e-01
8.289906314298144396e-01
4.281397243641525963e-01
-4.045988854451447736e-01
1.066786499223308926e-01
-5.472186431627648617e-02
-4.686939601420270218e-01
-1.093047830303994217e-01
5.074939138572875930e-01
5.983920326068820073e-01
-4.350941352624738134e-01
1.973480855097184961e-01
5.565264135199270434e-01
-3.414423617785057319e-01
2.815360921793920723e-01
4.087623866015120955e-01
2.883689538735698110e-01
-2.101050324009909320e-01
-5.173726465017368659e-01
-6.166142050949858788e-01
1.200829879828301389e-01
-4.039471787727793584e-01
-2.506689056401349425e-01
7.998231579178924910e-01
8.283160245350114081e-01
