4.110251447812326431e-01
4.950556206025721884e-01
-2.600640205110933689e-02
-4.504122117034040640e-01
-4.781039228611022596e-01
-7.052794393830777442e-02
-5.965129463017552688e-03
-1.335897700620052586e-01
-3.544031997626173047e-01
3.114235078645512522e-01
7.289878930925595968e-02
3.723352486280259166e-01
-1.532698533945997532e-01
-2.090263592536767065e-02
-2.948439719319608798e-01
-4.351404133233863214e-02
2.067277632966919021e-01
3.538060088435499573e-01
2.455259343258697768e-01
6.250978920087313373e-01
1.854479402612183581e-01
-4.847900993976084205e-01
4.466414475786602556e-01
1.882471986529299646e-01
3.402926626194096582e-01
-3.572119502405386449e-01
-2.232228187693621746e-01
3.395524212674491116e-01
-1.434453787779095546e-01
3.011752758472182601e-01
3.859705308124917744e-01
-1.108906090036186620e-01
1.886893410551150618e-01
4.192901632144545587e-01
-4.897370176380335532e-02
-3.398470732536349598e-02
4.501443093009812602e-01
6.224631774592953581e-01
-4.268506850558302923e-01
-9.233975439915441397e-02
-3.761014037448743852e-01
-6.431043714307689285e-01
2.568503003578876398e-01
-4.094977844038242276e-01
3.041577523245008186e-01
3.487606452458084094e-01
2.715070143408728764e-01
3.459596781464046034e-01
-3.625225747091754824e-01
-9.403635625282631694e-03
-2.056657535511273727e-01
7.015386465955077144e-02
-1.049448356342555372e-01
1.382581710002979691e-01
-1.544698447003626796e-01
-3.315918465739300380e-01
-5.365803642091495629e-01
8.082572135024375382e-02
-2.392028389972048474e-01
4.446693760441738918e-02
-1.460884651244720445e-01
-5.884975867314395231e-02
8.514849280943607990e-02
-1.451994146657771267e-01
3.473341050420037379e-01
2.154920536209632698e-01
2.064470618963542836e-01
2.938545629238654699e-01
-3.819333713060606428e-01
8.336105353154219313e-03
3.822614912433071610e-01
1.591309200995374706e-01
-2.762058486345594366e-01
-2.419363638383637549e-01
3.607911089548651029e-01
1.289224389909150448e-01
-5.383725839770421295e-01
-3.316364063144251473e-01
3.129398841751483418e-01
-2.827642867125217119e-02
-5.249670194555111635e-01
1.814160460701974564e-01
-1.404163328638743935e-01
-7.807522017574043682e-02
-1.552224764366675613e-01
-5.485460275846003597e-01
3.615174743834608240e-01
-7.181675128786865064e-03
-3.517342235014689344e-01
-3.441948870399654803e-01
-4.450446107416599489e-02
1.800358711888517815e-01
-2.441292819379188295e-01
-5.428993169034079802e-01
-1.527402587186512950e-01
-2.349026766862977178e-01
-3.272848909827665853e-01
1.067997343427024987e-01
8.580609556789930981e-01
3.930108851187564811e-01
5.108263529789478508e-01
-3.034815881077134181e-01
-5.679480867566805147e-01
-1.857161646952549400e-02
-2.228482452249341828e-01
-5.583633628921431669e-01
-8.004166219487737211e-01
-6.398008942850131886e-01
-1.742906811703653358e-01
8.063977499701958929e-02
1.021644230783906038e-01
9.455886855970380145e-02
7.574098863742595444e-01
-1.342387096560816173e-01
3.609157430862852123e-01
-5.402119134557789026e-01
7.737431700385459798e-01
2.653581253349602820e-01
-5.965353336444118026e-01
5.089264030521827020e-02
5.212795185826468031e-02
-6.161145533229861471e-01
3.112778276912498976e-01
-6.275476035379037310e-01
2.574934680979201751e-01
-6.137733540475132088e-01
-1.977241105927975695e-01
3.940366415699477765e-01
6.520971713774552647e-01
-2.913467386982708240e-01
4.055211477467409176e-01
3.651268569491368243e-01
1.668360064457510492e-02
7.849791259959191247e-01
1.126394687111374610e-01
6.065481197587634377e-01
-2.612235303434083944e-01
-3.020559411368204383e-01
1.910234937003239541e-01
-5.309187623803917067e-01
6.581684310654369874e-01
7.413336684725007064e-01
-1.587196501218740563e-01
-5.495435067857765699e-01
-5.052656952090114340e-01
-9.594630541664013815e-03
-3.632939418682117338e-01
-2.396735604717127877e-01
3.568176555381385451e-01
1.356627335134981127e-01
3.578307584456257885e-03
-6.946521349333424356e-01
-2.402287317446007986e-01
7.238920274392739440e-01
-2.411732421731464515e-01
-2.602921384056209320e-01
-9.059682326959668519e-02
1.535728248588722200e-01
2.745477318067895967e-01
7.130189204307961770e-01
-6.510875225884261985e-02
-1.125199334962490028e-01
-8.065628291572274344e-01
6.568382206648790689e-01
-7.047834020617260720e-01
4.050331884358027712e-01
3.221579249441517412e-01
-1.257047690919946559e-01
6.386616739703037116e-01
4.954415765243041503e-01
2.828274276733051540e-01
2.674168982802441891e-02
7.229170317322254347e-01
-1.998241395061647330e-01
-7.354837356555753436e-01
-7.959739111298802516e-01
-3.586358652999716012e-01
3.882406624956740715e-01
3.747231550338900874e-01
-7.640869422633207453e-01
4.352840496093658973e-01
-2.495977187247133688e-01
-3.686558662038522671e-01
3.671950481226952112e-01
2.565661765896675162e-01
-4.723709528134965030e-01
-2.419178286638365427e-01
-6.552677176582795138e-01
-1.758255461821355281e-01
2.769529601879420211e-01
6.753872016033726222e-01
-6.566599388884992727e-01
-5.834480120499364597e-01
-7.172001474343953076e-01
-4.791428941795258245e-01
-4.326658964852932998e-01
-5.808823313279424250e-01
5.811680341840685937e-01
-4.758089482844530260e-01
-5.867769594764121743e-01
1.337449156092543612e-01
1.207972584859372672e-01
-1.092154917941461495e-01
-8.799560656644536127e-01
-5.301757745630969465e-01
-6.045265436710671736e-01
1.609591850995502615e-01
-3.121899441160936872e-01
2.974394587730238015e-01
-9.152633307052673861e-02
-3.020083035740601662e-01
6.537474466777352944e-02
6.008916558679960884e-01
6.762009966084641110e-01
7.856667177750606412e-02
-1.134261143255592547e-01
-5.412851409237326959e-03
-3.745223432148157006e-01
-3.754235843501076975e-01
-3.297048010008628016e-01
2.067575709170366149e-01
4.731768761684322366e-01
-6.390320357913148452e-01
-5.261355036854751255e-01
7.531604964534207580e-01
3.141812164265990748e-01
-4.048415856563284398e-01
4.177817931778012861e-01
3.534482412162157638e-01
1.494958212028940636e-01
5.403074634037003943e-01
2.871648754860312014e-01
-3.004767495045379544e-01
-1.968913903172824220e-01
-7.261824743402440774e-01
7.039612947026998580e-01
2.290074739386166736e-01
-1.104766110269119611e-01
1.814776053198552397e-01
-5.144368023977995419e-01
2.443721082657597521e-02
3.422885814272659810e-01
-2.757493452017746871e-01
-6.415531713628849220e-01
2.105993069474510482e-01
-6.850270752832791910e-02
3.050482353501741128e-01
-4.306072590653081678e-01
-9.227623315125574321e-02
-1.319110863832939073e-01
-7.271620838878251059e-02
2.812561281015691916e-01
6.322722610386245778e-02
-1.428064640644817751e-01
1.047887974216982904e-01
-4.814225853995107718e-01
-3.922814354545285376e-01
2.598334948476579420e-01
-1.612170261971154206e-01
2.309349248065317994e-01
-8.705000427419275211e-02
-4.255932787206920809e-01
2.839411741669696232e-01
3.409851759427009465e-01
6.885218818998234055e-03
