3.429087816861506322e-01
-9.117464725902296729e-01
8.072617721921494516e-01
2.190808927796291661e-01
5.796047797541001856e-01
-5.866518552142726550e-01
-2.496227195952683553e-01
-6.109140987128000022e-01
6.478820384717112191e-01
6.372571129985504790e-01
-7.210481519410755213e-01
-1.325844520884549849e-01
3.255021678531340168e-01
2.193004183378177152e-01
-5.749654480503827436e-01
1.079681022531387702e-01
-5.449673213023246976e-02
-6.666646739413236711e-01
-5.860073683291953106e-01
7.501092427465416712e-01
5.673014142769799983e-01
4.342301316120763532e-01
-8.349039141879635029e-01
7.702828785262515465e-01
-7.134182385748820687e-01
3.023586309401399969e-02
-6.308693961707367848e-01
1.157349817900340666e-01
-8.695854371946238892e-01
2.495577737941090946e-01
-4.913015173642625855e-01
-6.516063582321474090e-01
5.428926054297907866e-01
2.632718006326569826e-01
-4.888029831994025187e-01
4.397922435472758074e-01
2.200573809124968527e-02
4.345904470204290382e-01
5.732758762374712963e-02
4.269196503149944588e-01
-7.856195079244013835e-01
5.314880941389404923e-01
5.842200931951336829e-01
5.987073318010450729e-01
-6.846072187843188842e-03
3.016712607958271231e-01
-1.704730451945818404e-01
-5.535827761714564588e-01
-3.422109590512668609e-01
6.248542530320376764e-01
-4.421185944374511068e-01
4.841949264973192113e-01
3.088154328491288791e-01
4.714154784030017420e-01
-1.293376136274228538e-01
-2.748291856147311862e-01
1.678433059141933859e-01
5.711283783910067052e-02
2.332061756333109193e-01
3.134661808315157838e-01
4.197929052352603607e-01
1.491919247269964666e-01
-8.554845551977580120e-01
7.009384151573858635e-01
-1.810377892871533612e-01
-3.493969283750631566e-02
1.675264649664120753e-01
2.945088879046421915e-01
-5.567570123187032261e-01
-5.472928955239724225e-01
-1.245012789633763162e-01
-7.628596855135322263e-01
-1.460574669442272489e-01
-9.390411904434763368e-01
-2.285003772937946875e-01
-7.067242812931238127e-01
-3.163986303026330993e-01
6.459172467301543819e-01
-2.984878646924525591e-02
7.062890812916904348e-01
9.207801339257014328e-02
-6.110231202285949792e-02
5.373474714540176222e-01
-3.356544237062797365e-01
7.568907069512134100e-01
-1.203499993821814107e-01
8.416416953329336481e-02
-7.008080288929017243e-01
3.423428543800611235e-01
-2.722772099479897623e-01
-6.077816167267455771e-01
5.757643656355881934e-01
-1.016287103220337995e-01
-6.841799717738241693e-01
-3.419469581658369228e-01
3.375532056771375911e-01
3.147292908836338832e-01
-7.105846197886502846e-01
5.811055574695764836e-01
7.024219871210017896e-01
-4.584431419676405356e-02
-4.537878287870397154e-01
8.188508610823923284e-02
-7.387081957191716786e-01
-1.972256291774790171e-01
-1.618163590288869691e-01
-3.235299042388758983e-01
-6.354859060529497450e-01
-5.748897512872515048e-01
1.743078705117346305e-01
2.845354919420849948e-01
-7.257609060048288985e-01
1.236024307747718015e-01
-6.738983614727240834e-01
1.502393286655166749e-02
-5.242182821672680682e-01
3.284836692489260246e-01
5.986037281812415234e-01
1.333394300409258826e-01
-2.672210411561853904e-01
8.740150706486684573e-01
-8.097729107448085883e-02
7.267370930305602217e-01
-2.842341547704371196e-01
6.321354890396001514e-01
3.352907383837191446e-01
-2.391363273889201002e-01
5.318946833170068444e-01
-1.388151122985116781e-01
5.690286527448689124e-01
1.880196513484059251e-01
1.405619494680207526e-01
-2.126303817529836271e-01
-4.540635607128913342e-01
-5.174859812997980590e-01
-1.770348285343233130e-01
-3.637161234771364438e-01
5.984911732822271180e-01
-7.704574615388087855e-01
-6.590277215894708718e-01
5.288716491631652028e-01
7.739820118996326714e-01
-1.344764430530826227e-01
1.665458920008894284e-01
-3.454793081931973320e-01
-5.518382858389510037e-01
1.200343649616852915e-03
-3.477611030657434821e-01
6.776604639628227567e-01
3.496394440808510140e-01
8.424316936005890599e-02
-2.952933127084365061e-01
-1.681392538543242943e-01
4.724858876947449771e-01
-1.383349681024247380e-01
5.646943358092917364e-01
6.112534171305225028e-01
-2.176800446171118231e-01
3.890041061101434106e-01
3.588674251185818842e-01
8.050949911063294551e-02
-7.121363424274930187e-01
-1.195712000812898523e-01
-5.701295382036957182e-01
-5.574623406776599843e-01
5.968336179127671226e-01
-5.570411884150844317e-01
3.097967714675437662e-02
-2.657180456847646477e-01
9.155130265068958662e-02
-1.394883920742401029e-01
3.109439095473651854e-02
-4.707643871264341473e-01
1.757052712873639344e-01
1.399496254267786621e-01
4.409511991929990909e-02
2.769365923149003650e-01
-1.271379717031665968e-01
2.808853263775580311e-01
2.240806981570300088e-02
2.568873460039351464e-01
-1.204066569446514690e-01
-6.046805651092852507e-01
8.362426913848152177e-01
4.254340407561619242e-01
-8.626235590317016255e-02
-2.266599808378146064e-01
2.626640825206927876e-01
2.415809470669957326e-01
2.479513938301513010e-01
3.639534057183221316e-01
-2.744629956353552558e-01
-1.901238847863087056e-01
2.179785071878366509e-02
1.211277167594826051e-02
8.523153654785733391e-01
1.689125214008243836e-01
6.670435830603137495e-01
-9.551587572352620015e-01
-6.087908837252244965e-01
-4.003825110350265337e-01
2.572393516382742717e-02
2.552462830270638694e-01
-3.286686604098243425e-01
-4.876658753330562757e-01
-8.862475429806253580e-01
4.484963706381686066e-01
-8.007090591112002720e-01
-1.141442822540634783e-01
4.727113337666111192e-02
1.307131905876857125e-01
6.497956198249190685e-01
5.004896040938582313e-01
7.225689020515416727e-01
3.865977991290383553e-01
-7.294438960311713238e-01
-6.403333015137011586e-01
-1.134048989365463722e-01
2.313386539056450086e-02
-6.732038049391777523e-01
4.876539314455059504e-01
6.182472744783538143e-01
-6.898107491193197216e-01
-5.828133007696082446e-01
6.247654076197028949e-01
-5.354496158362496150e-01
-8.386797622575901112e-01
-4.137131626221712821e-02
6.323186743313538027e-01
3.286485800290241954e-01
-7.505504404381713179e-02
5.008688492536150783e-01
2.107621408433089094e-01
-9.956665140860372354e-01
-9.429180550509685954e-01
1.926209532764662224e-01
-9.009126076964462104e-01
4.205805346041842085e-01
1.852010903674505826e-01
8.502953882466312008e-01
-1.420260220092606218e-01
1.430883054971394952e-01
-1.032081945662624012e-01
-8.592477219378038544e-01
6.621001734827460794e-01
-9.815553757167276849e-01
-1.348114053643025834e-01
-6.111838720060325247e-01
-3.604485955972951960e-01
-5.929719142353100381e-01
-7.685657085431416569e-01
-7.177282098689488077e-01
5.227144349376877663e-01
-4.207579672082322197e-01
-4.489335960978085849e-01
-3.028165352109031261e-01
8.945407503024096485e-01
-1.084804747247190004e-01
8.421740332887175384e-01
-7.164806290969103486e-01
2.950593558764702529e-02
-1.812436927058200808e-01
-7.667906066893670491e-02
9.916301981470192484e-01
5.129614848237611380e-01
