2.065245785835403969e-02
2.000094927479891538e-01
-1.792140413427014412e-01
-7.005336569132041002e-02
-6.258325767763855962e-01
-2.626148422212971900e-02
-3.931759753629752302e-02
6.857333640258073126e-02
3.348420917270593204e-03
1.010769909528557720e-01
4.195603760688383921e-01
1.872785234512270858e-01
-5.915805593979336918e-02
-1.577147320886073678e-01
2.323055139827562288e-01
4.116166399805702703e-02
-4.662068515120100509e-02
2.421761457232324624e-02
1.656646286580467503e-02
8.238876526656885649e-04
-4.722806261443981413e-01
-2.023769192909500581e-01
1.356320191501474148e-01
-5.809325152015856059e-02
1.066615323682807044e-03
3.978760352576135029e-01
1.593335487347412871e-01
1.574283241349896945e-01
-2.327573049628846868e-01
1.030131042054102802e-01
-3.022524440861217854e-01
-3.582187904941384893e-02
-1.795794638497067719e-01
7.550233497283433126e-03
1.251673443748663878e-02
4.375574087706197157e-01
2.284502119982435298e-01
-1.645856716228197847e-01
2.844951711335259592e-01
1.158790430745395336e-03
-1.233187455113247538e-01
-8.733666957921668028e-02
-1.095502949275141760e-02
3.342722516532236066e-01
4.404389165918691507e-02
-1.664658531366992322e-01
2.226968208237434521e-01
1.030849216766070164e-01
-2.239748261320016753e-01
-9.430431890134975681e-02
-6.403066739344714930e-01
-1.816569703036750860e-02
-2.227160123822398141e-01
1.532616914509367101e-01
-2.150721159504219160e-01
2.714533699538004829e-01
1.749194154932458833e-01
3.050917133279877971e-02
3.703399377610884224e-01
-3.286928510411833981e-01
2.023828659483951076e-01
-3.965500290142791595e-01
-4.245186481505876519e-01
2.593883035532655312e-01
-2.287943024400581338e-01
3.140940840180231897e-01
-2.919297908008245401e-01
-5.761017231148597428e-01
2.411718402512258094e-02
-3.446797930341152782e-01
1.410003964964913481e-01
-2.015896278397517061e-01
-3.589986367035436499e-01
-3.948586768753058196e-02
-3.078496388744190737e-01
4.135399925690066980e-01
-1.394025010573913537e-01
3.805434288814402155e-01
-9.961859467182801464e-02
1.697686925544593939e-01
-1.705551873772394866e-01
1.174414780030469674e-01
-6.615033813349047165e-02
-3.185692219817695126e-01
-1.207613932728243966e-01
1.824066424242534040e-02
5.648801859924863084e-02
-1.886015142433211111e-01
4.502665409293062915e-01
-2.935175182683080752e-01
-7.782432224671831378e-02
-2.210280349963819058e-01
-3.088227316038734127e-01
1.630951476449080950e-01
2.907461824605617196e-01
-2.322891046264511095e-01
-1.982199075515279629e-01
1.546081629494794329e-01
1.799794397441551851e-03
-3.046099739333350542e-01
-6.013179220008627729e-02
1.595024009389338915e-01
-1.057158376730644028e-01
-8.694875765102773324e-02
-3.397304969304641986e-01
7.706937864655544722e-03
-3.366319560459518634e-02
3.755326157790155328e-01
-4.873240688106618701e-01
2.142158220838870364e-01
-2.088209987889676211e-01
3.685308255517995291e-02
-3.686610330284731396e-01
-2.991105126368690525e-01
4.791360354198306859e-02
-4.227384124283509736e-01
1.887975183762294340e-01
2.235281310310451852e-01
5.182375349059890057e-01
-1.941427552362752773e-01
-4.608072865645636007e-01
-2.482279159730649276e-01
1.824533300930930024e-01
-1.076309595659308282e-01
-3.957666531440858781e-01
3.745184742535916933e-01
9.706476416935973933e-03
-1.784152312310253730e-01
-9.618404227609815560e-02
-4.339292740642441970e-02
4.236008506867729451e-01
1.391060300023975183e-01
4.002099249475227650e-04
-7.573847738022131404e-01
-3.058832376548775711e-01
4.025019992921150536e-01
5.082547318575349193e-02
-1.966447633152900998e-01
-3.127538470388009917e-01
-3.311744911022074245e-01
1.627498603561843005e-01
-2.317881381441954103e-01
2.950470380459070951e-01
2.941322855739402220e-01
1.856301489184325748e-01
-2.837391611215445142e-02
3.490483101021989998e-01
-3.786044652657742371e-01
-1.774531881792077159e-01
-5.537189226417107285e-02
2.279050339863365748e-01
-4.569034835233014014e-01
-1.560810759282934557e-01
-2.345456575784754250e-01
-5.141688407601538446e-02
5.537916224059828973e-01
-9.909197776104994304e-02
1.258282845076980627e-01
-6.667378447229294069e-02
-1.466478119532594326e-01
-1.444045931240101610e-01
-6.237235091539451021e-02
5.054262008732017808e-01
5.058477028294246919e-02
1.905122267510314937e-01
2.223748300468282868e-01
-2.220176312647348382e-01
-3.247701926889078328e-01
7.091654079926740240e-02
2.828584905811672989e-01
-2.303496379190589360e-02
1.926337387004808943e-01
1.459822005563096992e-01
2.616846626740091386e-01
-1.864870455377696801e-01
1.666704405252946927e-02
-1.717918367092750032e-01
5.842178094762903728e-02
-4.756914624935020819e-01
-8.542655925018990959e-02
2.193946463224624721e-01
5.939574594332934498e-02
-4.987705735738401369e-01
-2.425678443373533999e-01
-1.677662257266717138e-01
-1.480289057980027634e-01
-1.708670255903714796e-01
-7.687944458665103564e-01
2.272468774931270530e-01
-3.966162135407804573e-02
-2.031803220561676504e-01
-1.374548776617053880e-01
1.882860160472553945e-01
-6.192294608561825786e-01
1.904224249276765535e-01
-3.431574347196247321e-01
7.310182635014850216e-02
2.576352189741151766e-01
-9.081307242850270023e-02
3.499914518397923557e-01
3.221433346156692412e-01
3.743096254469444606e-01
-1.839927140445803827e-02
-9.637268295393522366e-02
1.694573276741236090e-01
-6.319095557301833421e-02
-2.856200705193884248e-01
-1.706279009235205368e-01
4.817031855890243075e-01
6.259421715601659608e-01
-1.860497846606142813e-01
-5.342027177831042140e-02
-3.263253642555142275e-01
3.662940879469935296e-01
6.371586053591699050e-01
-2.065588286300954757e-01
1.130894399109360626e-01
-6.876437565604351376e-02
-3.628943561320017164e-01
1.166720889058451838e-01
-1.703775314979424638e-01
-4.920187846724223824e-01
6.606912030966223016e-03
-2.128974684366133907e-01
2.394170054380891643e-01
4.148944670295233172e-01
-1.561188703629369789e-01
4.461929011002467860e-01
2.341527307612348285e-01
-3.886522219003586964e-01
-2.809140221121741443e-01
-1.191918258612540832e-01
-7.647443925293569145e-02
-6.451967010644511780e-02
2.735985987046484769e-01
1.077339409849318030e-01
5.590369619132361245e-02
4.424721991697578849e-01
-1.073958529792281846e-01
-1.503408694780734023e-01
-2.955033358495922635e-01
4.194840266474442192e-01
3.130988342104027433e-01
-9.481930012700248711e-02
-3.123786662517740176e-01
-2.748547654142911023e-01
5.337641504713123153e-01
-4.232088202088457041e-01
3.745678854308837069e-01
-2.098357871276912701e-01
8.236548487872523416e-02
-7.264304162182040614e-02
5.313095862415534443e-01
1.849290140610945210e-01
3.172309887006595497e-02
-3.784957484362028723e-01
-6.818750619032860616e-01
1.526337387164403148e-01
7.558104726488158731e-02
5.016620445609415446e-01
-5.582394824440461978e-01
1.200998329536286935e-01
-2.025190695028442900e-01
3.411704613135624342e-02
5.269445163758588180e-01
