4.707637904106120458e-02
5.720193721825092559e-02
2.938023152846253039e-01
1.493323332528029637e-02
-2.897429711488556658e-01
-2.371497753872497949e-01
1.243571743307735761e-01
6.107516115361488751e-01
1.736247634874216739e-01
-3.169481626620641035e-01
4.841578304620489659e-01
-2.682581357067157501e-01
6.385658498527957416e-02
1.938206633736675455e-01
-4.162433536064995970e-02
4.232954247022413519e-01
-6.293341367313363965e-02
-8.988594504543398478e-02
-2.611739876039775865e-01
-2.815333969295160110e-01
5.866835857566131684e-01
-2.659803464801112627e-01
-3.542973433748010104e-01
1.244977839210326676e-01
1.090707522385521849e-01
2.264709233884933948e-01
-3.551250183566996288e-01
8.211139396849205518e-02
-4.947338169988201861e-01
-2.920184649737538052e-02
-1.459987959588922024e-01
1.856262079893116479e-01
-3.546578963559383901e-02
5.359801277134729203e-03
1.066326026115318737e-01
2.345821957555598580e-01
-1.222487878201248546e-01
-2.904084969963193624e-02
1.278605748722449198e-01
-2.593181951820893727e-01
1.841375802768547079e-02
2.414734603124954471e-01
7.593949081662215717e-02
4.784893839601386811e-03
2.359786241032772736e-01
-2.863394734658357699e-01
1.368532841127530486e-01
6.067216634851765183e-02
-1.559767525758350426e-01
-4.881456132945512505e-01
-8.519371325424518471e-02
2.750431551941116548e-01
4.713948812608929895e-02
-1.060725059581362206e-01
-8.482629639944709588e-02
8.645683292270645026e-02
8.316923462104584830e-02
-2.287298677722352999e-02
-3.876133694737039503e-01
-3.470652136131851528e-01
7.342617677846352553e-02
1.962720985407891486e-02
-3.582674116764140715e-01
3.493948468779100036e-01
1.344324719986848826e-01
6.125720536391822402e-02
5.811359624181172343e-03
-7.546245179021968119e-02
-1.699910709251140073e-01
-5.140428697102034789e-02
6.029182178413006188e-02
1.037013134717323579e-02
2.644622429408988729e-01
-1.573224362103432528e-01
1.120610477418257193e-02
1.495387615720956687e-01
-5.668299841976365272e-01
-2.224951769222707210e-01
2.490666470847929803e-02
-3.016702357266975443e-01
-1.715162407903096306e-02
-1.515365516042951333e-01
5.373040033416132122e-02
-1.229662658411918852e-02
6.698403765435541682e-03
1.832797645676946807e-01
-3.100142990515323063e-02
-2.115619560658277554e-01
-9.963838885541700940e-02
1.738303941497494343e-01
-8.347969794607992822e-02
-3.364150937195375252e-02
1.294972758220729325e-01
6.137397084736451180e-01
5.584582346710670331e-02
-1.922021821601075098e-01
-1.629526680896395130e-01
9.689563220159564186e-03
-1.895330769496565010e-02
4.719734508352003283e-02
1.491693756723313224e-01
-2.680046755374647649e-01
-8.052692533559584198e-02
2.884683297703830029e-01
-3.347961419520405491e-01
-8.659647680207412102e-02
1.964244766292902455e-01
5.943378869796208525e-02
5.022341150971650764e-02
-3.931587471062006345e-01
-4.770518713407004285e-01
2.110182473371118861e-01
-4.099000163091975901e-02
6.489180121805293577e-02
-3.500713310697641800e-01
-5.760231257552884954e-02
-2.114886787470498519e-01
1.612560718386238379e-01
-7.985978556435667508e-02
-3.890514139007041350e-01
-1.685062930923890701e-01
-1.009341389657328752e-01
-2.159331322391888630e-02
2.485678842536595268e-01
-3.455803966443160569e-01
1.471121960488317240e-02
-1.272146602489288569e-01
1.998093636299106135e-01
1.309208101411871716e-01
-3.842357239223952448e-01
-1.283385640825207008e-01
1.221931798835719507e-01
-2.415374045269233216e-01
2.653131501858111418e-01
-2.080729399563072679e-01
8.284615141769624547e-02
1.521026209255342820e-01
3.821840226276561059e-01
5.790994679992571628e-03
2.466258677168852442e-01
-2.231671018870381717e-01
-2.899585621483151687e-01
3.711099710768461790e-02
2.344367196019023769e-01
-3.366921005460126737e-01
5.599588423478930599e-01
2.778983677998627111e-01
2.040781821035195231e-02
-3.047491140567101797e-01
-5.680014643808284358e-01
-2.646236013155231492e-01
2.865276585608797499e-01
1.288152593476947771e-01
-2.906459711087199249e-01
-3.373298903160719675e-01
-1.048836819994092839e-01
1.938558538720560054e-01
2.642863913589277303e-01
8.108948105270430765e-03
1.908858728284087147e-01
4.694807419764174261e-02
4.299594213490441907e-01
2.355303322974340863e-01
1.601452016003772627e-01
3.084851140383234602e-01
2.491562452807698225e-01
-4.884680527131202710e-01
-3.682821502456698481e-01
-5.741149341992263233e-02
-3.131256940083998463e-01
2.248289594753916099e-01
-3.884266520609411244e-01
1.615015881063209535e-01
-3.921878552724958888e-01
2.599273610932210099e-01
4.522769494091999354e-02
-5.405139537127572336e-01
5.129882433566470556e-01
-2.177966748638876515e-02
-7.049428222995735016e-01
3.081235682104696005e-01
-5.596230040394677835e-02
9.864495917348896359e-02
-8.044093220733188332e-01
2.812679131287331158e-01
1.021019657094708044e-01
-4.702254226902957690e-02
2.082465837437674216e-01
3.305999582942514836e-01
1.648402483741230329e-01
2.335847866641605763e-01
-1.467714616853562082e-01
-3.613592540789775653e-02
-1.009210694482821496e-01
2.502282982657725863e-01
-2.705453693316575703e-01
5.148142000969831156e-02
2.812492505693764966e-01
3.229973886454938214e-01
2.674844555887240238e-01
1.353905523143047462e-01
-1.866416300239073511e-01
5.258378542147281592e-02
2.948465492539963373e-01
3.484830920607619453e-01
1.566661883772493269e-01
7.115856669411673927e-03
8.966520097130678546e-02
-3.765525741612456567e-01
6.476872854955467718e-02
-7.122177021391927765e-01
-3.583505208029119093e-01
4.921957796945755081e-01
2.803211173571350523e-01
4.039996592331490666e-01
-3.261366629140641238e-01
-3.172288199000595776e-01
4.523185402293643520e-01
-1.203613151864208475e-01
3.446643736172559369e-01
7.536486377316315571e-03
2.879677057357668546e-01
2.582734860589133152e-01
2.934225141634185241e-01
4.079708351840082292e-01
-5.508946041834603680e-01
2.127862140851363160e-01
2.399193164897575892e-01
-5.843366763095592109e-02
-1.697709797966242273e-01
-3.731289010929661476e-01
-2.439231415817839921e-01
-8.431197330189876826e-02
3.310609949248505268e-03
1.606448051532013421e-01
-4.479594155833993563e-01
1.594112466230020453e-01
7.925958752652154105e-02
1.535995659754110509e-01
2.127580517985089292e-01
-2.122962124581553867e-02
5.153584551589028839e-01
4.701801435681594032e-01
3.168723748317596733e-01
2.040686029683337899e-01
2.487053397311938530e-01
5.600946375477235811e-02
1.166012942313791878e-01
-2.525537524833755265e-01
2.019604470455552969e-01
6.048479963623941691e-01
9.749340982532903044e-02
1.713821742982850338e-01
4.538289887243279752e-02
2.444782365041239802e-01
3.439794792760329095e-02
-1.314178933641303171e-01
2.284449242812262859e-01
-1.393092305404364795e-01
-3.479487250312678082e-02
-1.399789288047521840e-01
-2.151759535073141105e-01
1.784832625986221000e-01
4.925928134771463407e-01
1.604319403337932104e-01
