3.063532281342463970e-02
5.077012958074468563e-02
3.370592435205101989e-01
4.680651438877687226e-02
-3.499555027934703189e-01
-2.173938138152343991e-01
9.374981235484336484e-02
4.511829636973883062e-01
1.618058995849560588e-01
-3.462065027921577554e-01
5.081711469107167423e-01
-2.759440045532613461e-01
1.243030014817175233e-01
1.782425421172230684e-01
-5.267918101496809474e-02
3.077662676889250104e-01
-6.743123489992602915e-02
-1.341965854353809884e-01
-2.754853431889737747e-01
-3.184224396056423156e-01
6.226995666088941395e-01
-2.720109916691474949e-01
-4.128765718240573479e-01
2.475679649785214875e-01
1.456446513267600773e-01
2.034565670668161963e-01
-6.041006728575096796e-01
1.351728161392418692e-01
-5.947206247581449112e-01
-1.885503698890411695e-01
-1.406638347439562453e-01
3.244839327492593517e-01
7.081014158588384844e-02
-2.593286884117612101e-01
9.776227360641841224e-02
2.990448780785062155e-01
-2.738252976950054096e-01
-9.827999442329637958e-02
3.326263746594744497e-02
-3.647129750678153037e-01
-5.688387152555623993e-03
2.398696152317739971e-01
1.555516625993468294e-01
-2.327827873031434458e-01
3.903861394280652153e-01
-2.619391185460850924e-01
1.892401521090583960e-01
4.739409646847955737e-02
-1.848704232636014522e-01
-4.788947921623257220e-01
7.408689020087405597e-02
5.128424935187972933e-01
2.396580969441655107e-01
-1.890903888755559870e-01
-1.817481564902063973e-01
4.780225511700597618e-03
4.995614428761546710e-02
-2.975387875916461755e-02
-1.000000000000000000e+00
1.678352737817142559e-01
-2.210145772639425243e-01
1.286813131572895619e-01
-4.172352601779781289e-01
1.223796527081880969e-01
1.601395718615578612e-01
1.221869800165351072e-01
-1.153815234013403912e-01
1.471885118880982279e-01
-3.013342440824733348e-01
-1.884109217843057682e-01
-1.060443949707398914e-01
2.085941085600545031e-01
2.288444616857930602e-01
-4.996672647956115210e-01
-4.975549881664959040e-03
3.503236764949060889e-01
-6.657410160357273288e-01
3.191471830801054232e-03
5.621630258254253082e-02
3.075515184353377895e-01
-1.006649228942996105e-01
-1.986920911991839345e-01
2.241345851927724064e-01
1.412652587376050373e-01
1.245729355524760884e-01
2.505785235480937345e-01
-1.834871335100589362e-02
-2.183630830001996037e-01
-7.276691817809204099e-02
5.999691798551997080e-01
2.680591695476001735e-01
-3.120929890857730982e-01
1.843128154714895328e-01
6.889995576344941641e-01
2.906045352599817555e-02
-1.384910750868424134e-01
-4.879247568923355538e-01
-6.422576584012905376e-02
-3.762199751807671078e-02
-6.301735468204602841e-02
3.079522976173309501e-01
-5.920080655793005242e-01
1.362822977091811966e-02
2.294893588539571594e-01
6.502372496498488863e-02
-2.718649704174302961e-01
1.729337023395626782e-01
2.369134209975293781e-01
-2.207608130941574043e-02
-6.836112344500009375e-01
-6.231501089010531569e-01
3.164868186522499238e-01
-1.246535521645321942e-01
-4.408416313675045384e-02
-8.243501916870540902e-02
8.614089795838031360e-02
-2.266626986874348271e-01
2.121312923290200048e-01
-3.431709720717127654e-01
-4.207403795057205742e-01
-2.066728367573333058e-01
-3.329078490258092771e-01
-1.151012409593803604e-01
4.129385090886676379e-01
-1.531249874693425272e-01
-1.212618653448619133e-01
-1.754187179918609840e-01
-2.715430437779619011e-01
1.582322229985257678e-01
-1.485327443107002932e-01
-2.264107647192111217e-01
1.668587376116532073e-01
-1.403793326577235101e-01
2.146485949954944628e-01
-1.890721928853058009e-01
-1.710396388898292597e-01
1.186666868160280441e-01
7.589555893435062650e-01
2.926224703347789224e-02
4.670943055775117481e-01
-5.006696135726347308e-01
-3.163704569970569591e-01
1.662400954380225948e-01
3.486031514216930693e-01
-2.250779028736218379e-01
5.154808115895720411e-01
2.980223469221617294e-01
1.318725944832643826e-01
-7.408196052926754871e-02
-7.978194442606687531e-01
-2.760026260770145345e-01
4.563262427137006472e-01
3.555466340664559244e-03
-1.999125993268336399e-01
-4.394655791202265460e-01
-1.014600740516625604e-01
2.932313609712370317e-01
3.073423891454042378e-01
7.523035747643458393e-02
2.676856408316560104e-02
-1.628997406992740982e-01
2.953087996459005660e-01
2.364746595531132534e-01
3.116727844313055829e-01
2.113575103818841339e-01
2.624309884916680158e-01
-6.080606571491240508e-01
-3.036969392258713762e-01
1.021202118369922140e-01
-3.600281146701695967e-01
7.751171170003710864e-02
-4.009310925068195752e-01
1.594449921932970249e-01
-1.252068327052542895e-01
3.204019640493259158e-01
4.951475681987627109e-02
-6.174945918700143199e-01
5.245332864706400144e-01
1.733753842258976829e-02
-3.658647497289938544e-01
3.184783699496557818e-01
-1.922521316617649412e-01
1.230040854965253894e-01
-3.594275528205496673e-01
3.984191470854118178e-01
9.525182920646238505e-02
-1.152557148879380239e-01
2.225376925256808136e-01
3.915399381125483358e-01
1.783240923177109027e-01
1.079264044347985618e-01
-1.146930411753728507e-01
1.774667259088389681e-01
-1.025997517044708457e-01
2.635473151605654540e-01
-2.829297712333052606e-01
8.241553486020196384e-02
2.830667696774147868e-01
2.349179999611527292e-01
2.093014947249361990e-01
1.111470493600474480e-01
-1.211438837097511267e-01
-1.057462356589506519e-01
2.440369286229304990e-01
3.731037441308455715e-01
1.698826064102600397e-01
-1.655047212813747989e-02
8.430347425812277640e-02
-3.993871669815275416e-01
1.329491133808535785e-05
-7.304382539644369565e-01
-3.762314165334131877e-01
4.824855525865235917e-01
1.440737113842318617e-01
8.952135910790041951e-02
-3.310203252721989342e-01
-3.758575094968634178e-01
4.549230545455509866e-01
-1.278235941187846614e-01
3.578301505699392759e-01
7.125006018864663004e-03
3.231983364249378932e-01
3.109440525219707707e-01
3.662807988057802944e-01
3.683081505331143868e-01
-5.843914438357636909e-01
2.469241042057271629e-01
2.412335009072597847e-01
-4.218757977884767668e-02
-1.864423137832290356e-01
-3.788164593659999468e-01
-2.886108265040221443e-01
-7.771107829872603290e-02
-1.314232150228544782e-01
1.969788834236441688e-01
5.448059529703171144e-02
1.486784939554158802e-01
9.365526643404732676e-02
6.064035580092602684e-02
3.638234766667701736e-01
-1.325199234829665396e-01
5.382050811866030404e-01
4.774753098642264271e-01
3.546676161177767517e-01
1.918562529797642746e-01
2.538372725288648990e-01
3.509806955652495369e-02
1.579248603713434562e-01
-2.659967091026577135e-02
2.750583594518251629e-01
4.513116649791372170e-01
5.891154963000494460e-02
1.736238078029772036e-01
6.046346565399335349e-02
2.911004424931952772e-01
8.610407195394069457e-02
-1.620765545590827084e-01
-1.603437849279895633e-01
-1.820949569132134516e-01
-9.577488511015488926e-02
-1.876170091520356908e-01
-2.151581228614025398e-01
1.784832625986221000e-01
4.925928134771463407e-01
1.604319403337932104e-01
