-1.017649097857581814e-01
3.223773568624408448e-01
-2.351883552571298885e-02
-6.771119406180235722e-02
-4.718990701673089760e-01
-2.245342940587117808e-01
-3.762766003305250545e-02
1.247973127536967791e-01
-1.973892187003667420e-01
4.582651211074022235e-02
4.319633747634078480e-01
-5.926662772132887391e-02
-1.685175099647840402e-01
-4.659589804552398129e-01
1.975995654602302753e-01
1.490041071810814244e-01
5.168275239665069687e-02
8.419326773845725587e-02
1.445071670939469116e-02
-1.652815641359599574e-01
-2.288244764835898892e-01
-1.264009261993758425e-02
3.748419102408043213e-03
-3.636961223478174521e-01
2.550071985715861023e-01
4.977129206593539634e-01
2.290659825811411920e-01
3.515764379020058089e-02
-1.743689091866505447e-01
6.692011009961157386e-02
-5.943857445120084293e-01
-1.352691880642787337e-01
-3.167630075462345984e-01
4.436035733359855460e-02
1.135969074747030655e-01
3.069419868404882346e-01
2.058443963310332414e-01
-4.514039285113343181e-01
2.779596873819657477e-01
-6.368895587994978513e-02
-1.845123555731113252e-01
1.459459353217681943e-02
3.109496283360348862e-02
3.654366566564100638e-01
1.795421275721983401e-01
-1.387793163041061428e-01
2.294474538477333514e-01
2.965534492250096466e-01
-4.840497281947025998e-01
-2.674873672275165370e-01
-7.261528958153199431e-01
-1.292807599384155071e-01
-2.935942327986985623e-01
2.336238251079716388e-01
-1.978900452262901954e-01
2.920971045555485479e-01
2.833865229730502810e-01
-1.485454221332718205e-01
4.986017770504751478e-01
-3.311949480906973275e-01
3.621850730813380714e-01
-5.311012150150344890e-01
-5.995358683944957967e-01
2.662274191527484457e-01
-2.733863182165746641e-01
4.796055853112209943e-01
-1.573082450171427171e-01
-6.484460824403450729e-01
3.295020869538422409e-02
-4.712626645767796219e-01
2.285898281265210663e-01
-2.737059693661865745e-01
-4.665668180754508620e-01
5.034540029238069453e-02
-5.036331782259998446e-01
5.277791315625240953e-01
-2.175819421329773795e-01
5.581318210966599302e-01
-1.139012128086896725e-01
1.710819080877413190e-01
-1.844474064843278360e-01
3.788289187729240726e-02
-3.449595913169739569e-02
-3.683454217174359502e-01
-1.710993270046525239e-01
2.368382580672427282e-02
2.499418198405858049e-01
-1.651263620141573685e-01
4.060316462281197136e-01
-2.924037344613165668e-01
-9.375899770345910711e-02
-2.287206813207497136e-01
-3.193009047755869245e-01
1.483091177947027106e-01
2.073715234224677850e-01
-2.048257983636712354e-01
-1.343193449927017336e-01
1.347509167471409586e-01
-1.794271787283734099e-02
-3.394939180815653157e-01
-6.089139177669769531e-02
1.598933639326786948e-01
-1.331869318473322961e-01
-6.342053498179629767e-02
-3.083958502581778949e-01
-1.672984524833381892e-02
-3.387678085067482442e-02
4.887380952153931313e-01
-5.292858362838184227e-01
1.420952785732350621e-01
-3.992931021750353304e-01
9.696217922289607216e-02
-2.659824543702652977e-01
-3.898676273503182688e-01
-2.826200600846966865e-02
-3.279080008133606339e-01
1.481683013429591078e-01
2.606776429427709596e-01
6.412431366653958964e-01
-2.684235291054261618e-01
-4.389064439354308789e-01
-2.845529268579189974e-01
1.675552272117156738e-01
8.061744260844488918e-02
-4.160226063918944783e-01
2.574361473769963271e-01
1.080865980923643166e-01
-2.070347274308995955e-01
-9.268991218324060255e-02
-5.718870058637928050e-02
3.233872168653216805e-01
2.268700012525025067e-01
1.424850625124796655e-01
-8.191329691723112649e-01
-5.066361883995887938e-01
6.263650892535161940e-01
8.175485502588659970e-02
-3.454824532982782304e-02
-4.597402219505394849e-01
-5.415352191470643728e-01
2.067299015950629093e-01
-6.745387814889514111e-02
2.635646983240235164e-01
4.588279838455646686e-01
2.250518420426050326e-01
-1.907158461282471018e-01
4.651836541752384369e-01
-5.056913683806627535e-01
-1.693252027131049164e-01
-3.310406210736114851e-01
4.016522653930615361e-01
-3.019250358113236832e-01
-2.591457053781390796e-01
-1.945588652293097631e-01
-2.910733618131063904e-01
7.374342312164554603e-01
-1.485760608726849341e-01
2.917899999165781688e-01
-4.448068681603843944e-01
-1.446602009375164977e-01
7.867559941209109620e-02
-3.924206180648672215e-01
5.691807351473695542e-01
3.307878759059509899e-01
3.103416118795706002e-01
4.274441922987618492e-01
-2.927807649108502552e-01
-3.182435245739811958e-01
-6.283473645874859681e-02
4.635714418148603744e-01
-4.467649810716885911e-02
1.806912434474209350e-01
3.432352625825308978e-01
1.345234884038790657e-01
-1.340351124821147558e-02
-2.061769586025673784e-01
-5.156983762525301218e-01
3.030496654757467989e-01
-6.867865752722378536e-01
-5.159231142939311315e-02
5.757549925318703604e-02
-1.315280365889490675e-02
-6.091584328047998653e-01
-2.173835780672125351e-01
4.040653104057592010e-02
-3.112800604571872576e-01
-1.571543854569247278e-01
-9.935019177365804754e-01
2.245693241454174427e-01
-6.701795095151950876e-02
-2.019363691465619060e-01
-8.843235327245600741e-02
1.596174050375364639e-01
-7.123540483773738163e-01
2.234212860083786834e-01
-3.849354378540690291e-01
5.289553260458954020e-02
3.369632491030236654e-01
-1.228794149593920304e-01
4.315995951942737108e-01
3.563874993468112429e-01
4.583765139854579229e-01
-8.371082096152549640e-03
-4.056720105445238422e-02
1.957282496252244208e-01
-8.353572738360523497e-02
-4.465300114168168077e-01
-2.022441247240439610e-01
5.819324094882394327e-01
7.645583177729765589e-01
-2.637564143700766861e-01
-6.287133344680466418e-02
-3.596934094873202037e-01
4.172512305412403588e-01
6.772889260753225393e-01
-2.827737395364219308e-01
1.898569311820126337e-01
4.157224442957736105e-02
-4.273585822406658075e-01
6.792946363060065051e-02
-1.540050252054027402e-01
-6.977662612629735861e-01
-8.591329290333493685e-02
-1.996345023670952068e-01
8.104151829318806399e-02
3.971244021969135285e-01
-3.429310539075867692e-01
7.208510953433965307e-01
1.754411846079245163e-01
-5.538168797396566534e-01
-3.728598939313360061e-01
-1.487854563564112442e-01
-2.348649086494501992e-01
-1.293391694736053046e-02
3.376479430205449606e-01
1.145969477573269280e-01
2.246289874549183274e-01
4.016052510978118661e-01
-1.079629624743912442e-01
-2.211307072775854921e-01
-4.025620746599934963e-01
3.784610029576587209e-01
3.579421816495771402e-01
-9.145285268116627730e-02
-2.702359219610097618e-01
-2.597138294204014430e-01
6.522104898618580338e-01
-4.418725463209789983e-01
4.383665331247772468e-01
-2.456252048916368891e-01
6.430189773046068868e-02
-7.511819451139514769e-02
7.064567041391132118e-01
4.336516477696844563e-02
2.989215660167073713e-03
-2.892400398370390535e-01
-8.328866599361515188e-01
1.386820264736395580e-01
8.101897225037546502e-02
4.922104906000606128e-01
-5.799045689935845571e-01
-3.940526895914853167e-02
-2.513681161032920719e-01
5.168698667019488990e-02
5.612925193075766206e-01
