-4.972732189799642516e-02
1.190622024533828927e-01
-1.000000000000000000e+00
-4.038803419214498924e-01
-7.652542924595535645e-01
-1.761348942504046278e-01
1.676190426776833775e-01
1.159507814149536575e-02
-2.215892505692402537e-01
3.953419504887639713e-01
8.602141932551037318e-01
2.601072868828291917e-01
-5.065928929830498806e-01
-6.167265719101515664e-01
1.940433258351648704e-01
-7.107049946910923288e-02
6.675977662353654862e-02
1.131809193673915803e-01
-1.572279477506994261e-01
-1.052575541107991786e-01
-5.496720478881327310e-01
3.911115387507740904e-03
-1.907106172056597382e-01
-2.466691744491144034e-01
-3.301986771323811576e-02
4.302089840557191680e-01
2.190994590579060097e-01
2.365869056828817096e-01
8.127798467329555576e-02
-8.268762789059685980e-02
-3.435367637933554041e-01
2.066909964553553247e-01
-4.962300231993668209e-01
2.554238924669233884e-03
2.221895681442086490e-01
7.014106220485338827e-01
3.645779435278608260e-01
8.950720119984217904e-02
3.915957965446238420e-01
1.234901520322442547e-01
-1.995383816867681015e-01
-1.288050452783277566e-01
1.374282560021158062e-01
6.391876624936619899e-01
1.884071449289344002e-01
-1.397989171123511787e-01
2.352211899705232978e-01
2.763866152206817528e-01
-4.557558297290415505e-01
-2.675410582914677371e-01
-6.552218781419626437e-01
-1.331764022199789788e-01
-4.215750650028291524e-01
2.338969917194043679e-01
-1.972800570990763669e-01
1.918768563259181104e-01
2.167405389080777622e-01
-1.492502105253019073e-01
5.007091987312319858e-01
-3.314278421309597711e-01
3.633397438148250336e-01
-4.452248537741644308e-01
-4.133768701701394099e-01
1.614722171718662724e-01
-2.625978591715681376e-01
4.828533526893655781e-01
-1.244894365338232167e-01
-6.512933935215602377e-01
3.374096450920366363e-02
-4.725467939312973931e-01
2.820089638449974623e-01
-2.804519294277739716e-01
-4.955610385555030972e-01
6.102223566648726227e-02
-5.822595439547755269e-01
4.815518472214015411e-01
-2.123781174547937078e-01
4.709779498969648426e-01
-7.612884794707461267e-02
1.620949671298365369e-01
-8.343591318167498105e-02
3.764065444239795416e-02
-3.428213879777523843e-02
-3.352119617434741183e-01
-1.664969852245125614e-01
2.309450620416805128e-02
-6.293927546946093132e-02
-1.446156299993546224e-01
4.048269676142374762e-01
-2.918188020972913299e-01
-9.350103145485150202e-02
-1.526850664721871309e-01
-3.328337561267580846e-01
1.485460694301613538e-01
2.066409641054471613e-01
-2.048441444724560245e-01
-1.325579060076907401e-01
1.296638002580413063e-01
4.650838626051256863e-03
-3.399925656837136101e-01
-5.126833859955361172e-02
1.593403095599786323e-01
-2.212365299753006886e-01
-1.485484944595480139e-01
-3.253692276103541947e-01
1.485804385613854195e-01
6.001650613242509591e-04
3.610649925212201516e-01
-4.942564360818220703e-01
1.001973574455094634e-01
-7.786109300592566895e-02
9.713357965134336580e-02
-3.046319097499611273e-01
-3.836697865482206482e-01
2.150830096973958133e-02
-3.235633323832120545e-01
2.044737166364228864e-01
1.770415922549450349e-01
6.429516783224873411e-01
-2.709031579628379816e-01
-4.395596743296353859e-01
-2.856091888170043669e-01
1.757719481436216258e-01
8.206671506973936547e-02
-4.191250645964252897e-01
2.575099589020397040e-01
1.098863941579175940e-01
-2.089406587756111044e-01
-1.378016770988569339e-01
-5.951900822190665102e-02
3.248706817285333392e-01
2.157139893192204227e-01
1.429898310367873349e-01
-8.230126242689316252e-01
-5.134338848076915873e-01
6.428173272664340354e-01
8.242400785310156908e-02
-3.320907411012249955e-02
-5.292962705254117273e-01
-5.433764368289545343e-01
2.458604996904904805e-01
-6.606369998268198096e-02
5.675101078374804320e-02
4.633824477044573009e-01
2.624108282975825546e-01
-2.319126899847493151e-01
4.696154915821491027e-01
-4.541100287887865905e-01
-3.386351453909786091e-01
-3.981696531089722324e-01
4.046324638223078862e-01
-2.972005915500918749e-01
-2.757003095997350162e-01
-1.939821326884784702e-01
-4.687948326370519059e-01
8.841731320836638819e-01
-1.319983421749586494e-01
2.939072495668387797e-01
-4.483395036462889394e-01
-1.470111299726667431e-01
1.024311661232862880e-01
-3.978124932228801480e-01
5.738488945258388707e-01
3.419401916044836898e-01
3.130962178981930855e-01
4.131429994062685851e-01
-2.954772480984549921e-01
-3.406735051459054420e-01
-1.668235678147079459e-01
5.475184599064280011e-01
-3.909622068856957733e-02
1.786441178051746126e-01
3.153755321263907452e-01
3.965261841917762098e-01
-1.005865613646082790e-02
-7.927683654544057101e-02
-5.252552028089271241e-01
3.700409769896438883e-01
-6.076629711460197480e-01
-2.777775390208712947e-02
5.648275282986135043e-02
-1.279497220479941522e-02
-6.124966354400815938e-01
-2.176886090313100153e-01
-2.611660669902982068e-03
-3.138256083015188991e-01
-1.477318014409403357e-01
-1.000000000000000000e+00
2.250674197314402880e-01
-1.296820619221425164e-01
-2.013263910675578416e-01
-3.886866759382276437e-02
1.324209642430607126e-01
-7.059038868657663279e-01
2.246774799162411518e-01
-3.434098437633656964e-01
-1.813388222366302260e-01
2.708496375531970202e-01
1.041933002899039784e-01
4.350029927252361817e-01
3.707479188272090331e-01
4.255137020931640812e-01
-6.646548324099165427e-03
-3.816580386033127659e-02
1.978876975977368335e-01
-8.510754403677132929e-02
-4.507842662546315826e-01
-2.036748648656847571e-01
5.843320163529657219e-01
3.956004158362838030e-01
-2.654666231184205638e-01
-5.543975360671869745e-02
-3.382571110368778333e-01
4.190782798785638308e-01
6.806161980971932035e-01
-2.851951375727604376e-01
2.563478994228913233e-01
4.860207836293127526e-02
-6.199806955285724896e-02
3.903475684606708684e-01
-1.529131855072198565e-01
-6.996771230271940922e-01
-8.490392383990914837e-02
-4.153165107382192911e-01
8.061775737719359403e-02
1.337943571726394609e-01
-3.967339479508996680e-01
7.278956357566641611e-01
2.144160125400129957e-01
-5.586248202194792345e-01
-5.122057585774310029e-01
-1.526023561913649462e-01
-2.400770725037789655e-01
-1.683597613918286912e-02
3.447804953715767340e-01
1.150602738752053433e-01
2.303667974132018736e-01
3.589196463825574668e-01
-2.011263438731664133e-01
-2.273378172946344256e-01
-3.194226791963297174e-01
3.722999325074283217e-01
3.590805254968026938e-01
-9.301153925561757296e-02
-2.711333476240038731e-01
-2.600706604137718037e-01
6.288310614297869527e-01
-3.871882621026611071e-01
4.253647650784214695e-01
-2.464644510956901235e-01
6.334322794098841414e-02
-4.638708073179526048e-02
7.126151541787212329e-01
3.895085761565925120e-02
4.743196405872954907e-03
-2.861091787728121671e-01
-8.380531656487831826e-01
1.683300633810872748e-01
8.214267623729729073e-02
2.746777227872345128e-01
-5.833756148384873219e-01
-2.105607542951438149e-01
-2.701807288024514753e-01
5.262301946365030569e-02
5.638584828933606019e-01
