1.155355021253215986e-01
6.034806882645697979e-01
2.193509659575599846e-01
1.571770797879935566e-01
-1.505294264888133171e-01
5.477706278922735150e-02
8.328335561783327401e-02
-4.005946987803725434e-02
2.358067652296218508e-01
4.088042747955009104e-01
1.900575539809213066e-01
2.916339836407057587e-02
2.935228231303606550e-01
-1.616015968212657361e-01
2.478843440004966647e-01
2.265720987841814416e-01
2.765430219945512746e-01
1.558823693595604576e-01
-5.508270350343923427e-01
-5.978111130582197674e-01
1.571466048944807348e-01
1.136168270325498830e-01
-2.013327229383027883e-01
1.606390391728563516e-01
-3.919397366132922056e-02
-2.422199422041094730e-01
-4.267331891052339454e-01
2.097080239132000368e-01
2.674155504238819869e-01
-1.767770895362874295e-01
-2.094470554788309402e-01
1.730730992754353770e-01
1.835463855617854578e-01
1.280132848914856125e-01
-3.650507733300308033e-02
1.560923360873835430e-01
6.188912038004054095e-01
7.558067662286049870e-02
-3.443120203621146680e-01
-3.641609883162253980e-01
-7.125992895101154745e-02
2.525217311345223092e-01
-4.215397895630405845e-02
1.537830676146255959e-01
2.759780094520883353e-01
-2.637445192493939050e-01
3.766531849703921297e-01
6.157518474704053446e-01
2.152267133418087619e-01
-3.037848445813912668e-01
-1.693124548761353321e-01
2.010764847441846304e-01
4.368894096901457802e-01
1.382332500008047749e-01
3.540239514737013038e-01
-4.568737390540752452e-01
1.032543300704903411e-01
2.463527126170207415e-01
1.843208457728294503e-01
-3.718493588399747196e-01
4.013434400606732955e-01
-2.594324988873664140e-01
1.973347527201251561e-01
2.306780612212321335e-01
5.447786697024687985e-01
7.827497449964158915e-03
-4.177307960962981515e-01
-1.551225626618620290e-01
2.171938239529669912e-01
-4.904438814153365689e-01
4.309161353809220357e-03
6.023128354385345884e-02
6.090664265427865320e-01
-6.635512165816168650e-01
-3.242719754571037893e-01
3.102586241128937328e-01
1.200043040306280062e-01
2.077836604787265951e-01
6.113520209107479175e-01
-1.143432522395869955e-01
1.683718243371175316e-01
2.490464571602062360e-01
4.109494341264911532e-01
-1.650179132278722649e-01
1.369974356015936645e-01
4.786643287175543771e-01
-1.820513582532724828e-02
-4.009755935319966325e-01
-4.516505355306481562e-01
-1.189901111003151407e-01
-3.743293530168630423e-01
-1.493546884373777861e-01
-1.731036451720198988e-01
-5.001960592569550113e-02
5.303751456154782717e-01
-2.533115793279414607e-01
-3.597134123513219262e-01
1.062055697668872478e-01
-3.162747877757131620e-01
-6.227947819803453244e-02
9.227213316860945203e-02
2.288395640079823323e-01
-1.126779328925183940e-02
-6.037087961317989804e-02
1.452408269829508908e-02
1.957814676070162019e-01
3.166891517449509919e-01
1.096836085513921005e-01
-1.714816168901833193e-01
5.564267234348132529e-01
-8.224844070095872761e-02
-2.750506067018615997e-01
-7.759571539747406321e-03
-1.175384352691656309e-01
-1.808832297495001629e-01
-1.804415537689950666e-01
1.657093056557710220e-01
-1.556060605270045138e-01
-3.543220662912829333e-01
1.418721216337742452e-01
-2.005220349178591169e-02
-4.440205893557153116e-01
-1.730179819897898971e-02
-1.308804728417080065e-01
-5.993488446464615427e-01
2.085897429100288525e-01
2.323300771440447443e-01
2.267227040045936004e-01
3.296851419909252456e-01
-5.644243193280187310e-01
-8.443812915712237133e-03
3.040056949530003383e-01
1.072037689748646799e-01
6.100601338394803091e-02
1.552739696762002741e-01
6.123302629283654958e-02
-3.877099362645471115e-02
-2.667036896025040682e-01
-2.674657069514811969e-01
-3.913995736660270675e-01
-6.128675678389680637e-02
3.529581829735263521e-02
-1.952586342048064361e-01
-1.043170780031272005e-01
-5.129390743342074344e-02
5.184099997313529329e-01
5.435551249616711600e-02
2.389099115424599129e-01
-3.041247034116523196e-01
3.625700097555413226e-01
-1.916120871715488450e-01
1.398668157837327231e-01
-2.130634257750641802e-01
4.182656002897027631e-02
-1.472794577085269063e-01
1.239354983531125165e-01
2.005522115510573189e-01
7.131038125225058755e-02
1.458210267603072402e-02
3.632003578257966825e-01
-3.546440883555702916e-02
5.772614256458821203e-01
-2.671770378448991012e-01
-5.675200036373256873e-02
3.560302592149070522e-01
-3.050841995330558776e-01
-1.320227599659722084e-01
2.157809918743403554e-01
-3.827785672084819124e-01
-3.330803886853055118e-02
-5.836950956806435942e-02
-1.004723534964294951e-01
3.001867336932594887e-01
3.592629088057124748e-02
6.102925782154181022e-02
-4.261639567259403183e-01
8.871858093219475716e-02
1.510168682349049829e-01
2.672477600568702316e-01
2.859779495061187671e-01
1.010404726376249590e-01
6.101941377711453396e-02
-3.329264406408907195e-01
1.526856566926842740e-01
2.510852186256761764e-01
-4.579210998325413673e-01
-1.209550797135922756e-01
2.645379433795357754e-02
3.297968438565061777e-02
1.276539399610582548e-01
1.692318217570655814e-01
-3.696299739591532574e-01
-5.164882410546266511e-01
6.066621056578180848e-01
5.770027809057289847e-01
4.789844841445380086e-02
4.718568088431517871e-01
-1.393559954711025561e-01
-5.128300926051693187e-01
6.639443561546781725e-01
-2.015069237841284333e-01
-2.460738131206236523e-01
-6.812610523114922545e-01
-1.008379850051284582e-01
6.491239580552827793e-01
-4.621022596795456572e-01
2.055339959887224899e-01
-3.661234278105919282e-01
-2.122509800305947825e-01
-1.660139938261514236e-01
-2.013108433945911546e-01
-4.444011222303917430e-01
1.176919174299665694e-01
-2.919373467161124891e-01
-7.188047859771552750e-02
2.192652454142730162e-02
-2.625878414335967581e-01
8.919569263338823772e-02
-2.407123739860886624e-01
-2.402292767749205915e-01
-6.856859625322270224e-01
3.391388700702991921e-01
3.013977923263758685e-01
3.602626841984998829e-01
-1.217127927038500201e-01
-4.461099859610979657e-01
-1.579572981266468001e-01
3.199742927507299162e-01
2.592341099555824369e-01
-5.716492043733283346e-01
6.558111617345901978e-01
-4.275631207048796734e-01
-1.637886420444395474e-01
1.218150252041356185e-01
6.363016649526642698e-01
-5.194454665244829794e-02
-9.636234398497971476e-01
4.527437319728755405e-02
7.749938468025321381e-01
2.980776012413595133e-01
-6.198763364436477019e-02
2.648642886769872473e-02
2.982428348752823588e-01
-9.962730353031776787e-01
4.486633505172776260e-01
1.512661216343372250e-01
-6.802265124055747458e-01
-5.668200163875896092e-01
-1.340348312182554902e-01
3.160747962120173393e-01
-9.204889617617580955e-01
7.663364433892709826e-01
3.169800235666281885e-01
2.862128827901920247e-01
-7.674087420488634459e-01
-5.074412296771744213e-01
-7.352317901969304681e-02
5.801807397619902495e-01
3.018144311867215213e-01
-1.782110389674207429e-01
-7.348710505870030829e-01
-5.481334240997056684e-01
-3.843474905785583262e-01
4.946524664443743280e-01
3.315396659375305366e-01
