-2.055278102567374143e-01
3.417800925760917097e-01
6.538458566240644698e-01
1.759805371238669647e-01
-2.880936289031280073e-01
2.026541626405188312e-01
-5.978156234639253608e-01
-6.929516436567759730e-01
2.642566716285958961e-01
4.084927185659276150e-02
2.579326805677047973e-01
3.974989942731992909e-01
2.241587059165317253e-01
1.657272274301551107e-01
-9.139268816926185424e-02
5.044541778717976932e-01
3.808802553940369151e-01
-7.263254577483821972e-01
-6.497320153981342439e-02
5.286676899462117163e-01
3.752801300674384888e-01
-1.004838875745039523e-01
5.100125669212695056e-01
1.000000000000000000e+00
-1.460091925554259651e-01
-4.052614642087593588e-01
-5.792247929442376764e-01
1.613846022060408392e-01
-9.895443203877085647e-02
-5.484083032685861392e-01
-2.115314036317048341e-01
5.133158231211443212e-01
3.776189627503971358e-01
-1.180036566842688484e-01
7.337948130786590972e-02
-1.663514297702863853e-01
-3.392718793856966952e-01
-4.638019561025084059e-01
-5.497300514373306690e-01
-8.936280925926333163e-01
6.722999407579817455e-02
2.535053796588225827e-01
6.629157869835831940e-03
-4.304113754354157440e-01
1.620015071552380337e-01
-4.417587974054553168e-01
1.858797138804917370e-01
1.471148988050269835e-01
3.343929830286430094e-01
-9.156673630942276446e-03
9.195294860409219950e-01
4.807688349856051313e-01
5.070269100182759336e-01
1.969497614045918610e-01
3.524321079889367742e-02
-2.270714404092624428e-01
6.692903099535920663e-01
-1.449348948825337213e-01
-2.928492088354926054e-02
5.736576811174135676e-02
5.472975064086783581e-01
-6.154383062074569866e-02
6.079464836847990883e-01
4.348654770879466502e-01
2.998674322231544703e-02
8.222399635877004620e-01
-3.412129620346215919e-01
-3.172747094393368328e-01
-3.111648488219952435e-01
-4.309397281433453575e-01
-2.115389167600237319e-01
4.652335640267540873e-02
-1.146034138711222450e-01
-3.774543602771919248e-01
-3.479371027287067597e-01
6.460189726025260537e-01
1.408026190665719046e-01
-7.364217182813662110e-02
7.773004109165462250e-01
-2.164739707252046896e-01
-2.913338679832411793e-01
1.651721752321421433e-01
5.861539312648059719e-01
-3.819148800137543431e-01
1.088138452239673648e-01
7.366858540152785295e-01
-1.033242865090123058e-01
2.183470730996580622e-01
8.304780277793260002e-01
-7.047455386960191914e-01
-2.699359066162272391e-01
-2.834069771394011616e-01
-3.378086181577268921e-01
1.385288168564993358e-02
-3.308254929496463603e-01
1.102583080330145765e-01
-8.521384633204616144e-01
-4.041134270870355705e-01
6.034392704669433449e-02
-1.954221648612900764e-01
-1.749312195046027751e-01
3.875682459666176527e-01
-6.342591018000411918e-01
-1.153433429300492613e-01
1.388045120800737997e-01
-3.057368449849905412e-01
1.551345348154318793e-01
5.081142465383747808e-01
1.427949543126608434e-01
-4.258320903484943409e-01
-2.258291988372647385e-02
-4.750398604125273816e-01
2.241375230960210296e-01
1.328604703112906127e-01
-1.683854948366013404e-02
3.997305595064855055e-01
-2.145761901328793464e-01
-2.347720785596419113e-01
7.613805676149421053e-02
1.335977569094892181e-01
4.373214121927050946e-01
-4.918707814381492183e-01
2.079110437304489967e-01
-3.003118010986369768e-01
-4.226001718379895911e-01
-4.798649920351759079e-01
-6.820172787931194636e-01
6.175710257420801153e-01
1.608324745055484950e-01
-2.261411948417980378e-01
-2.094443080896397635e-01
-8.481091878765481540e-02
-1.106490976412763810e-01
-3.967486181952396829e-03
-5.402416589417691206e-01
7.062064121866051813e-02
2.045680952239240236e-01
-2.843134210597838551e-01
-3.136895935104004884e-01
-3.730142201890562781e-01
-2.702425224090225508e-02
7.866521726755226762e-02
-3.236510267550898878e-02
-2.077390491440249398e-01
3.068295745381570683e-01
4.634615773513556247e-01
-4.941605083464088027e-02
2.880041025810251010e-01
-4.697009809368424826e-01
4.658263531274919322e-01
-4.996276255692920776e-01
4.782809810859041111e-01
1.464595379571534961e-01
4.017762511262868985e-01
-4.294717403586952864e-01
4.858001181475465891e-01
-4.414837007497297849e-02
-6.772389869462372980e-01
5.616625001841726306e-01
-1.488442631758595813e-01
-2.141825788253775287e-01
6.469112968370664962e-01
-3.052813629332349482e-02
1.395455851099161038e-01
-4.870261311768347978e-01
2.749168315574436472e-02
4.374889236131392911e-01
6.794059263158425122e-01
9.022818500273913078e-02
-7.098894904273246320e-01
-5.258007232376245010e-01
3.122526921693070667e-01
1.687310473582837589e-01
1.033208806513471884e-01
3.884422160281676417e-01
-7.178591214101151530e-02
5.365589531164767223e-01
-7.432781506155666795e-01
5.291229958647876153e-01
9.770149065351955292e-03
-9.421160881977738710e-02
1.477447741399230685e-01
-1.597080173221784305e-01
-4.233059633651834464e-01
2.278411915996522430e-01
-5.838619063012937538e-01
-5.580638721826278736e-01
-4.554260545089358625e-01
4.096888553289495527e-01
-3.494681754590571177e-01
6.403462057588997502e-02
-4.050432344917521132e-01
1.806302731033422870e-01
8.158209378489659214e-01
3.099010151167649330e-01
-5.704356337163182245e-01
8.787085019362822491e-01
-4.030345560199931065e-01
4.148496067548390065e-01
6.409079296590389774e-01
-5.244784703589702168e-01
4.347555880560589892e-02
-4.868429738669434181e-01
-7.568688481657891431e-01
9.888375581589496921e-01
8.345054842014802687e-02
3.227842048346779569e-01
-1.162756489090617379e-01
2.100136357156253686e-01
1.515955436395419187e-03
-6.217863044693878738e-01
-4.283598017031456928e-01
-3.471138192866740635e-01
2.046358682177025212e-01
-3.076431867566253864e-02
1.819350935830610083e-01
-4.520213800115422537e-02
4.645097824758519511e-01
4.144618238438131652e-02
1.583051407499050933e-01
-4.328373937779492198e-01
1.174275814806596818e-01
6.980243258676627205e-02
2.351221589575982207e-01
-1.180568857359620416e-01
2.596617788219138245e-01
-5.923618668987028213e-02
-2.676318167939866627e-02
1.510120978037293726e-01
-4.495802234322999746e-01
-4.869131593222447707e-02
1.488996794993688033e-01
-4.138753639398657924e-01
4.197292690086309314e-02
4.872898758346717180e-02
2.816240648633937527e-01
1.873261580377187929e-01
2.547778035739766134e-01
-4.056008823083500081e-01
-1.808121167294253206e-01
3.725395583345523232e-01
-3.188803925176894594e-02
2.272975178694142673e-01
-6.337206240620781028e-02
-4.225470504532049532e-01
-1.427606087514614319e-01
6.944720594325114182e-02
-5.127030235592293650e-01
2.071878430265346183e-01
-3.291186232890639385e-01
3.073616783517463813e-01
1.329888683154711870e-01
6.631237812166388412e-01
6.320076528839121965e-02
7.698619172767074380e-03
-7.322670160691976959e-02
-6.249488704999972555e-01
1.501849802014727231e-01
-3.422805838770960341e-01
-2.001068447690307339e-01
-5.260515757519049762e-01
-2.673238718773343070e-01
4.429884045228140721e-01
-7.631557885590792289e-03
1.316591295342581791e-01
