1.068071797788251037e-02
3.512883978909140947e-01
5.654973403794738562e-01
-6.350649094588163568e-02
-9.245734799357033240e-02
3.566436779669160950e-01
-3.893008907566755106e-01
-5.260800689503335459e-01
3.024373230435801752e-01
-7.220710275658275001e-02
3.173346055097300833e-01
2.837498633315730934e-01
8.648965717387113727e-02
-2.326590696092807331e-01
-1.369168719487879049e-01
5.544390888243386772e-01
4.744200603765366120e-01
-4.323359810294608585e-01
-1.715303476282334649e-01
4.696117836911267163e-01
3.359439498556895387e-01
-2.267915775639578191e-01
-1.284064213116139219e-01
5.180433471786067834e-01
-5.448605909864248642e-02
-2.991932902090675972e-01
-5.628838279331138672e-01
1.743280125730124197e-01
-1.703484826912016192e-02
-2.487529399758942050e-01
-1.351356230633282696e-01
1.768560046790503548e-01
3.553235959570419933e-01
5.343406857930426551e-02
1.816910450311714359e-02
6.340355582887967703e-03
-2.538011222597114092e-01
-3.811347028253513902e-01
-4.837857782355852732e-01
-7.764146359984642753e-01
-1.016438788277671118e-01
3.771497191059411946e-01
-1.248998719506540789e-01
-4.849440741415326217e-01
1.881995926522276874e-01
-6.620101899115022892e-01
1.409428032946546394e-01
1.971271100195751969e-01
2.103989520787483691e-01
2.577403741281884819e-02
4.000717354698328232e-01
5.068629462684683951e-01
6.705078213375890162e-01
6.085457580145992723e-02
4.940243434549421164e-02
-1.229873282705819942e-01
4.462997206778901438e-01
8.996717084371713691e-02
-8.044459197203021605e-02
8.934995578295960861e-02
1.249540851836836997e-01
1.395510694638406046e-01
8.263923551727836436e-02
1.943430264010990727e-01
1.933430270668403672e-01
5.472581671404168624e-01
-1.532040349140710855e-01
-4.799574577807524944e-01
-5.629285291663593815e-02
-3.192184766574019950e-01
-1.670263865186526475e-01
-7.097915661744236271e-02
1.162759108056967972e-01
-1.309705571816235370e-01
-1.171697238183678630e-01
1.440869190036495329e-01
1.619535507809932717e-01
2.927869135422182523e-01
1.729918169343917789e-01
-3.098360588975420660e-01
1.281976798654563821e-01
2.450409739970788037e-01
3.863993499074522830e-01
-5.953747406050785562e-01
-2.513768263529571612e-01
8.634396165109587962e-01
1.680646103064931118e-02
4.490432441360571736e-01
5.650135739660169243e-01
-7.105817711348610954e-01
-4.076553678785949097e-01
-3.924726101379391041e-01
-2.878696483877762891e-01
-3.875582211089876883e-01
-2.631691082490195122e-01
-1.622422525025959961e-02
-8.356444303306285182e-01
-5.784550604425479081e-01
-4.383087089717504492e-01
-2.377121483820206216e-01
-3.336431858814949969e-01
3.063231881538611145e-01
-8.451240392675279933e-01
3.093514462075244720e-02
4.698623622630138108e-02
-8.396987107399186967e-02
2.462297289070344286e-01
1.518019403970148062e-01
1.360461710626353904e-01
-4.898090448907942429e-01
-1.228109430632492727e-01
-4.800608450271162120e-01
1.142638555999299782e-01
1.448111381443532297e-01
2.188352001649057077e-01
2.281102651745747223e-01
-6.281853357524868064e-01
-3.570778228054006798e-01
-1.868683518867184090e-02
-1.170629871593664717e-01
5.812570638574147130e-01
-2.264427265717342541e-01
2.569687612344623284e-01
-5.419297745878774997e-01
-4.741848628382282493e-01
-6.614072185837551743e-01
-5.061480101648920815e-01
7.020341250587440740e-01
2.685827200591646702e-01
-4.403517563374071964e-01
-1.872950876790259733e-01
-4.518150690054351659e-01
-4.822178561898147198e-01
5.312095786360587768e-02
-5.760676322589801668e-01
-4.916416927763223033e-02
7.117685749903657211e-02
-4.998837716360416961e-01
-2.756328211735959988e-01
-3.700429805733190802e-01
-6.173847623753463132e-02
2.707826141917856200e-01
-2.921136417811338593e-01
-1.766721205866699507e-01
-3.547725418159191485e-02
5.105927972610441179e-01
8.376734901183201243e-02
5.012010066302091671e-01
-5.768539094016846835e-01
7.119605671527552415e-01
-2.970842446135693038e-01
4.982695529582394922e-01
7.155075244890356234e-02
2.076458219420363460e-01
-5.952787072267222701e-01
5.053656963359500764e-01
-5.351220883494216263e-02
-2.784064155248227035e-01
1.453997739899555441e-01
2.464979436282972447e-01
9.087297781819428377e-02
6.125151157056551998e-01
-3.095015771383402559e-02
6.328459793842488960e-03
-4.242236696501279214e-01
-9.293732661954121066e-02
7.084291964473504732e-02
5.935038248987772880e-01
1.364153361108890947e-02
-6.349885415498591756e-01
-5.706594291851277978e-01
3.899445170266543914e-01
2.515413338233739582e-01
-6.304231591422844450e-02
4.567359379305565570e-01
-1.936880129004960316e-01
3.759807045232715916e-01
-4.570405984212321804e-01
6.698765049311923292e-01
-9.073463643373919085e-02
-2.308787202819012063e-01
4.603199443836207272e-01
-3.467903902036416630e-01
-3.651371125793169137e-01
2.411633115422849860e-01
-6.091022872178778469e-01
-4.206092782251620310e-01
1.304803205196925463e-02
4.531568610165374045e-01
2.251452476317192808e-01
1.012910375321501716e-01
-1.104145392793447339e-01
2.796623876547574272e-02
7.810027003685279245e-01
4.269003002425239002e-01
-6.145298493280555441e-01
3.510919523168893885e-01
-1.961585221075871355e-01
3.651567054049060790e-01
7.220349695272966217e-01
-7.666231713571872719e-01
-2.574394043578731583e-03
-7.249864378312065316e-01
-8.607559743218254900e-01
7.907438779760247449e-01
2.020939483071559906e-02
3.594542683671995698e-01
-3.292711732653436085e-02
1.369948924580313143e-01
3.834791248206112502e-02
-2.249455242981376335e-01
-2.873027734692282786e-01
-2.808860617614360455e-01
2.226645289300777375e-01
-1.293564233641376071e-01
4.211284596024329474e-01
-4.235302342695903416e-02
1.418023264119964988e-01
-6.829172833032037815e-02
1.363916547445087057e-01
-3.637996971551916703e-01
2.023101282934395839e-01
1.646764572745880728e-01
-8.100134319358373580e-02
-6.979040019435077680e-01
-4.332707813736785818e-02
1.239207075199190156e-01
4.024304761388877716e-01
4.669308468000979984e-01
4.525126078274474550e-01
3.107354820481599833e-01
2.679391906025679893e-01
-7.800980182794079454e-01
5.509251778506047970e-01
3.004793907462542379e-01
1.725167684572726998e-02
-2.432593127671442979e-01
1.112452613716375244e-01
7.191464955939308457e-02
-7.287000211142979911e-02
6.582442965932984169e-01
5.594697746964964052e-02
-2.183839876198867824e-01
3.106634720573411279e-01
-6.177523116712199114e-01
-5.564511496288526704e-01
1.617412229713280081e-01
-2.865064811896810837e-01
9.251597425866049662e-02
-7.439853525359131359e-01
-1.788469812038589457e-01
3.783850480024946172e-01
3.896297445156730599e-01
6.369650040767225185e-01
6.424800613310049924e-03
-1.416980199084133529e-01
-3.195623503547106448e-01
4.560076262646159395e-02
-4.897392631372247118e-01
-4.013625270145300683e-01
-1.363663437217390306e-01
-1.640005239625501043e-01
2.295325671270307399e-01
2.020483931540088540e-01
-2.516955159711611878e-01
