1.247954931300565007e-01
2.527751009131233295e-01
1.372797241827366510e-01
3.598403524431664224e-01
-1.709628654864865649e-01
1.217842115119285862e-02
3.173167986247609207e-01
1.115463118088388661e-01
2.295328591822219377e-01
4.485784946796692041e-01
1.555296882397506075e-01
-5.394845348425675313e-02
-2.551245448802411803e-02
-1.282948564711679229e-01
3.353739544782324278e-01
4.012558316055035712e-02
2.032934632537023723e-01
4.440306280717956633e-01
-5.905865634767875072e-01
-3.205935306123843254e-01
3.517116874723610342e-01
1.945212710511241561e-01
-2.639361633810574648e-01
3.660014092154556531e-02
1.096632336633263094e-03
-2.517988483511297559e-01
-3.961925386432155749e-01
8.880696433136522905e-02
4.530271327324578712e-01
-1.553431377915117650e-01
-2.309703963754343725e-01
-1.660881155497850870e-01
1.852641593024969002e-01
3.880895845140134442e-02
-5.598013829891985982e-02
1.869282717663234006e-01
5.662089795214720889e-01
2.272845178277966560e-01
-2.004925353899646434e-01
-2.072699255573164923e-01
-5.180496248007900040e-02
2.164752970007291499e-01
-1.713957875139037954e-02
6.900547084429758948e-02
3.159425201675466477e-01
-4.748930555086040145e-02
3.527356565212094175e-01
7.463481997942205126e-01
1.765543079137564531e-01
-4.227163534961170810e-01
-3.842276412251086626e-01
4.963783033393127236e-02
4.223358970649623290e-01
1.620472817687237943e-01
4.641536071214709680e-01
-5.460166501987485654e-01
9.383978458919768617e-02
3.213674732986084859e-01
2.394631492931833527e-01
-7.495220586753847947e-01
4.057957661551382378e-01
-3.854609467854332450e-01
1.327370873677588548e-02
2.383326618213290060e-01
6.552943077512614067e-01
-2.085185547015997176e-01
-5.330596729455530092e-01
-4.949186897977001648e-02
3.313953206899534210e-01
-9.103265113629117611e-01
6.485728125053889792e-02
-9.438282645571413609e-02
7.410698760244408545e-01
-8.473008569178160920e-01
-3.056626556348605583e-01
2.803183996454641225e-01
1.618475884221112493e-01
1.775181048488573277e-01
7.055008018918115242e-01
1.269572800948480518e-01
1.817812690920494467e-01
2.490687113165798161e-01
3.877458387686528729e-01
-1.637281708451147066e-01
1.714274367344478106e-02
4.567073234454813724e-01
-1.764027569468496967e-02
-4.876340280805568361e-01
-4.547880505045693855e-01
5.878867029636600239e-02
-6.893978806035407081e-02
-4.719812482860456099e-02
-6.788741589710514668e-02
-6.885073161157656899e-03
8.466252156251998784e-01
-3.628973275251213826e-01
-2.748944929484940514e-01
2.506952630664997517e-01
-2.832550886800943579e-01
-1.132265087272494100e-02
1.576036255773075323e-01
1.517834635583155678e-01
2.479353285165779852e-01
-1.796305838357908913e-03
3.681586386460643234e-02
2.849738666991310510e-01
2.923918849631286232e-01
-4.642801108121652476e-03
-2.741227680662202681e-01
4.604874832694551001e-01
-2.229124327450482390e-02
-2.597909893851296781e-01
1.134954657347231333e-02
-1.529526756218005379e-01
-3.455820730052694412e-01
-2.958602992690848033e-01
3.817319365157686439e-01
-1.430255132535525608e-01
-5.115018120447794026e-01
1.726711464803246943e-01
-1.263475841696858892e-01
-5.435009731392370647e-01
-9.955242952741441553e-02
-2.171830596625366760e-02
-7.648025656333787836e-01
4.311727870362966342e-01
4.649636127110362560e-01
1.446889074713801904e-01
3.850633634508277559e-01
-6.543806361854695997e-01
7.086814838411094331e-02
4.646437273858420314e-01
2.502672317093952437e-01
1.397220436178027436e-01
3.772575613997080080e-01
3.162432246703715810e-01
4.274822800826437730e-01
-1.457696597141545924e-03
-2.536376588458044701e-01
-4.618426773076190206e-01
2.838930705327313841e-03
-9.622671051496364814e-02
-2.680369934234647089e-01
-8.141853979570826128e-02
3.755280810797512192e-01
5.576795448327951377e-01
-1.068440529998173488e-01
6.315223791697828215e-01
4.331463609484242916e-02
9.883705265644179838e-03
-1.447666038104349351e-01
-4.911705298602326297e-01
-3.160005040681672650e-01
-8.317092556483607346e-02
2.151216123560299176e-01
-1.260700588654684873e-01
3.369904015588073842e-01
3.232590007258239195e-01
-7.888957045079654506e-02
5.101908483763918367e-01
-2.546064720262854464e-01
3.955394834927333098e-02
-2.363369853650610919e-01
-1.139049836144558070e-01
3.790989146421316902e-01
-4.499203913118495213e-01
-3.005419380142910768e-01
-7.417731595616031126e-02
-6.687950412836040082e-01
6.093455280412107822e-01
2.314762989954635142e-01
-4.143971951266177123e-01
3.353921441229300582e-01
3.370963360961990590e-03
-1.836401579558976371e-01
-5.130426292997011251e-01
-2.832135039459932058e-02
5.171132770555240121e-01
1.009993376607843524e-01
5.521674941527268121e-01
3.164280540270630881e-01
-7.198669770294066628e-02
-3.328932380889920162e-01
4.536638736242012415e-01
2.777289106323392320e-01
-3.742203971254704498e-01
5.069942043712305502e-02
6.919156310652248287e-02
-2.113057712930606902e-01
1.288101960084719888e-02
2.112388740331616332e-01
-5.265255265039843202e-01
-4.489834242117272112e-01
5.959547847775867879e-01
1.000000000000000000e+00
4.846456810284508476e-01
3.971701946276020578e-01
-9.511976583463907509e-02
-1.000000000000000000e+00
6.872592617659573078e-01
1.369514162438893734e-01
-3.994976490113212320e-01
-7.180961750924159670e-01
3.185930153563100720e-01
5.228327841272250032e-01
-7.581628830629703053e-01
1.379071538588080015e-01
-4.589293342986530688e-01
-5.062931477182976980e-01
-1.909400599539318732e-01
-1.950543171966946931e-01
-6.264731087140431587e-01
4.346394912977062930e-01
-5.008077194562315926e-01
-5.608384624292445803e-02
-1.988595134500014128e-01
-4.086833633335843485e-01
6.081055576308058708e-03
-4.347594087550449848e-01
-4.570570227390444717e-01
-8.263522863789084516e-01
5.650551971135278073e-01
3.047851421414836670e-01
5.491687692181020930e-01
2.601903631595092192e-01
-6.210219763404539739e-01
-2.502705179894643694e-01
5.010267316992800257e-01
1.408311391844769001e-01
-5.716492043733283346e-01
6.558111617345901978e-01
-4.275631207048796734e-01
-1.637886420444395474e-01
1.218150252041356185e-01
6.363016649526642698e-01
-5.194454665244829794e-02
-9.636234398497971476e-01
4.527437319728755405e-02
7.749938468025321381e-01
2.980776012413595133e-01
-6.198763364436477019e-02
2.648642886769872473e-02
2.982428348752823588e-01
-9.962730353031776787e-01
4.486633505172776260e-01
1.512661216343372250e-01
-6.802265124055747458e-01
-5.668200163875896092e-01
-1.340348312182554902e-01
3.160747962120173393e-01
-9.204889617617580955e-01
7.663364433892709826e-01
3.169800235666281885e-01
2.862128827901920247e-01
-7.674087420488634459e-01
-5.074412296771744213e-01
-7.352317901969304681e-02
5.801807397619902495e-01
3.018144311867215213e-01
-1.782110389674207429e-01
-7.348710505870030829e-01
-5.481334240997056684e-01
-3.843474905785583262e-01
4.946524664443743280e-01
3.315396659375305366e-01
