1.247954931300565007e-01
1.128868439528411816e-01
2.105352907264400608e-01
3.598403524431664224e-01
-1.153151105412208444e-01
6.202811322971472918e-02
3.173167986247609207e-01
1.115463118088388661e-01
2.711219517984220229e-01
4.485784946796692041e-01
1.555296882397506075e-01
-3.114566650047244020e-02
-2.551245448802411803e-02
-1.282948564711679229e-01
3.135528722271179736e-01
4.012558316055035712e-02
-1.281220089530777650e-01
4.440306280717956633e-01
-5.905865634767875072e-01
-3.205935306123843254e-01
3.517116874723610342e-01
1.945212710511241561e-01
-2.639361633810574648e-01
3.660014092154556531e-02
-3.690281065376889713e-01
-2.517988483511297559e-01
-3.961925386432155749e-01
8.880696433136522905e-02
5.652529266933348229e-01
-1.971501707354544330e-01
-2.309703963754343725e-01
-3.739128345873457548e-02
1.852641593024969002e-01
3.880895845140134442e-02
-1.406068111827142586e-02
4.375526550526835923e-01
5.662089795214720889e-01
2.272845178277966560e-01
4.235034830821929330e-02
2.333282675253861571e-02
-5.180496248007900040e-02
2.164752970007291499e-01
-1.306827443829425284e-01
1.434572292510339908e-01
3.159425201675466477e-01
-4.748930555086040145e-02
3.527356565212094175e-01
7.463481997942205126e-01
1.765543079137564531e-01
-4.227163534961170810e-01
-3.842276412251086626e-01
4.963783033393127236e-02
4.223358970649623290e-01
1.508752470202061602e-01
8.359172952911568810e-01
-5.363264708895085775e-01
3.515994248343627948e-01
3.613166927618407520e-01
2.351376606526975610e-01
-7.333689351349168550e-01
3.623649303889251438e-01
-3.464009603399645920e-01
1.132843320710494317e-01
3.840759654017720237e-01
4.387282991533928422e-01
-6.319371386100219867e-02
-4.381962253270871299e-01
1.257145389197291407e-01
5.436150719991542646e-01
-8.948275768049287482e-01
4.647161539690529419e-02
-1.908952100416055342e-01
6.991164300355021677e-01
-1.000000000000000000e+00
-8.075018258777397762e-01
2.892565795566159337e-01
1.540303078784828472e-01
1.902413268673110169e-01
5.611079264564962088e-01
-6.529397715687626502e-02
2.611715267352332503e-01
2.604230516426124242e-01
3.278776213341081935e-01
-1.735546665166240177e-01
4.684911244214877424e-02
5.380033245079004489e-01
-5.493037833467583064e-02
-6.454279555462367757e-01
-4.849385614342245354e-01
-3.665652868841551976e-02
-8.305435021790154304e-02
-8.451957819310462749e-02
-9.168054325624271084e-02
-8.466967414683654325e-02
7.061945979765937853e-01
3.292061612615829191e-02
-2.501553349448619179e-01
2.506952630664997517e-01
-2.832550886800943579e-01
-1.984682782822957958e-01
1.484139905436447915e-01
1.789664576390935791e-01
1.969937560815219202e-01
-3.560402073512872276e-03
-1.175871286131002780e-01
2.923186011852566546e-01
1.724565717537713816e-01
-1.126713901868385409e-01
-2.707766722364579604e-01
6.190273710629351500e-01
-5.955514616544608369e-02
-2.435922340208006576e-01
1.766906809065672546e-01
-2.030145180172487906e-02
-6.405510850091933328e-02
-3.059013368314471015e-01
3.208895333075979517e-01
-1.524168288189469422e-01
-5.410898822881611281e-01
1.475536884581265251e-01
-1.361309020677478887e-01
-6.505667358151299151e-01
-9.715018355364177238e-02
2.288991267597039192e-01
-9.586226784677623902e-01
2.929426455391792583e-01
5.071996551722585123e-01
1.427977934738303978e-01
3.824070511473179335e-01
-6.613290186668434600e-01
-1.345818007586059017e-01
5.270708320682591097e-01
5.290481186208151332e-01
3.551070310425487042e-01
1.375046285714263128e-01
3.065712405602394330e-01
4.378903465528228289e-01
-2.444305129647196193e-02
4.566980791935450201e-02
-2.325196943478849421e-01
2.267753515113486440e-01
1.606349621728604404e-01
-3.737920592564777933e-01
-9.657868693585949793e-02
3.572115106876443402e-01
5.559795691915975224e-01
-9.768817105451896299e-02
4.666515346750299553e-01
4.096905034625082653e-02
-9.681377379118600787e-03
-1.509920803364259712e-01
-3.874850064521560000e-01
-3.004066310081902613e-01
2.434741754733545094e-02
1.496660218162767231e-01
-1.316680086408139605e-02
4.283450222270400176e-01
2.974310861201692191e-01
-5.889904749487042679e-01
5.231914556055069498e-01
5.410987849106652092e-03
-1.568115864325037578e-01
-5.183776632209938784e-01
-1.080576415270030344e-01
4.142727659159753939e-01
-5.223948866198282470e-01
-2.663306927427409598e-01
-2.559083877662401418e-01
-6.382560565673611741e-01
4.564919735096649722e-01
2.199311125692532121e-01
-4.007421651697002374e-01
1.962784404010209371e-01
3.850140804938517736e-01
-1.490939457191163553e-01
-5.087675815540665392e-01
1.066194743618737173e-01
4.682955436225400558e-01
3.075845467546273193e-01
5.176734900284750696e-01
2.988833343809561560e-01
-5.299194304947181522e-02
-3.405778401703596359e-01
4.424930566181234926e-01
2.721198382731399024e-01
-4.180999514488906721e-01
3.916085541589527791e-02
6.393765005416833513e-02
-1.960715408123895609e-01
-4.245483512880812160e-01
2.111593213869200347e-01
-5.175439248470247167e-01
-4.015230705861686511e-01
6.925353287661345503e-01
9.922312076696896410e-01
4.656030687855262085e-01
3.954966376707830800e-01
-9.457302639457225435e-02
-9.512648639958894980e-01
6.909383249256415560e-01
1.021184714431654927e-01
-4.015719267423514816e-01
-7.084506812984190383e-01
3.234688886141512953e-01
8.486326997675894823e-01
-1.000000000000000000e+00
2.392343469784206089e-01
-4.472509378182397688e-01
-3.950249289459681346e-01
-1.560924060975413807e-01
-1.591345501851799127e-01
-6.316104361363803488e-01
6.944023029854000661e-01
-4.688617005250228509e-01
-5.859930754862061747e-02
-1.753491141120269992e-01
-3.883213305438945606e-01
-1.975530770925899016e-01
-4.162354185881570467e-01
-4.706963993658762058e-01
-7.998069912148124683e-01
5.838759808633768866e-01
-1.331051030699741400e-01
4.347563660821444631e-01
1.874172422242101343e-01
-5.914670932608344645e-01
-2.417013796929617930e-01
4.296484833942699755e-01
1.706019011411478437e-01
-4.979851508760920198e-01
6.263753158582969771e-01
-3.529361114067409710e-01
-2.066775903701437156e-01
1.445397674630100049e-01
6.165500421239359374e-01
-4.861518623735058831e-02
-9.071095004077673885e-01
-1.130386873639536299e-01
4.195244683764999261e-01
2.801462832646879897e-01
1.693684568013185954e-02
2.356044707663056126e-02
2.556289419490390125e-01
-8.768344318533252135e-01
3.492142377542802323e-01
1.035813605008605309e-01
-6.182359564482364789e-01
-5.380236200773811372e-01
-1.168239807796593727e-01
3.316607479428289040e-01
-8.532415721441998224e-01
7.528841038737701385e-01
2.821515500125718612e-01
4.704626214884758406e-01
-7.793285826745953715e-01
-7.901427738643529430e-01
-1.812332728041500807e-01
3.902978293689197686e-01
2.739814338257056114e-01
-2.602067315616181098e-01
-8.479442867891546776e-01
-1.541047290544245163e-01
-3.583305235540251155e-01
4.706422329099836932e-01
3.020138544750612941e-01
