3.092166268319436750e-01
2.912735007368102425e-01
-1.297683616056473088e-01
-4.931915225359490007e-01
-3.365081038685603376e-01
-7.028426389689191867e-01
3.771204295057478117e-01
5.850682250980935306e-01
-2.143568388390518498e-01
7.517317090123725176e-01
2.697495790245038605e-02
-4.903702227536008706e-01
-2.626088244953080353e-01
5.611045358537509742e-01
7.704880715450579398e-01
9.492813069155672800e-02
1.460192549924963501e-01
3.798282417292903612e-01
1.468822613573843860e-01
-2.379433109614302877e-01
2.515494495509663087e-01
5.245610785104708462e-01
-3.237482036382383632e-01
1.502960623771458226e-01
-4.112577766278095459e-01
-1.880859382633917887e-01
1.568829155873379400e-01
6.783488805899690055e-02
-9.500321835609670806e-02
1.468988432690278012e-01
1.147976502261669751e-01
1.790775543156121752e-01
-5.202739332165384756e-01
-9.602231311894618426e-02
-6.063285346715836521e-01
-2.423973409822150482e-01
-2.054047303526401747e-02
7.417154511149746943e-02
5.053673017161211534e-02
-5.196746584909313071e-01
5.092256892244402255e-01
-3.042621823966180639e-01
1.324049827432933202e-01
-3.177310606381474889e-01
3.652644074965252230e-01
-2.008307721965446047e-01
2.022509825825644647e-01
-3.489114328763949779e-01
4.581145390528070828e-03
-1.888624828568328529e-01
2.807357417881427564e-01
1.274605793272537702e-01
6.244363730537217938e-01
-3.933680295217647505e-01
5.446564781431656455e-01
7.378582922912523268e-01
-1.283349441012316405e-01
-3.412488155287343172e-01
1.488969988117900267e-01
-2.958586070947597513e-01
-4.495749111503501982e-01
1.808542457786296853e-01
4.197458314869466633e-01
-1.733774280471430396e-01
-4.339594134526728597e-01
-1.442009371817835339e-01
-2.569917951951456447e-01
-2.202509113209510372e-01
-1.961035512404723513e-01
4.784837803314523352e-02
5.261286998136216475e-01
-5.690281046171037360e-01
-1.000000000000000000e+00
1.020535758482312011e-01
1.086613459443292462e-01
4.740998238062520964e-01
2.796333830541739007e-01
-1.913293259907233312e-01
5.408670609864987266e-01
3.376223543211110401e-01
9.530187554216409396e-01
-7.704143359567853233e-01
7.592292151358516206e-01
-6.901341734621293522e-01
6.211349712855941396e-01
-4.590710355596537284e-01
6.118403356053662145e-01
-2.436064734750106042e-01
4.788036770602146497e-01
-2.883637540023251122e-01
6.134086496357294971e-01
-2.969491210126319891e-01
-9.103059012821530793e-02
-9.812295975744853571e-01
-4.677441234946851933e-01
-4.708165396731682772e-01
-7.395564995203727232e-01
-5.191659886378071631e-01
-3.530106346559643282e-01
-2.710974786575988671e-01
-4.153310134586307156e-01
-4.106453616698110820e-01
6.217036151946822020e-01
-6.389186678636213923e-01
-7.526266137843329318e-01
-2.497683306329661068e-01
-1.373024848344917004e-01
6.659944593486156750e-01
4.168433772415197636e-02
7.616307140898960215e-01
4.058499955435619921e-01
-2.423642110007506734e-03
-1.829253481258561465e-01
4.690822027762746593e-01
5.194904534407825958e-01
-9.661310908459305735e-02
-4.244075676678663589e-01
-1.050893138412690025e-01
4.823727947826030871e-01
1.233362828324851002e-01
4.115211691880299449e-01
1.660203190257268091e-01
3.127664034139526761e-02
1.351562881815695782e-01
-3.875703476841283468e-01
-6.326870963857044172e-01
2.079685503945339353e-01
-1.925306571147734347e-01
1.983065324666146434e-01
4.239221210043924160e-01
4.932838091505541978e-01
-3.079330319570064423e-01
-4.057774684080378558e-01
-1.958719571723566144e-01
1.863589049776081530e-01
-2.927158543812631575e-02
-4.520955567178346346e-01
-3.599349080915775767e-03
1.089123393396108364e-01
2.565400490098243558e-01
-4.904206293743231804e-01
4.652925752399374448e-01
5.769113338571136840e-01
3.408535112294979741e-01
1.647547973795249754e-01
9.717520586749482936e-01
-1.876099164674002173e-01
4.245926906118907551e-01
-1.949815650333170391e-01
2.786727724186965349e-01
5.944814379592045644e-02
2.979325452712996425e-01
4.572116405158009600e-02
-2.019639048137199938e-02
2.508373664970537931e-01
-5.878369775436846911e-01
-4.796255458870405386e-01
-1.295444082721845802e-01
1.327141796680812169e-01
1.798892111800493021e-01
-4.764778733898050178e-01
5.223443506145971638e-01
2.783990753764063741e-02
3.033335444329207098e-01
9.598894209363240115e-02
8.564494408953911009e-01
3.053785823215768302e-02
-3.055746760110299443e-01
-2.616376797634789586e-02
-7.556311363609702347e-02
9.026071454878215050e-03
5.396432390816797708e-01
-5.712137957566785218e-01
2.764365467920817387e-01
2.669925344442909687e-02
-2.420352328227054206e-01
-2.822148821382308159e-01
5.802886208019145120e-02
-5.990150972865017076e-01
-4.925113488698959485e-02
4.794339388011064074e-01
-2.661330920229534880e-01
1.944284070836324596e-02
-3.000758100924129645e-01
1.699669608556806932e-01
-1.016080327167973307e-01
-4.040638892419223249e-01
-2.164454103978827038e-01
2.476473871050866860e-01
-1.068899786667125429e-01
-1.855771118340414638e-01
4.545218329132990481e-02
-1.101194303686452436e-01
-4.882931615600505371e-01
-1.206063873130014119e-01
-4.941405810011223476e-01
-1.858171533390022209e-02
1.194968735913845559e-01
3.756102841445688734e-01
-3.410385700850789847e-01
3.486515088782687899e-01
2.703248456055398208e-01
7.243138837824852905e-02
-5.037298603739895353e-02
4.452754668929942428e-01
5.126275532848589833e-01
-3.009751499922334594e-01
-3.528930836919279557e-01
-4.052722510394747291e-01
1.524560210713533648e-01
-1.819486661589000964e-01
4.630669118832548420e-03
3.159849072159858774e-01
3.155638698411099563e-01
-3.810642714394685271e-01
-3.234399608078014077e-01
-3.862481661559741819e-01
-3.081561867648466291e-01
3.218217612013369866e-01
-4.026287267673376857e-01
3.113616049111929129e-01
4.522424553470674180e-01
4.244380610225069184e-01
7.631207875335601631e-01
8.739472642133877534e-01
-6.216267761791225421e-01
-1.810634238485019920e-01
5.516891286594384214e-01
4.073978693602088585e-02
-1.504037804635441899e-01
-8.259482571155689623e-01
-3.209421290251533998e-01
2.806461848060606140e-02
7.465525465285420825e-01
5.477311491734750959e-01
2.792363109219271888e-01
1.681788662256013811e-01
8.385190208779043086e-01
-6.827834880816758822e-01
-1.035060077382182753e-01
-3.952252903391585415e-01
-9.174092261953914473e-01
-7.688653099099865829e-01
8.029353016528117948e-01
4.971265965632108985e-01
4.098286281102760387e-01
-5.326942201770018537e-01
5.519957499285079727e-01
-2.682272768165774868e-01
9.594699623068021488e-01
6.818804093827508517e-01
-4.959419252126904820e-01
-7.051578360168633264e-01
6.567644453676518834e-01
2.829035756183110317e-01
-7.850662437526012560e-01
3.901816153649730889e-01
-1.670318408908340879e-01
-1.727314478293467404e-01
-3.030984969691917497e-03
-5.300172630984245625e-01
5.386881750856096218e-01
2.050449584841466111e-01
-2.082248880457115980e-01
1.073856161795650466e-01
