3.218401566808238856e-01
4.077937075881535867e-01
-5.843437825139222164e-02
-2.280081697582796996e-01
-3.597909835416810420e-01
-7.114468288866873102e-01
1.793629489293764034e-01
2.751830175101283582e-01
-2.748611463103050045e-01
1.000000000000000000e+00
-1.948116976590117538e-03
-5.782432659940891506e-01
-5.820321805343882104e-01
2.569201455501941567e-01
3.913803794594788443e-01
2.087038391982115049e-01
4.016878072981174830e-01
4.383072758929443813e-01
3.040800374983039234e-01
-3.859673756609391937e-01
2.916819289764232548e-01
3.444858234596381852e-01
-3.335025526634929904e-01
2.849407883440874811e-01
-3.999419739769520810e-01
-9.661170556611531346e-02
-1.188090754472273664e-01
3.160240079882444819e-01
-3.995348812756637780e-01
2.306172922188946539e-01
4.031567351641465735e-01
2.962328084962599917e-01
-5.538078022236643250e-01
1.059615904041416937e-02
-8.864132417499619443e-01
4.627741337702471341e-03
4.120717046585093968e-01
1.174241846663856281e-01
9.488519831264974336e-02
-7.858866736434646505e-01
6.226314743062896229e-01
-3.377063314577846143e-01
2.574892322993767024e-01
-1.306178288137873345e-01
-8.275011238587368090e-02
-1.035237147245342271e-01
3.356553565269855266e-01
-3.423109400592300733e-01
-3.873646887151128287e-02
-1.241222257370667020e-01
3.294444610412962660e-01
1.203465049836824063e-01
2.538724893964595664e-01
-4.651640907920764900e-01
9.137552653683687076e-01
6.697459388180478923e-01
-3.336998208172188840e-01
-1.662618600804776081e-01
5.095466639024994748e-01
-7.081657411714752381e-01
4.271681889082376560e-01
-3.091544374533993222e-01
1.281882309627754013e-01
7.282557827907029102e-01
3.513378663632240606e-01
-2.588540213130269829e-01
-5.046813289903377964e-01
-6.051651094870226233e-01
-9.334238959433026339e-02
1.194006557055097006e-01
5.320238687425491442e-01
-3.797503284258022527e-01
-6.870259666364415541e-01
2.026668912377471710e-02
-6.510513133044515399e-01
4.263031284101802543e-01
-1.153727406714980530e-01
-2.363962277135757128e-01
-1.707612642982736517e-02
3.473164954446659736e-01
8.340639910089691078e-01
-1.914521045103775576e-01
4.418756554425027905e-01
-6.231231630526498089e-01
2.257619233848258689e-01
-4.540566529710380883e-01
3.896128909378997474e-01
-2.984740348925212228e-01
5.430121193199239915e-01
-2.890287363231959228e-01
3.373850996650734069e-01
-6.949645038666256436e-02
-1.565300126055924057e-01
-5.743917401289997393e-01
-2.649635744970172402e-01
-3.255432404083114517e-01
-8.150957833579173251e-01
-8.118339389289104258e-01
-2.037047854960763460e-01
-3.216411357600063026e-01
-2.802485112013745061e-01
-3.338035586472898331e-01
5.862839110749432647e-01
-1.820948995442790430e-01
-7.468607948562241416e-01
5.930901472669444785e-02
-5.782844782810962758e-02
6.835106358872611310e-01
1.625174929619632724e-01
8.545104204197309095e-01
3.973660040289455075e-01
1.067519958099146793e-01
-5.370775211781858571e-01
4.483812288017782755e-01
4.235538842793076797e-01
-1.053378482976481539e-01
-6.923099009526733072e-01
-1.824305176698008679e-02
-1.600853997598837841e-01
-4.020681099472941250e-02
3.084291780651953196e-01
-4.177210107133959571e-01
8.084204001098158066e-02
9.932332851561419262e-02
-2.059823419407181555e-01
2.899522781048324838e-03
2.732296885847441681e-01
8.408820447306268597e-02
9.506446939975576882e-02
5.500667800735978830e-01
2.327909481693522520e-01
2.449713041152812854e-01
-4.980716725760374053e-01
-2.826662890499140324e-01
4.676451180589620837e-01
1.078129852499094959e-01
-4.498122235864000507e-01
1.256306263848525062e-01
-2.264022480923129355e-02
2.927568431990367204e-01
-2.823787161595269768e-01
5.847015390524124001e-01
5.774973998537592523e-01
2.876277755490073140e-01
7.490358943989265661e-02
6.894664086630220012e-01
2.636181996923947501e-04
4.878394795593973821e-01
-2.370188613316559501e-01
2.109674886513392411e-01
-1.020679725800843624e-01
6.234132659127173959e-01
-3.883266624083495794e-02
-4.906127026450212564e-02
5.492855511779810573e-01
-1.597535761052311654e-01
-3.464204570282155005e-01
1.199128259858033285e-01
4.322943744125625626e-02
2.042625133607732235e-01
-6.960255118212763659e-01
8.538668271228238016e-01
3.322593454187217771e-02
6.465449521517032672e-01
-4.337792384222058373e-02
1.777800573343236712e-01
2.620034860773288732e-01
-2.738643204468464432e-01
-5.008857118726776081e-01
-1.367782167532463899e-01
-2.469872121165109791e-01
5.926834387571725538e-01
-6.873435908462967037e-01
3.615326260976539086e-01
1.923835179629174719e-01
-5.890767686335487419e-01
-1.022722994705814459e-01
6.669298737878268657e-01
-2.202928641752984196e-01
5.398517695116316073e-01
-1.272510837575352438e-01
-7.986899457658047652e-02
5.801778154780624641e-01
-8.220132057061464437e-01
6.889881704320329758e-01
-3.164990982852771695e-01
-4.015769006448834388e-01
-4.314291880693520986e-01
5.375461598370203653e-01
-6.849647289887786927e-01
-6.757999535626843524e-02
-1.052918033362039985e-01
-6.831649470277243452e-01
-5.006467501822335908e-01
1.213900886988142636e-01
-8.190021958811699587e-01
-3.595485852841911467e-01
2.347957948717170062e-01
-2.870018636869642870e-01
5.650694156690413417e-01
7.347328298568086558e-01
1.601486715215908740e-01
4.173021234159063897e-01
4.051007159234450428e-01
5.754872252421208145e-01
5.456736944251461274e-01
-3.121103834331323545e-01
-3.698627819367418801e-01
-8.158261591045596894e-01
6.416220936527897711e-01
-1.127102303317061294e-01
-2.792784146005221346e-03
5.952178879294522940e-01
8.261884778009939700e-02
-1.853991525339880875e-01
-6.860341507584780674e-01
-3.607296568181644347e-01
-3.855557849274378057e-01
6.165464592672599276e-01
-5.531194583377307961e-01
-3.649160571371348749e-02
5.872498927452526329e-01
4.094625574242783395e-01
4.537641290856456733e-01
8.782963951627270616e-01
-2.868794840164860527e-01
-1.975343523896596065e-01
7.304728488389745644e-01
3.741488412243519912e-01
-1.577657551173462513e-01
-9.159617707337459613e-01
-2.609896391420406525e-01
7.908732508869774358e-02
3.322977480002276551e-01
3.946453429125377221e-01
1.534678080493847019e-01
1.804267390343363975e-01
8.004090002784652880e-01
-6.443742601858817309e-01
-1.275529962507520876e-01
-6.508188908293536246e-01
-6.437437885159253970e-01
-6.097027910830493669e-01
7.914706569943892323e-01
4.573474083011969116e-01
4.248833589154257240e-01
-5.075116934142370750e-01
4.300310329054364833e-01
-1.085001349429825790e-01
1.000000000000000000e+00
6.285039822430811274e-01
-5.640046544144999840e-01
-4.422032980915879818e-01
6.410072471447449960e-01
3.791550854327959685e-01
-8.540979571388974678e-01
3.385271392649912281e-01
-2.745172584065227461e-01
-6.033060540420644990e-01
-6.916963549496665808e-02
-4.211504158328086000e-01
3.485486355897165489e-01
3.344414392191047414e-01
-2.294733656127539295e-02
9.186190621933032485e-02
