3.092166268319436750e-01
2.912735007368102425e-01
-1.641733697421120519e-01
-3.642980677398501843e-01
-3.365081038685603376e-01
-7.028426389689191867e-01
1.720512364849421938e-01
2.421241728080643918e-01
-1.197090768165417207e-01
1.000000000000000000e+00
2.697495790245038605e-02
-6.314516438932361586e-01
-1.409976184532427124e-01
4.472724227993037927e-01
3.710308529720007797e-01
1.874199687375936174e-01
3.980019524435345346e-01
4.716511452468357124e-01
1.468822613573843860e-01
-4.192149726333635473e-02
2.515494495509663087e-01
6.625650806551411920e-01
-3.237482036382383632e-01
1.502960623771458226e-01
-4.475658919047415529e-01
-1.880859382633917887e-01
4.283825018823456121e-01
3.288837555573024263e-01
-5.382506440267064152e-01
4.279800090429185522e-01
1.065000945569941626e-01
3.666050155075773476e-01
-5.202739332165384756e-01
3.342888864226853385e-02
-7.996588371216688529e-01
8.444176613414539068e-03
4.103277136241377243e-01
7.417154511149746943e-02
5.053673017161211534e-02
-5.758518408520140186e-01
5.092256892244402255e-01
-1.587301679167940904e-01
1.471210935007495058e-01
-5.068402924082294758e-01
-5.327057522611630680e-02
-2.008307721965446047e-01
2.022509825825644647e-01
-3.489114328763949779e-01
4.581145390528070828e-03
-1.888624828568328529e-01
2.807357417881427564e-01
1.274605793272537702e-01
6.244363730537217938e-01
-3.933680295217647505e-01
5.637360115840245323e-01
1.955161317442253854e-01
-1.283349441012316405e-01
-2.728118873174167347e-01
3.505575321361420471e-01
-4.564168221711957241e-01
4.820106666457583122e-01
-1.201883904845658102e-01
-6.618359710424989717e-02
5.428814699377750852e-01
4.780855710335488729e-01
-6.705237983613966390e-01
-4.662710532504829586e-01
-6.004695087244668050e-01
-4.984589695637796358e-02
1.576255079417286931e-01
3.360144275209505094e-01
-4.187472397509142130e-01
-7.891497604581017011e-01
3.074431083822380950e-01
-2.370944805016046986e-01
2.914071465268142647e-01
2.631315228010386864e-01
-1.564033359325869843e-01
2.868967447585808461e-01
6.590241080358076875e-01
9.530187554216409396e-01
-1.666032423923819450e-01
6.473710285264543396e-01
-6.901341734621293522e-01
5.195196948760247846e-01
-1.589186855702557910e-01
3.317365737866441733e-01
-4.099833486741285005e-01
5.624748220800995790e-01
-2.883637540023251122e-01
6.134086496357294971e-01
1.238924437447003618e-01
-9.290549514417503763e-03
-7.877027963216304274e-01
-4.677441234946851933e-01
-4.708165396731682772e-01
-6.811482896932420372e-01
-5.191659886378071631e-01
-3.530106346559643282e-01
-2.710974786575988671e-01
-4.153310134586307156e-01
-1.148241023007352396e-01
6.217036151946822020e-01
-8.566290943000198777e-01
-7.526266137843329318e-01
-2.497683306329661068e-01
-1.373024848344917004e-01
6.659944593486156750e-01
-7.285707179012140822e-03
7.616307140898960215e-01
4.058499955435619921e-01
1.296520464147591367e-01
-5.372934852336657130e-01
3.037375070435059943e-01
4.435779440185264044e-01
-9.661310908459305735e-02
-2.303797041165760451e-01
-9.674495236837388212e-03
2.070609694860960359e-01
1.624168902052832986e-01
4.365274656089794258e-01
9.740667929255258928e-02
3.127664034139526761e-02
3.711470614595732687e-02
-2.547159197028006083e-01
-6.326870963857044172e-01
2.079685503945339353e-01
-1.925306571147734347e-01
-4.607540169690422377e-02
8.558391458163103760e-01
7.761257477407245142e-01
-3.079330319570064423e-01
-4.806455525987738397e-01
1.964131882490409153e-01
6.616373500293928345e-01
1.060007460967689746e-01
-4.520955567178346346e-01
-1.231566978207308816e-01
-1.832298922260364171e-01
2.565400490098243558e-01
-2.866425038420966631e-01
5.028302189078212026e-01
4.686529566765383903e-01
3.408535112294979741e-01
2.355228570159771662e-02
9.717520586749482936e-01
7.236160604547005326e-02
6.237760326807784139e-01
-2.787778171119273396e-01
1.981896294115545187e-01
-3.418723979827103382e-02
4.203621322205131072e-02
-3.641813915489999776e-01
3.593167863432548959e-02
2.702455865949042191e-01
-1.064663411264691051e-01
-4.537587961321369323e-01
4.433743597217235100e-02
1.400236747920446112e-01
3.004906079890620751e-01
-2.771622875316610002e-01
8.089234936585182334e-01
2.582609865672660585e-02
5.632787544156533377e-01
8.854223557239308817e-02
6.421917927244311652e-01
3.067910995605105939e-01
-2.730264912723878723e-01
-2.579420882405483173e-01
-1.573344776919420873e-01
-3.127167889802926481e-01
4.851397903620212060e-01
-4.868368329577798526e-01
4.685684137281943551e-01
-8.741008283587736738e-02
-4.567156271185409122e-01
-5.778694625988774897e-02
2.552967343408690803e-02
-4.825594070915597555e-01
2.092664919314019545e-01
1.047825534279484827e-01
-3.076951921910300869e-01
4.154511993735485187e-01
-5.994262432595812706e-01
4.597576368679835990e-01
-7.184822500581700133e-01
-3.158683693366954870e-01
-7.904232485804953967e-01
4.675658852991261827e-01
-5.046879538693904710e-01
-8.481449012433635304e-02
3.204153323931122066e-01
-2.919304253047073083e-01
-2.929381458407742111e-01
1.969671500635822026e-01
-5.371566156885705379e-01
-1.707778511354219320e-01
2.533947119065957376e-01
5.281482031714139769e-01
-1.260911851193339261e-01
7.453511305601965287e-01
2.634250894084474992e-01
3.629255460349031237e-01
3.468031725895118766e-01
4.452754668929942428e-01
1.000000000000000000e+00
-3.009751499922334594e-01
-3.528930836919279557e-01
-7.162191793594006040e-01
-1.599008895137241648e-01
-1.819486661589000964e-01
-1.448299047324353162e-01
3.159849072159858774e-01
1.142885413664710692e-01
3.863465980427835400e-02
-3.234399608078014077e-01
-3.862481661559741819e-01
-3.081561867648466291e-01
6.112939102112673329e-01
-1.161782347692279505e-01
1.639851546740653254e-02
8.354488770274339782e-01
4.244380610225069184e-01
8.152701085965963212e-01
9.339768455080043053e-01
-6.700591284942714054e-01
-3.069987182495663713e-01
6.752365400402400297e-01
4.073978693602088585e-02
-1.485234172905951222e-01
-1.000000000000000000e+00
-3.209421290251533998e-01
2.806461848060606140e-02
8.242453318727559486e-01
9.300198783355806409e-02
2.792363109219271888e-01
1.681788662256013811e-01
6.113143962130549447e-01
-6.827834880816758822e-01
-6.724555008494959019e-02
-3.952252903391585415e-01
-7.961067686492832030e-01
-7.035246431033452819e-01
8.029353016528117948e-01
4.971265965632108985e-01
4.125507457581524262e-01
-5.075641811739604048e-01
3.727524744662283895e-01
-2.682272768165774868e-01
8.385261793236381545e-01
6.242864585178097281e-01
-4.959419252126904820e-01
-6.932484407623371592e-01
6.567644453676518834e-01
-1.886936690026878582e-01
-7.512609933646094973e-01
1.607184702777372243e-01
-1.670318408908340879e-01
-1.727314478293467404e-01
1.722111634573722794e-01
-7.687565356749368473e-01
3.314295313335487436e-01
-1.768254983541295289e-01
-5.214848448781196633e-02
1.073856161795650466e-01
