7.963730543897966641e-01
-8.051937194158452771e-01
-9.840867623053823898e-01
-5.976106741200375438e-01
-3.962394637160344124e-01
-5.966581586860998376e-01
-2.707703143310988825e-01
-3.440375899377212665e-01
5.124451440723670759e-01
-2.284102842769731578e-01
-2.905537294218852457e-02
3.253507850155901715e-01
5.050398321591126338e-01
-8.830222964251540629e-01
-7.890015614546459499e-01
8.412124482703562389e-01
-1.729757577827661374e-01
-5.052694364268308647e-01
1.403705270819369522e-01
3.717941289868345600e-01
1.645855832981041045e-01
3.907143994085655603e-01
6.640965094254956957e-01
7.593979449400832527e-02
2.726717135452889074e-01
-3.617482500899177889e-01
1.876211419859650231e-01
-3.797577701709528575e-02
1.535614390994316236e-01
5.394094216285234555e-01
2.522446522525151336e-02
-5.996693888671945638e-01
4.377935270558351855e-01
2.870686637552655185e-01
2.825319429892316214e-01
6.641508168253230926e-02
-5.468084377691708742e-01
-2.538773036605989075e-01
-5.071874092031887216e-01
3.315277533592216330e-01
2.796128713745092420e-01
4.128789049995825744e-01
3.238113733986034415e-01
-4.751428805391143956e-02
-4.208081699222584460e-01
9.355332496620225036e-03
6.278061575763871360e-01
-3.523743946911792602e-01
2.590937801499787474e-01
3.870572145871460923e-01
-5.307532989818738445e-01
-1.724643971371050688e-01
4.596207846036625688e-01
-1.104535248454625515e-02
3.117611594377972528e-01
3.430531467809269097e-01
2.067795813155741680e-01
-3.878217312280685114e-01
-1.132413390020349242e-01
1.379541421987697525e-01
-4.576410092658243500e-01
6.121602967762806990e-01
1.295140482401594129e-01
-9.351162066765385250e-02
-2.826765671934238985e-02
-1.900707943002168387e-01
-1.615429996457727613e-02
-4.965639005637987879e-01
-1.911709800431431738e-01
-5.407736622006512617e-01
-1.288497677140102438e-01
-5.575696634989339984e-01
5.006191556844592772e-02
-3.103168872750815960e-02
1.687875174791237942e-01
-1.143235840874961759e-02
-5.317273859062273678e-01
-2.353336688068833615e-01
-1.886158224309199549e-01
2.116291389136308321e-01
1.282323273852943868e-01
-2.882511506030642767e-01
4.232319309189485484e-02
1.797418152944947889e-01
2.580351756175931488e-01
-8.501863277188440593e-01
7.092331313885597011e-01
-5.662222260767539248e-03
-3.351902531899675908e-01
-1.564747756791466660e-02
1.303169772405920468e-01
2.342963295363966747e-01
-3.225138004289942462e-01
-6.944140060725176311e-02
-3.295299132654250784e-01
-2.647284668024277310e-01
-8.875228075103540337e-03
-2.092274844750912632e-01
-7.612174993031549375e-02
1.177109033266612453e-01
6.528840355608076518e-01
1.965673729995254804e-01
2.017014354430556600e-01
-1.729516277705629062e-03
-4.295951472242090508e-02
-6.078696605131604924e-01
-6.921539922221392471e-01
-2.664415140696838602e-01
6.662819283736366727e-02
1.589331799298500936e-01
1.938977132609624454e-01
2.580745201856428084e-01
4.467460798525035859e-02
-3.195553799057477828e-01
-8.332441111404945144e-02
-3.748265030254288588e-01
7.609718297498957451e-02
2.484092837624187755e-01
-5.260611931743968128e-01
4.691096674329969241e-01
2.889774750751653021e-01
-4.031576893485852020e-01
-5.655495210085430546e-01
-6.334032659134672949e-01
-2.744061295536479594e-01
5.569827768282638036e-01
7.516824576459354423e-01
1.290439152927564948e-01
-6.226175675730887260e-01
-3.670943891201106091e-01
3.573589212874925258e-01
2.472420077615430090e-01
-5.806447828512130149e-01
-4.565569093627414726e-02
-4.188747577839292413e-01
4.324863409650719914e-01
1.582215996779545442e-01
7.065779427910221511e-01
-1.017114532746739297e-01
-9.944296394808251061e-02
-7.912979735046880847e-02
-2.811649797246625893e-01
1.420288261506205407e-01
-7.114795353832178426e-01
-3.095292651391073346e-01
1.063024224258309058e-01
-5.469107995284676615e-01
-2.663983603620476703e-01
-1.936601633585901261e-01
-1.819487000984759684e-01
9.460520685981944899e-03
-2.252277609143466253e-01
-2.808161370209165675e-01
3.589608640570332576e-01
2.696063824070653037e-01
5.718488231685393552e-01
1.157066189627690422e-01
3.348968827210132004e-01
-3.157221131509114764e-01
1.942867677761748735e-01
4.214830018644393217e-01
3.247732429034407287e-01
2.067141691508374568e-01
2.104335741469669507e-01
-5.501074598210796418e-02
-9.897737134137758741e-02
-4.146142267363549516e-01
3.710387345826028360e-01
-3.259561037509538517e-01
1.368787029169524216e-02
5.949692948652566260e-01
2.031220223217748144e-01
-5.799832794459741647e-01
5.808239462856741309e-01
-1.068172218711597177e-01
2.307118897319496154e-01
-2.041516498963719672e-01
-1.838048983550920334e-01
-1.177227995496114010e-01
2.144717606982628477e-01
-7.762583995621682303e-03
9.560602196518649953e-02
-4.136132460652540699e-01
2.300693445748429322e-01
2.915051323435761677e-01
-1.479158472330339980e-01
2.522962015591207700e-03
-8.582305453072681667e-01
6.459150222170031430e-01
-2.645718609804311727e-01
-6.214633161520614207e-02
3.042730928379213662e-01
7.325434184780039715e-01
6.129978392140655874e-02
-1.889270543628003007e-01
-1.839826025299186596e-01
-1.694771278289062266e-01
2.314137223337401350e-01
-1.532624704424539464e-01
8.846884361117691997e-02
-4.924291040675258246e-01
1.250997750556585297e-01
-3.175580168727011321e-01
-1.395923173432799813e-01
-3.901160292672707364e-01
4.272604469762113499e-01
6.503651792581771618e-01
-2.918334000607789025e-01
5.093686864079696175e-01
-1.014484144133465104e-03
2.878102326717163484e-01
-1.234154222733239714e-01
-1.381309050341900102e-01
5.426025897759569755e-02
-4.725452421527148728e-02
-3.773058799029682109e-01
5.496711464621370502e-03
6.374530327153971054e-02
4.850690028792158937e-01
2.457116397053556722e-01
-3.394174197260624304e-01
-3.427476424759253737e-01
2.041057610302057235e-01
4.385618509223588868e-01
2.677636752683483501e-02
-2.655806348186232624e-01
-2.384198875458057865e-01
2.386670031812312964e-01
-7.737470000640291057e-02
-4.368894290322895557e-01
5.068141845181071137e-01
-1.866312846869117581e-01
8.646337029560335896e-02
-1.580015836698150100e-01
2.057846968023953060e-01
-1.188365976828756471e-01
-5.571058301750402286e-01
4.601355724367589550e-02
-5.784264075592286669e-03
1.764337088068884674e-01
-3.483128069823481776e-01
4.615843380713833266e-01
-9.902685212501122214e-03
7.150466760906268870e-01
1.676672952391665694e-01
-5.767204815464660461e-01
5.459609592289256241e-01
8.024671861941753970e-02
-3.890578001770835237e-01
4.378140972863123204e-02
2.494232341739461567e-01
-4.904629490418611626e-01
1.311864853603801340e-01
2.995868046373290072e-02
1.857878044291165209e-01
-1.816339504339131994e-01
5.981027995765121341e-01
5.123853442173673667e-01
6.792318444885424578e-01
-1.459187427620793065e-01
-8.343407385471387494e-01
-6.151377911289862555e-01
2.968694964023956828e-01
3.940500681495178598e-02
-2.134585383023348548e-01
