-2.266537452396308605e-01
-1.718579479859064577e-02
3.613598549839432406e-01
-3.252447412327923448e-01
3.316224204347775761e-01
-3.551442786571213928e-01
1.641727906457816077e-01
2.620794723079659660e-01
-1.888087614105699724e-02
4.231926740381219409e-01
-2.276781800351399543e-01
6.061189800186045362e-01
6.382766456603611305e-01
4.410726211736529789e-01
-1.762036188814434801e-01
4.347751896857785514e-01
-4.805224465313764348e-01
-3.755603452544400978e-02
5.921352610512845005e-02
3.622684494811462819e-01
4.002076479766774053e-01
-1.694345480356594102e-01
-1.025435467960720270e-01
2.296802675866776444e-01
-2.741522052636211071e-01
-1.586653298294421754e-01
2.023562185653167700e-01
-2.707139706501372756e-02
9.905282207161422714e-02
4.722444167822374972e-01
-1.728759396612772059e-01
-1.239626143830087901e-01
-5.086444589867927801e-02
1.800515044959643540e-01
2.517556629306111349e-01
5.638817150531869604e-01
-5.918503899234823784e-01
1.266399759249248747e-01
-1.240918744655608863e-01
2.176613758491357381e-02
-2.138307849881765366e-01
1.262817810811442398e-01
-1.392183562537836206e-01
-2.311634795685386656e-01
-2.001662736783359486e-01
2.676194407202001635e-01
7.082585362292598274e-02
1.812544280197792568e-01
-3.249006196979070671e-02
7.432880566743824136e-02
2.051579477834556686e-01
3.299264471205557991e-01
1.205973118876376426e-01
6.370450593845175535e-02
1.373140451463144840e-01
-3.095836874103164993e-01
2.313243365596667211e-01
5.494044433769926239e-02
-2.985279402415583760e-01
-3.945693385624547966e-01
-8.886663969358241100e-02
1.684853364508655596e-02
-5.374479291934859682e-02
-3.613642813257506581e-01
-1.195280484621820405e-01
-1.746972956653854991e-01
1.609901194329712848e-01
1.401269319253303225e-01
1.534142796796369168e-01
2.358607776792258914e-01
-3.776117144639026812e-02
-3.835036039136854313e-01
-1.315483470000654020e-01
-1.748612050476794078e-01
1.565992458510523933e-01
-7.717057094696791464e-02
2.426136713128086431e-01
-3.130830626018418772e-01
3.863562695030184346e-01
2.110262548561599449e-01
-3.027735866926448693e-01
1.203172932028521713e-01
-1.819342546605735578e-01
3.654781508401274137e-01
-3.224345601366047642e-01
3.631608213557006581e-01
-2.127242704540921736e-01
2.799195792041215269e-01
4.449378134831374898e-01
-9.681299827016305246e-03
-2.272545881999435136e-01
6.647295494286569184e-01
-7.110722465512259172e-01
3.487832107414619021e-01
-3.269266162503349782e-01
6.418390810305451000e-01
-3.547291581853304621e-01
5.739785365903073977e-01
-2.722786009175294786e-01
6.083428462716402585e-01
3.616734470158648462e-01
1.561930360870751600e-01
5.355425611345253634e-01
-2.363551397461920167e-01
1.360496522859074298e-01
4.150612356236466072e-01
-7.226264520219739529e-01
6.689980780845414809e-01
2.854762724412502339e-01
-1.547384885183204217e-01
-4.844470402394241981e-01
-5.435991709100671671e-02
-2.035992530703815417e-01
3.665562038954099933e-01
-3.297711741221233117e-01
-5.958114735053223754e-01
7.731406278272365817e-01
2.355302932064658739e-01
4.955298704208734029e-02
-3.046669762813435378e-01
3.181919402439120081e-01
1.088241467197464674e-01
2.332215468732718455e-01
-5.492286878892276292e-01
3.601677614036547515e-01
1.707206921492605001e-01
2.241221899919067923e-03
-1.077218215435901960e-01
1.722281455987575705e-01
4.020588354179191470e-01
1.413158359365933592e-01
-2.069205946645408245e-01
-3.281516341697023054e-03
2.385240762040578000e-01
-3.594299292674113522e-01
-1.167823784271684595e-01
-1.968809753242975469e-01
2.640308637562510316e-02
-2.511460342593778150e-01
1.483186643246018899e-01
-3.302549236202259042e-01
-3.586000090369923995e-03
3.046003364739628960e-01
-4.907916112625010374e-01
-3.924279727071819934e-01
-1.980492172262411921e-01
-3.822838626551187113e-01
-1.757881386820091263e-02
-1.101885410519983649e-01
-3.343940952400898947e-01
1.801800874198023206e-01
-1.569982231330436726e-02
-1.534763453166465286e-01
-1.384172724457524151e-01
9.926396244900098642e-02
5.690045072049360053e-01
-1.213060482167428039e-02
1.373601225334052101e-01
-4.475502552190639416e-01
5.445737491742642655e-01
4.345610447307416413e-01
2.768593993407439391e-01
4.770821825377423719e-01
4.858776863833847437e-01
-1.225359252054810943e-01
4.549923468902107304e-01
1.274491425233310049e-01
-5.939955616686405301e-03
2.203507873995771138e-01
-6.200644847150512534e-02
4.021708338998049581e-01
6.657001089883000100e-01
-5.432905575291160361e-01
6.525539870061534131e-01
-6.298294806965795134e-01
4.165862543357682357e-01
4.610800889098583266e-02
-6.054457094638786563e-01
1.994365487362174949e-02
3.072442043036454074e-01
-1.436595042670402687e-02
2.019566061428279269e-01
-4.391757953313276674e-01
1.771574103459968574e-01
4.209903500875109006e-01
-2.340714176987748196e-01
4.880393014290924231e-02
-8.592628473553217683e-01
5.730688991274546229e-01
-3.281478630287115728e-01
-1.314303958540671280e-01
6.907351529018689040e-02
4.691637988669435377e-01
-8.604698885768051475e-02
2.403903031503102361e-01
-6.336883276769454953e-01
-7.075490112208884796e-02
-1.466592118098846396e-02
-1.886364259806105614e-01
1.569850065174487053e-01
-3.666455115691080180e-01
6.590236502100105254e-02
-1.826979382111272587e-01
-2.753859466174690684e-01
-2.503758859464068065e-01
2.169815454788869002e-01
3.771971062688349585e-01
-1.934532850281725225e-01
3.941310973944237572e-01
2.661567116751676343e-01
2.898367242134515243e-01
-5.045372413820681246e-02
-8.602778798764869339e-02
6.930277965869560686e-02
2.838608240357152201e-01
-4.789061467297871522e-01
-2.489216851030032554e-02
8.080589293671963658e-02
2.886956637431917772e-01
3.147472827760103842e-01
-2.228151858637555383e-01
-3.526913485375818835e-01
2.699338155312183130e-01
3.728365015511394542e-01
-5.847798545042794116e-02
-1.148331615648953280e-01
-3.612831267610399633e-01
2.484994613492187351e-02
-9.036861957607371376e-02
1.583719097217019950e-03
5.670025165401447742e-01
1.625553469629989756e-01
6.058995095701883438e-01
-4.626248963027161931e-01
2.293879848973863211e-01
2.552208102490480246e-01
-5.843389837043573287e-01
-2.617639552249318990e-01
1.121762103592891385e-01
-6.687203588652211594e-02
-5.410260590938631431e-01
3.143268234692089824e-01
-2.281959127509193552e-02
6.612289273740307172e-01
5.539223363685767954e-01
-6.664953993819671130e-01
8.014967286431720073e-01
-1.689469471474327467e-01
-5.367234981256607806e-01
-4.819114206444800874e-02
2.333668186414148693e-01
-5.538915667302017898e-01
2.225097302313165659e-01
3.108561715077821641e-01
-3.023380631493429727e-01
-2.976445489990673932e-01
6.375400470563042932e-01
6.526945523628574497e-01
6.167322627432598736e-01
-4.125123445702558872e-02
-8.340354574095752982e-01
-8.487011264718546943e-02
3.130248831854648972e-01
-2.577810680075560273e-02
-3.362972595554393207e-01
