-6.959019721391752206e-03
-3.324209142838085995e-01
-2.258171716353846170e-02
1.389858827859060675e-01
2.412397958811318133e-01
3.143253919303601318e-02
-4.701900298592749938e-01
-3.097610314929338804e-01
2.311099897997913877e-01
1.690059418100413047e-01
-3.410987086087161058e-01
2.821300645557640041e-01
-1.277895354721396703e-01
-1.196916499177051174e-01
3.545150613932639416e-01
4.622462174826345027e-01
2.548037724092412359e-01
-2.387941098633083459e-01
6.196090890749638147e-01
3.390793793928136846e-01
-5.367332954873560436e-01
1.307819496604502862e-01
1.889163321566695031e-01
-2.017572296802667420e-01
-3.462188648449063821e-01
-3.112733669521407509e-01
3.678344907932392105e-01
1.284340342622488917e-01
2.074493130009017472e-01
-1.189435995496840037e-01
-5.351539194203065036e-02
8.354809209043610740e-02
-1.997630212322598908e-01
-4.561038792785263550e-03
-5.171829213238321454e-02
1.330351668639706830e-01
3.661161102006048329e-02
1.317764267804206191e-01
5.093909050112599424e-01
-1.981452438606911004e-01
1.066034643532995235e-01
-3.780964163576431836e-01
8.414959487113260472e-02
1.479045802803655441e-01
1.495317936144160698e-01
1.095435649087868057e-01
2.060581860694870038e-01
2.129284164350693787e-01
-3.035429296231157217e-02
-2.202213051935312804e-01
7.516437897150615721e-02
5.244134089895988865e-02
-1.942476280296569213e-02
3.180367930094237794e-01
2.461912479219510175e-01
1.370497085172691365e-01
2.250299361324468450e-01
1.630093377353700468e-01
-2.351292380714792296e-01
1.478909975218603290e-01
-5.240552827813262926e-01
-4.086592705154810101e-01
-2.997050613643710837e-01
-1.325046786732994308e-01
2.665145570877295866e-01
6.715161016124146509e-02
-1.652149003689731138e-02
5.356607102198466253e-01
-1.871692025446641261e-01
3.208090293632781531e-01
5.148241904983886785e-01
-3.511661916385153681e-01
6.952976291895573979e-02
5.203165927767536836e-01
1.528586742307101037e-02
3.455919573660255484e-01
1.150061586681578180e-01
1.452696788595515265e-01
2.815079613143688930e-01
1.814838515830133059e-01
-4.907736834026798500e-01
3.920582287787699460e-02
3.714010895464807116e-01
9.155560317423638850e-02
-1.173801075802498317e-01
-1.833690651576831698e-01
9.035736786569500967e-02
-3.370788016686532274e-02
-4.068886100267849470e-01
8.798232666427052706e-02
5.038059825529632718e-01
1.523100769215185724e-01
2.493522560819830258e-01
-8.015156456086867942e-02
2.706584194895789164e-01
3.555365376310939407e-01
9.127459399836175269e-01
-7.241438644109068346e-01
-1.361246507999371719e-02
-5.980745957224362641e-01
1.800012042352670538e-01
3.843751276830936758e-01
-3.225721291488700682e-02
4.391117235075264746e-01
3.133996558204699689e-01
-9.674042858877329731e-02
1.155103504012343907e-01
-2.506368098315951420e-01
1.387414009227254212e-02
2.589592625979544177e-02
-2.720199589307231713e-01
-2.716795694533578054e-01
-1.508712555782021070e-01
-1.968850680037177170e-01
-1.817450155112436405e-01
-1.510585891162471439e-01
-2.529213275750666901e-01
-6.296623395397578093e-01
2.736138013406688163e-01
2.631256993320098270e-02
-3.718201265981472270e-01
-2.189231167929167610e-02
-7.283987219952279268e-01
3.983026218857562695e-01
-3.670978678782704785e-01
3.469023762761679341e-01
-3.635911644221013345e-02
8.086728863350711727e-02
-1.339022872795694596e-01
-8.941278745249485460e-02
3.580091453456135664e-01
-4.213920183371562267e-01
-5.799844115587983184e-01
-3.691027652131410042e-01
-5.664152348905114875e-01
1.833460909887088819e-01
4.314972962813504870e-02
5.556743993092155831e-01
-3.548261257222397325e-02
-4.844292045311554551e-01
3.633871148697054299e-02
9.172021257356449686e-02
-1.318052567843956135e-01
-2.452943084855145617e-01
-4.470391410147452338e-01
-2.404727864414547556e-01
-3.630073728627115637e-01
2.184942400902244522e-02
-9.875545778491215398e-02
9.231716831605187024e-02
2.059014520748527477e-01
4.014195499497835717e-01
-1.889555974871668098e-01
3.533800323979203323e-02
1.143655059045933231e-01
-4.338494453593740308e-01
1.480289393990461000e-01
-2.020712711679486517e-01
2.375369492214778611e-01
-3.455388319264178776e-01
-3.115005368065578706e-01
-4.072114577087192211e-02
2.125718961800300288e-01
-3.730933560304226515e-01
3.329033884285644285e-01
2.946584338533346781e-01
2.366164624732793043e-01
2.071388232056879664e-01
-5.832879217136234251e-01
-5.004083063137423348e-01
-4.655013850262172959e-01
-3.126436408088446028e-01
-8.001047664457934250e-01
-3.028050258474613843e-01
2.502887222511340076e-02
4.880556547937506817e-01
-1.124979942465033633e-01
1.075893289427056476e-01
-3.841599994429616971e-01
5.231246351364714497e-01
7.582230332364960079e-02
4.432352566586194031e-01
6.891232974591411653e-03
-1.260834207488465419e-01
4.535595835238127177e-02
5.576892879611692472e-02
1.709663288684747096e-01
-3.812303415200249401e-02
2.997332108590797586e-02
-1.110137864945599517e-01
6.079089298033349409e-02
2.473567055273763471e-01
2.118723296121008959e-01
-4.176150838846544311e-02
-6.709942939494296932e-02
3.553260428914610802e-01
5.681085478277174694e-01
1.913234304200805980e-01
-1.979238248073819928e-01
4.880591822775610933e-02
2.600184500213862382e-01
3.156340151198697708e-01
8.654561603175643658e-02
5.105950084055328742e-02
1.614496325520105580e-01
-1.562319894654023156e-01
-1.383983142773561985e-02
4.764718500791103040e-01
-1.504273014486257887e-01
-3.672074638339779540e-01
-2.734703297433676572e-01
6.546423796751196789e-02
4.951364013845763190e-01
1.654891591727860115e-02
-3.888005835452938014e-02
-9.094472600665169659e-02
-6.481910445201670701e-01
6.274407320002447497e-01
4.797659719883441976e-01
-7.277804234811398043e-01
4.291233816786077515e-02
2.047048006665509456e-01
5.010194183244146698e-02
-1.767080880410429877e-01
3.176862890828213160e-01
2.454129092011117508e-01
-2.229462373171557099e-01
3.204723039453598599e-01
-1.145560984917183833e-01
3.291345368092671309e-02
-5.638829152011730628e-01
-2.150805378277752256e-02
1.696647261373135374e-02
-2.308165069289221383e-01
-3.258850356871396681e-01
2.857023709665651445e-01
4.842017958218552964e-01
1.676709227086631282e-01
-1.672967807407273466e-01
-4.224886077012521279e-01
-1.237623900859839976e-01
4.512764191646178591e-01
-3.707675958593459331e-01
2.114038095533818939e-01
9.711438932847725469e-03
2.919713670942521433e-01
-1.671485359008582638e-01
1.373970091984855757e-01
1.325361598199201740e-01
-5.106049069021006970e-01
-5.731798520725522872e-01
-5.137488999836654635e-01
1.915759282761826110e-01
3.453752142115982804e-01
-2.348830795744760724e-01
2.324315133177274062e-01
-4.396986784928855196e-01
3.873487691815682421e-01
-4.934089866703600391e-02
3.561172787345222024e-01
6.073264966859309721e-01
3.801403995351047560e-01
5.080780571020077074e-02
9.805206749457670568e-02
4.372815433991596445e-01
