-4.073065945340578753e-01
1.395401579176961705e-02
1.631660993357712253e-01
-1.075316605704800532e-01
3.964216254003899431e-01
1.665548384468127086e-01
-9.196823909747404713e-01
-3.025760878597563153e-01
6.325202254664558099e-01
5.111430866310746612e-01
-3.555056541954995653e-01
6.502821122325197489e-01
7.494976307838239205e-01
2.717036337282473582e-02
5.527046198311008629e-01
6.711094670484696323e-01
2.257477734880392606e-01
2.466562587485858771e-01
6.566532421293462818e-01
2.279472359007562732e-01
-5.676182280877277719e-01
7.645574019620400286e-01
6.168941076109766275e-01
4.906240623737870843e-01
-6.276267702646645130e-01
-5.693056701539558340e-01
6.746122819745639099e-01
6.731950477278592082e-01
5.897877610239578017e-01
2.096438359222392578e-01
4.348166242233706402e-01
5.304485702810414205e-01
-2.990194952385312466e-02
2.602371920556034723e-01
4.158022513249688690e-02
-4.636955019176790538e-01
6.867138668859650297e-01
-5.567991922246619263e-02
7.576971027262565661e-01
1.139844272561245930e-01
7.494542079476482765e-01
-1.897947344380352952e-01
6.651168106053213513e-01
1.530805267682205928e-01
-7.214384771610606040e-02
-4.608057529859741486e-01
-2.578356054055789062e-02
6.427866399480701709e-01
-4.356492754409296286e-01
-4.513462769172463251e-01
-4.560619089285097294e-01
7.258396600499912310e-01
2.853541967948117763e-01
4.122774564253897656e-01
4.464724646703428501e-01
5.085543828027303537e-01
-6.146767077094121845e-01
-1.515406144258658050e-01
-7.512370249784002807e-01
-2.616834018176715237e-01
-3.947613155494457127e-01
-8.701724277573629207e-01
-5.974077390515459829e-01
-4.625995320786294163e-01
5.224507206639555923e-01
6.025626293074612949e-01
6.766322751921041018e-03
3.922243255744903845e-01
7.888054443733066856e-01
5.981931302736384071e-01
3.556839374137601428e-01
1.287975509354785941e-01
2.396550707184072204e-01
7.382088810329741069e-01
1.178211488436596566e-01
4.900556924686285676e-01
-8.293688396987346501e-01
-4.464857932507216298e-01
4.151045563407346900e-02
3.675141841290810452e-01
-4.289550793654079985e-01
-5.659135229115127563e-01
9.295267354917243763e-01
4.410900499448844325e-01
-4.403866039158301215e-01
-7.204370678381365467e-01
2.663666916181887667e-01
8.655458598021081862e-01
-6.613231988458108113e-01
1.111199855067867281e-01
7.837968665182221129e-01
3.383006251062229408e-01
7.381153256030579257e-01
4.650993746521651651e-01
2.318569720724411864e-01
8.591047131625925148e-01
5.839479490012748908e-01
-6.772464738760309855e-01
-5.586629572848487990e-02
-7.184919472634025972e-01
6.421750554137157785e-01
1.145992560208134586e-01
6.953874836308381324e-01
7.725165989059895599e-01
4.286587289368360421e-01
5.509344717085375154e-02
2.287198786579701382e-02
2.164025546260098243e-01
-2.527735522172815455e-02
5.810387126904777988e-01
1.027125507900440021e-01
-2.397691440391254980e-01
2.957608941813072989e-01
-2.276550844070748814e-01
-4.933357420938814797e-01
3.003442983100579888e-01
3.236552804363227454e-01
-5.870576373202702758e-01
7.320378890614737122e-01
2.347454418042730639e-01
5.616377196311299336e-03
6.250704696572741970e-01
-5.955470899652092198e-01
6.786808429911654894e-01
-2.401804222338822792e-01
3.915854064692029235e-01
1.675497643470228587e-02
-2.701894662092932942e-01
-2.780569494820074317e-01
-2.544431972476275394e-01
5.148471613774474598e-01
-3.541115738474777674e-01
-6.195729993857013174e-01
-3.663535833414116594e-01
-6.809100102581244762e-01
-3.887761881658724494e-02
-5.051674450621295165e-01
6.925367381318566773e-01
1.211071416550723451e-01
-6.528874816278035231e-01
-3.954100114806984312e-01
-2.314718320351905056e-01
3.880606906828557578e-01
1.497916320719437366e-01
-2.506098374962738018e-01
1.347107165895951031e-01
-2.155981370749983084e-01
6.683412953212302110e-01
1.219230985243318632e-01
1.356887684314426468e-01
5.568682565444983412e-01
4.251567192228463132e-01
1.204089325591238824e-01
3.911385678158231238e-01
-2.020745453841653327e-01
-5.599340957923240047e-01
-5.964430277392960278e-01
-2.438154641134640255e-01
-3.448091190831354541e-02
-7.174860470987358407e-02
-3.999413535426377120e-01
-3.159582050125691044e-01
-3.760372750405219788e-01
-2.424322523817903918e-01
-1.294361689373021429e-01
3.949524470364371709e-01
1.883509307492465257e-01
1.838861381137812667e-01
-3.315295926523616488e-01
-5.147736857771092467e-01
-2.153004453674985941e-01
-9.628956300552186584e-03
-8.190037305233236475e-01
-6.741251124737093203e-01
-1.457688194745745958e-01
1.765548903510532619e-01
2.726870882403639174e-01
2.946658630427875791e-01
-7.354776229503326990e-01
8.349296722073703547e-01
1.517246445336312421e-01
5.009742762375606340e-01
7.371362065698294774e-01
3.049920603043235201e-01
-7.454374296432746405e-01
5.021953654104943654e-01
-9.120426143616766623e-02
-6.115794608733167159e-01
-4.078252680543009157e-01
-5.573388079357210340e-03
-4.339601535230161455e-01
1.883209511207366293e-01
-2.302158199217206325e-01
-2.965640870841407956e-02
3.198801094891579599e-01
5.616910071656777692e-01
7.991738463860103003e-01
4.547126803531661987e-01
-7.579780234193347899e-02
5.650965213148020361e-01
1.972151065781287127e-01
6.839617013263643575e-01
-3.016461641115364412e-01
-3.441495006778139132e-01
3.381488456101684470e-01
-4.179743805834895132e-01
1.844871790992915761e-01
8.169542693376427578e-02
-6.189793766790629981e-01
-4.668135751237662001e-01
-6.143743492006280560e-01
-3.457115853042309617e-01
8.067742913768176649e-01
-1.106102959881821723e-01
-1.389317409160626682e-01
-2.447551734633553466e-01
-7.989624293323890347e-01
6.839454734595650232e-01
7.632609606203741848e-01
-8.697148107297778541e-01
8.348137878645742194e-02
4.335454260699299622e-01
1.273774681430350220e-01
-6.947155641274593840e-01
6.448116365170235564e-01
1.657535394834813991e-01
-6.815168990737340282e-01
2.571333459345641614e-01
2.369061039004200231e-01
-1.391233368470669030e-01
-7.568077970153793688e-01
5.936717502990903617e-01
-7.170379659220322832e-01
-1.369238213402987903e-01
-6.898331037543099509e-01
7.020807424046264789e-01
3.100492688786240514e-01
3.443726501236672455e-01
-2.109656132760150959e-01
-3.225096637188310522e-01
6.592569235652770421e-02
8.601809715136893297e-01
-6.527585134433901981e-01
1.701074311496462155e-01
2.694095903402840553e-01
2.935144364288998498e-01
-1.598487606028217434e-01
-2.132200169047891378e-02
1.196715719104796127e-01
-5.703097930558401751e-01
-5.263594894140943836e-01
-5.091638435773969684e-01
5.577135988531116695e-01
6.493651309128863902e-01
-5.397859010722360074e-01
2.796070865358716295e-01
-4.723179135570448883e-01
3.200942517021339584e-01
8.291514313400966119e-01
3.476423405467736760e-01
7.015563897089879264e-01
5.320986134067405837e-01
-1.381897203484350189e-01
1.705633946158508218e-01
5.704242002607937678e-01
