4.966504310827196123e-01
9.444465591053097242e-02
2.745102631412947858e-01
-3.446631127941539030e-01
2.213190281642641588e-01
-4.979630307267117473e-02
-4.059784883591489035e-01
-2.040846924460967271e-01
-7.191858261841529432e-01
-6.638659541437610390e-01
1.724285748600379586e-01
-4.486669720220024526e-01
-7.766068180284377842e-01
-7.188701307808229579e-01
-6.447531562359641866e-01
-3.203968297151582600e-04
6.273662915714276478e-01
7.808326620429394405e-01
2.965654253506881943e-01
-7.142889942414276661e-01
6.738147408027846952e-01
-5.597316006455046455e-01
5.473632604854432593e-01
4.013930188905894259e-01
2.049551485964357100e-01
2.752572559281709630e-01
9.695648310661093561e-01
9.596817403377775335e-01
3.243068475326240097e-01
-4.782673568592059610e-01
5.486577734633136805e-01
7.197450237203975032e-01
7.061827759911232238e-01
5.914100233378913885e-01
3.203532405863185328e-01
7.989646177043061570e-01
-8.017801007010584291e-01
1.000000000000000000e+00
3.908044042875017388e-01
2.669845613674930451e-01
-4.872869845308711589e-01
-1.644968867420320002e-01
4.232307215731604400e-01
9.675796822301099831e-02
3.287570936255310161e-01
-5.132516872077902415e-01
-6.426533665970537434e-01
6.237652481850343433e-02
-3.853457092474243950e-01
4.419486654097675160e-01
4.290635544709531790e-01
-5.491110710467033140e-01
9.567316515329102322e-02
4.421974193808477227e-01
5.693393314280110751e-01
-1.863434469507874169e-01
-3.319173049823709865e-01
-5.250593025988911089e-01
4.433854067458494197e-01
-9.945589888132505552e-02
-4.178931377596917240e-01
-6.201026396706901256e-01
1.749146957489384757e-01
-7.524367354982648415e-01
6.203342268122906678e-01
-6.630861760973713048e-01
7.674121686660646535e-01
-3.065817510086586983e-01
-5.748050470212716645e-01
-4.662715530897830751e-01
2.035198992655539441e-01
7.046534885346227295e-01
4.225729178976579958e-01
-2.190177628390302389e-01
-2.553430872965384291e-02
3.678326297624851526e-01
4.925006940290566071e-02
-3.321384492170206260e-01
5.428756479130618651e-01
-1.580569957429910910e-01
-1.000000000000000000e+00
-1.509903469813665688e-01
-3.133183318066192768e-01
-8.047743406025705815e-01
-2.611079495419006968e-01
-2.307089489275338523e-01
-4.083065253143367546e-01
-5.875326795474977715e-01
-7.848824141320570602e-02
7.041999901301185250e-02
-6.390026977226910265e-01
1.947142640187045359e-01
-6.658800259751749273e-01
-6.029867318938965104e-01
3.451696805891623643e-01
2.845151673118124225e-01
2.621990817085231296e-01
-6.098706035693755023e-01
-1.112920673937231597e-01
-4.010744114144151884e-01
2.985966496884687738e-01
9.941197395849835083e-02
3.004370305609842529e-01
2.920514586594513684e-01
2.807935105884480920e-01
4.484808959196628919e-02
8.058597648662207957e-03
-2.603798503344602056e-01
3.425014576815516021e-01
1.606949654806134609e-01
-2.358567496478301551e-01
-1.452481200929195415e-01
-1.332637660642506383e-01
-4.296228124896361855e-01
-1.353919610069924673e-01
-2.991599349457351731e-01
-1.138738790377081672e-01
-3.172097542025714700e-01
3.839047681393228384e-01
6.994385795851425502e-01
1.000000000000000000e+00
-3.738668348646158324e-02
-1.153711686170339618e-01
-1.421182739594686883e-01
8.745145115108799994e-01
2.798951729788451970e-01
2.300201527879723595e-01
1.814879410321617592e-01
3.461870684030715073e-01
1.926883118264486883e-01
7.809041943454184675e-01
3.172962452512632092e-01
3.054475727499698090e-01
1.493153491528881605e-01
-8.608354447056913716e-02
-5.210439361781062928e-01
-2.951620862524206856e-01
-5.750325467494652454e-01
2.780916199987023552e-01
7.332837241142031726e-03
9.538336385561566599e-01
-2.315063950151899363e-01
3.472434143107250293e-01
2.871399947426807597e-01
-3.043200336894424374e-01
-3.342547083957200238e-01
-1.837867260640417277e-01
-1.653426154244688751e-01
4.479129679745311177e-02
6.450450796402920628e-02
-1.137377859523493184e-01
-3.277842181741687511e-01
4.446028665334653129e-01
-7.319795940231196840e-02
3.277782842966635024e-01
-1.162278298772512208e-01
2.332972878199979228e-01
4.913948280527828949e-01
-6.274436425307134968e-01
2.383884751259492674e-01
-2.930638593400952674e-01
-3.464916410812330927e-01
4.460941978365327021e-01
5.849628636288626282e-01
4.694529077739189038e-01
-4.023283747939578880e-01
-4.293327192853683971e-02
-4.022496536024195990e-01
-1.103990484792072291e-02
-3.857112486742735880e-01
-3.654815573445061028e-02
-2.275814666070104519e-01
-1.850200973764072609e-01
-1.540813313072946222e-01
1.747882169271810782e-01
-2.335322066644684447e-01
1.511575184913628925e-02
-5.236433118536654163e-02
3.207642707197307791e-02
1.338222723208692955e-02
-3.132426424846945223e-01
1.676092055975486050e-01
-9.146961105999648622e-02
2.518801720282083309e-02
1.883543234981965298e-01
7.696627785713056058e-02
2.084817106727342439e-01
1.295992825814737126e-01
3.594647793783547485e-01
-1.319321131475915398e-01
5.148123101326713968e-02
5.107882010130374573e-01
6.089942719151169026e-01
3.892558969707324290e-01
-1.006167531185216957e-01
2.939014584251729012e-01
-1.338770212139936411e-01
-2.921524197254449229e-01
-2.419272966861039098e-01
2.054267778300614411e-01
8.790495443998116443e-01
3.676414778414821560e-01
5.519834366900095990e-01
-2.360026226880788947e-01
-1.385281899688791118e-01
5.914248089125613561e-02
-6.472992345245850432e-01
-2.429412952119048286e-01
-1.503108926616905650e-01
1.551309354886959979e-01
-1.959181784173914809e-01
-2.246750415550235469e-01
-4.332125164540049506e-02
2.928362055903622196e-01
-1.127355188110755607e-01
-1.285353874356707782e-01
-2.491745916254348714e-01
-1.363758400927846393e-01
2.765487385409310939e-01
2.502976899890870799e-01
-4.022738220298309464e-02
2.247707460458726325e-01
-1.064850143976286273e-01
6.244025007970257501e-01
-6.035503350721567184e-01
-5.042418307440965641e-02
-2.816478772461508684e-01
-1.701061281481955345e-02
1.781846064934831247e-02
-7.494931752525342550e-02
9.384917027177677729e-02
2.312490506537644153e-01
6.544098268341266289e-01
2.316516297755463749e-02
-3.418496986029738727e-01
-2.937389473700667275e-01
-3.447906218685741209e-01
3.409724199262006428e-01
-3.166388279911283021e-01
1.055119528367170628e-01
-5.023995865524645277e-01
-2.568907474210468389e-01
2.439437608844870486e-01
3.266585714386836536e-01
4.039567518057827350e-02
1.491992487341313456e-01
8.660424099489429928e-01
-1.647202308830547635e-02
5.268506244752333423e-01
7.656833704420848430e-02
-5.409562945370276488e-01
3.642910353318921102e-01
-2.657599974972135737e-01
3.201549886658787702e-01
-3.436563512437100232e-01
1.428400830399943755e-01
6.791640209458910116e-01
-9.695294505425021414e-03
1.060375030586481748e-01
-3.712515913220798547e-01
6.179561559097106194e-02
-1.901548971946581401e-01
4.257634814686551694e-01
-2.161558058337126331e-01
-8.180720261609979171e-02
