-9.936587034063401602e-02
4.405267489803498804e-01
-1.365745032936019066e-01
4.769794281831589711e-01
3.867615640044634318e-01
-1.403360914279196403e-01
-3.868731293492210788e-01
1.431051804713978116e-02
-6.095448953830862049e-01
-3.218445777999079382e-02
6.127914063988161297e-01
7.543344542441373646e-01
-4.338798234065270876e-01
-8.493615375349423680e-01
-1.799231875214375720e-01
-6.347384374212909908e-01
1.881915564894851844e-01
1.924239375366990634e-01
-3.576408099270710073e-02
5.916924926560218623e-01
2.836923560009227963e-01
-2.941360990768563388e-01
4.479519762667130700e-01
-4.638756936465795455e-01
-7.077604022121272154e-01
1.237601920615388484e-01
2.569203850299277558e-01
3.163975071959201912e-01
4.971916483437351375e-01
-5.730930802908833499e-01
2.713050002844706876e-01
-2.343712170818094132e-01
2.301584605122389826e-01
6.501384493509099194e-01
-6.957278734289015776e-02
-2.772257981979316943e-01
2.767896130253391096e-01
-1.612308724540973681e-01
-3.691915619758077138e-01
-4.488209479670778324e-01
-6.355314400996282531e-01
3.704866212320770957e-01
4.455684618488052195e-01
3.768528549588968657e-01
1.515287152823780181e-01
4.179040609066624334e-01
3.222079802851080532e-01
2.849662257701099932e-01
7.840320670791076085e-02
4.288099918077646622e-02
-6.152486536137529161e-01
-7.134417873790858122e-01
-1.547695305017808831e-01
1.093789398371774191e-01
2.542781341187572708e-01
-3.994768911309729553e-01
-2.161039248050442008e-01
5.309633592277378522e-01
7.402827073301528060e-02
-1.538968744836206326e-01
-2.747709217910774826e-01
-2.225062911559043399e-01
4.464966507112896332e-01
-2.250110545361448666e-01
6.081185738199109680e-01
4.766870394967634983e-01
-6.013939916564432497e-01
-3.874979443015027503e-01
1.195504916305120402e-01
3.782307985279664275e-01
-1.497326711099896401e-01
-3.165814909319772386e-01
-6.602071291157101118e-01
-6.768664467991111211e-01
-3.868543601944460786e-01
2.463421917700238384e-01
-3.017709137009885745e-02
8.954005181290880522e-01
4.336115475281546727e-01
-7.372034130691809128e-01
-6.027366518987122834e-01
8.725295250116601453e-01
2.301276393565664935e-01
-1.051979614892891435e-01
-7.837607215193233279e-02
-8.898644717796714287e-01
5.482826262632480852e-01
7.449458316340246133e-01
5.466375000384098293e-01
-8.512196094699675530e-02
-1.197096862117200955e-01
-2.345988087068526795e-01
-2.311266302533007688e-01
-6.462429206689772609e-01
6.120773073907295192e-01
2.364214526520226622e-01
-1.659048047720906305e-01
-1.125685859952683388e-01
-1.826782082513433714e-01
-5.867708154100867990e-01
-7.473035891867039204e-01
-1.676335412702529282e-01
1.741283874519107266e-01
-3.534241141906709904e-01
-1.916710958636146378e-01
-7.927056088749491469e-02
4.544844586810452558e-01
5.026027680887406035e-01
1.661900913737927588e-01
2.572277825297966114e-01
3.389971265858654492e-01
-1.821186798933930318e-01
2.053453054317589954e-01
-3.906608910230066622e-02
8.215164318436667390e-01
-4.492082082352169548e-02
-1.709206686484976701e-01
-5.546262770237805340e-01
8.597381462654720696e-01
4.414831956376311095e-01
-5.118310614594743235e-01
-1.169852426342826573e-01
1.340052221443603919e-01
7.115644656777700416e-02
-6.111548902382646364e-02
1.401428554190570774e-01
3.446166065597623396e-01
-9.874859715918574143e-02
5.361860451156960083e-01
5.072253740839490765e-01
-1.519433549312512732e-01
6.002502854680267230e-01
2.038034000388495026e-01
-2.890086136204917944e-01
-5.005389354143498226e-02
8.876077076935680321e-02
-4.310573599064886352e-01
-1.368259923625256835e-01
-8.202871278241390118e-02
-3.773176352895726837e-01
2.438561261034538630e-02
-3.053111508146904574e-01
-1.756103873317132469e-01
-5.025267533703249578e-02
-4.225649060024272430e-01
-2.016013724113414340e-01
-1.350064484978410473e-01
2.365331273424806646e-01
9.211259355957095163e-02
-1.440133848582884901e-01
-1.743976284752350447e-01
-1.537868496072591351e-01
4.177726814691561097e-02
-4.687590298593528187e-02
-4.041973482656646688e-01
-1.405543803149846283e-01
-7.550926937300181385e-02
1.526552526248958208e-01
-2.776117276720357352e-01
4.673048765932459776e-03
-2.257565472173817811e-01
-1.033654098893028173e-01
-3.604774014226960754e-01
-5.513487371971679263e-01
-3.983484898887078574e-01
-5.278954025602780042e-01
-3.064265371435744845e-01
-3.182095306833679915e-01
-4.249010557773768432e-02
6.296674767679966839e-03
-3.137419768152593935e-01
-4.777974611385373827e-01
2.243082750440549278e-01
6.549948587869544037e-01
1.517494182485194243e-01
-4.020761780818725151e-01
-1.688855295484860408e-01
1.592630358571208160e-01
5.834670675206818924e-01
4.044490446817019524e-01
2.852165775745313381e-02
2.955375075567393539e-01
-5.792223459564777716e-02
-9.917955175849711702e-02
8.009681938692869707e-01
7.494621077776992824e-01
-5.650894030857478434e-01
-3.771629697254285096e-01
5.174488513585730198e-02
-1.481040077102465345e-02
-7.057851808758497381e-01
4.409407219327011740e-01
4.578677607796883264e-01
4.202620954270982340e-02
-1.308842797896741239e-01
5.114350353548432482e-01
-7.233726181606353611e-02
4.078287504195717839e-01
-2.586223336869650224e-01
-4.188611323557018817e-01
2.632438113588002337e-02
8.545044366784158019e-01
-7.459182425342554268e-01
9.315013915062975158e-01
-7.014623286212785525e-01
8.206301478970710050e-01
3.498806138168276680e-01
7.184606442988079600e-01
-3.451746827429155173e-01
-6.884126285887681718e-02
2.041411097072793890e-01
-7.776293759625350077e-01
7.315330863095901304e-01
-9.478395905982186509e-01
-8.094654010271610245e-01
-7.935630823206344386e-01
4.006179608415327276e-01
8.263777497539219752e-01
-1.964654595565623885e-01
-9.200751901040480352e-01
-4.024483440729607064e-01
-4.852070733461865126e-01
2.220949944207493421e-01
2.015219901222365384e-01
1.008454624748248984e-01
-2.452821685826810441e-02
-2.809620236730557274e-01
8.922279638082750708e-01
3.902187350707899127e-01
-7.086146542136482207e-01
4.505270709571757570e-01
-1.048208923201991993e-01
7.773938316802369020e-01
2.327580069516332895e-01
-1.327503794385513358e-01
7.420067092230742123e-01
-1.460061174385893779e-01
4.118700991459380290e-01
5.484467603952605241e-01
2.140805580687460963e-01
-1.567284378268684053e-01
7.793345939471284511e-01
3.448881325402808340e-01
4.632974778707897867e-01
-1.275878693133360442e-01
-3.591908088890216622e-01
7.549356408306777677e-01
-8.586142147370532385e-01
3.665725987283824927e-01
8.555204922586104876e-01
-1.797507923956253029e-01
-7.918470090959884855e-01
4.096911224598326351e-01
1.718856383170504765e-01
-1.557649320097725387e-01
-7.597746781610701383e-01
5.170407230791921327e-01
-3.271648550673184053e-01
1.301990378957303407e-01
9.938091188761742911e-01
5.103959361670472594e-01
-2.807371478881373061e-01
2.986801123718985096e-01
5.945382593077223055e-01
4.422724612121233800e-01
