9.554290795949091364e-02
7.595453105995940701e-01
-2.564495621315772689e-01
3.272651041768694369e-01
4.293835179441669037e-01
-1.216438378890422611e-01
-5.406034083791286804e-01
-9.501242192145474552e-02
-7.705185620115554412e-01
9.489615853454179406e-02
5.664883338841479876e-01
8.409877077832993431e-01
-3.985429027682195202e-01
-8.676620675652950698e-01
-2.706719677476987496e-01
-8.546535775512298372e-01
3.298721739530235952e-01
1.401514819182632376e-01
-2.006829624490447106e-04
6.051760373617620647e-01
2.703442246473378718e-01
-2.665866983809040969e-01
5.246647158234761799e-01
-4.347060092899240891e-01
-1.000000000000000000e+00
-9.230825850677545907e-02
8.885143976147606981e-01
5.619386558368829609e-01
6.906101716043616667e-01
-3.554276948666201252e-01
1.484979371247885094e-01
-6.330551467380149955e-01
4.661802979909224209e-01
8.780842229678631483e-01
2.163627040550008054e-02
-1.000000000000000000e+00
1.953067557389135192e-02
-1.641868485318621063e-01
-5.510314246492071799e-01
-3.603786101372561390e-01
-8.524749672849504245e-01
7.164766602165126841e-01
7.112895172024444879e-01
3.055959229155312817e-01
-4.004684750559560080e-01
4.534983839632465430e-01
3.816785180244861575e-01
3.939186110254925821e-01
7.998953261237926049e-02
1.252236011959318718e-01
-3.156193171494933170e-01
-6.611368243977816528e-01
1.458272732037693420e-01
-3.969816911496451550e-02
5.604576032824654108e-02
-4.751210751218540862e-01
1.563908808994742827e-01
5.459016396493417966e-01
-4.804006170900425310e-02
2.095446373091650050e-01
-6.259052410357006657e-01
-6.298054197925196940e-01
6.249202910555613499e-01
2.574354128650360729e-02
8.862280539523732514e-01
6.895426839836672483e-01
-8.029869900645099090e-01
-4.729308944749278654e-01
9.023527542055770345e-02
4.922082807310620978e-01
-5.168726302966301228e-02
1.806255070086502657e-01
-6.285000916315628405e-01
-7.062696724668972026e-01
-5.266530497093603325e-01
4.343435071686839732e-01
-2.253555800873852655e-01
8.532448356442065007e-01
6.133933082425010452e-01
-9.203836892948520365e-01
-7.365453287472423227e-01
9.827089398389680097e-01
3.876649445325038301e-01
-1.904594223658611363e-01
-1.831950371332733696e-01
-8.786128662715887438e-01
5.132506966968392037e-01
8.591642103985632772e-01
7.955699753345376601e-01
-4.370182232823334734e-01
2.660607715963486664e-02
-4.074601640563589866e-01
-2.217124853834263332e-01
-7.983047158444354086e-01
8.868567002141319877e-01
1.725161567111525296e-01
1.245014473929901833e-01
2.115590077726625662e-02
-3.134307648509340738e-01
-6.270564314001794148e-01
-9.484138838406980243e-01
-2.000536016272705941e-01
3.283526595939762482e-01
-4.548118842266765105e-01
-2.738001744316634900e-01
-9.386600785820932158e-01
3.351981128073956429e-01
6.010482187108222574e-01
3.523235749163981523e-01
6.220597808674471763e-02
4.676842908549913025e-01
-1.711889703326783252e-01
2.061187987467322236e-03
-1.912405315104553361e-01
9.364972712752093198e-01
-1.931625042518071433e-01
-2.619555501869784697e-01
-6.419272350786234815e-01
7.220548591615409961e-01
2.713842145080537782e-01
-3.894577971274205686e-01
3.643654132366158649e-01
-6.735410302077970979e-02
1.726965889846373073e-02
-3.012015216524587813e-01
-4.108591881896266340e-01
5.561885158590145206e-01
1.007641378591456194e-01
5.408734290751420204e-01
5.403990281959166753e-01
4.745454973851830766e-02
5.714229319714678734e-01
2.861705016581080896e-01
-2.856282260200833714e-02
-8.253498433572628579e-02
-1.178107321714058908e-01
-2.176223626149286217e-01
-3.419449096871896021e-01
2.259385857681667220e-02
-9.142064932860505255e-02
2.886044322587474342e-01
-2.807532024717334096e-01
-1.292327365819461449e-01
2.941803600441754082e-02
-1.704172327564873191e-01
-2.254478456871462089e-01
-5.057865043319934029e-02
6.114133052057357104e-02
-2.912244533827375581e-01
-1.831880691303538478e-01
-1.796968749227233209e-02
-1.084850229907240310e-01
-2.037344381769068957e-01
-7.364664911502875888e-02
1.101407078334080136e-01
1.038717421611601577e-01
-8.282450775537941734e-02
3.395484743214945977e-01
-3.242608403979160281e-01
-1.057301420103106682e-01
-3.021978225671112517e-01
-6.783017853710148204e-01
-2.703079642057444887e-01
-5.238173534695375055e-01
-4.172766263778869278e-01
-7.168343207738744338e-01
-3.737294913240524763e-01
-5.910653718853314809e-01
-1.452461712383284476e-01
-7.893140560742964440e-02
-7.343296723024013151e-01
-1.105549387062728928e-01
1.068011388753970226e-01
6.448354636192129563e-01
6.298574985859424213e-01
-7.270578239748741733e-01
-3.094205402746253997e-01
9.989157214075138069e-02
5.389571807069074572e-01
-1.146874158251896536e-01
1.022001748985803260e-01
3.556235385827644091e-02
-4.273024726769510118e-02
-6.319770348062951626e-02
7.663147840315005510e-01
8.235108123320693529e-01
-4.298855791810623495e-01
-3.404901294133666489e-01
3.039633162947501521e-01
-1.081931696065205895e-01
-8.399127525920265791e-01
1.359620878358373253e-01
6.901160363352520921e-01
-2.594820863928929411e-01
-2.321790509685713044e-02
5.339600773974823023e-01
-1.766132223659894196e-02
4.173068541477055193e-01
-3.181744861387060530e-02
-3.976896108349079473e-01
-2.910156965339050564e-03
1.000000000000000000e+00
-9.349449980923520975e-01
9.604603643106820465e-01
-7.077268709933031143e-01
5.964841040171069420e-01
3.855156681153574794e-01
6.902879278031308630e-01
-3.020887583949396493e-01
-2.574064209366272449e-01
1.674300359048890574e-01
-5.941850519904910977e-01
5.654518216932299390e-01
-7.320859876913423658e-01
-7.767136454406323720e-01
-1.000000000000000000e+00
3.492682345171737035e-01
4.436445575180906764e-01
-4.942591020685743741e-02
-8.662159379677311088e-01
-3.847828416358309855e-01
-4.795563470385792448e-01
1.553979583102717554e-01
-6.689144565498249262e-02
3.103444298945689517e-01
9.100324278140843604e-02
-2.407820458622342008e-01
1.000000000000000000e+00
3.588699694947851682e-01
-7.351194223175235853e-01
6.150939322635420314e-01
-5.083932070744618531e-02
1.000000000000000000e+00
1.498554114413250538e-01
-1.165478550764414700e-01
8.215070543516019841e-01
-1.180168064555754681e-01
4.128540809983677340e-01
5.147495252107368024e-01
5.548633376275267093e-01
-2.191161392121964979e-01
7.236448396615142720e-01
4.743728501132919995e-01
3.679486908818532798e-01
-1.400204242157623569e-01
-1.509536503866547308e-01
7.939844679418321949e-01
3.802327865717641808e-02
4.714454194866378733e-01
7.580953890727578637e-01
-4.725719884191524889e-01
-5.878607393684519566e-01
6.142279900563252237e-01
-4.492905607383196331e-02
-2.498535040257222617e-01
-1.000000000000000000e+00
3.409959494832764948e-01
-3.680564161531604817e-01
1.026678141831379176e-01
6.284558121830642330e-01
4.110926385122261606e-01
-7.377154065703878105e-02
2.740184159997437474e-01
5.552032847318451037e-01
4.823643247803466316e-01
