6.429014248606723658e-01
9.153613284321888977e-02
5.218678268047606261e-01
6.650950323936098973e-01
2.632104798562007186e-02
2.513526126720798670e-01
1.113983843442006016e-01
2.542437486191170271e-01
-4.385361879814136943e-02
-1.000000000000000000e+00
3.044534376209397375e-01
7.510330997831806688e-01
-1.954633587719417920e-01
-2.322410282086773692e-01
-1.972011342124717348e-01
-3.472131257571891561e-01
3.218100590351622436e-01
1.091597450334583219e-01
-2.096908501909041656e-01
4.660486240013738679e-01
1.130304168146176180e-02
-1.473046220115677707e-01
3.195454035358062383e-01
-3.504734087884786575e-02
-7.314535269452000776e-02
-8.141633917134692700e-02
8.311870091442138397e-01
5.164744046289987400e-01
2.985856444770385032e-01
-1.588823438976988134e-01
3.260155504426913153e-01
-4.562568646387109017e-01
7.241212598031471215e-02
4.842230809477318654e-01
-2.385062909775997331e-01
-5.957587185819863684e-01
-2.445661481618598698e-01
-2.594902576032412367e-01
-6.148426571976759458e-01
3.999239689647470647e-02
-3.294203193709896449e-01
2.060057834353718753e-01
4.183882312924658287e-02
5.531159885317584735e-01
-1.041906409650474319e-01
1.533114839317867295e-02
-1.898254848246726245e-01
-1.863624124829459938e-01
-8.260524537222277419e-02
-3.755013794259444426e-02
-6.322162662152960300e-01
-5.967937166018670858e-01
9.211264743534218480e-02
1.458476574306383777e-01
-7.384522231394513581e-02
-4.342631354893148332e-01
-5.803976361041109922e-01
-3.098219210655825395e-01
1.912966885448530163e-01
6.001172321671324750e-02
-6.104003690000681104e-02
-5.144892685873498489e-02
2.320150953403452565e-01
-5.174512230540166680e-02
6.771518294409650807e-01
-1.144192622417788963e-02
-6.113613564723054949e-01
-4.052663855746119204e-01
1.503459305929846779e-01
4.333291480971108167e-01
1.944700773731010413e-01
-7.074142753137397932e-01
-7.871082764834481660e-01
-2.036668406780633711e-01
-6.128432252758513332e-01
3.271124338467450432e-01
-1.770592393105342444e-01
4.603702522950861575e-02
3.275023487030688796e-01
-7.380853586382787324e-01
-2.317079112628901705e-01
4.867227018992744125e-01
2.104671030723457847e-01
2.882345637806356387e-02
-5.009560911163924990e-01
-8.302939035720242611e-01
2.779352452490596592e-02
2.816022774610248414e-01
4.350491992797466123e-01
4.858979805352389714e-01
-2.541392316829241826e-01
-5.695701855546909664e-01
-1.427481852997308232e-01
-2.788717673422468346e-01
2.165179268398126633e-01
2.584973088280786424e-01
3.565522614010122049e-03
-3.271663989820594587e-05
3.568941938332087505e-02
-3.963298055766044659e-01
-5.087571060223649022e-01
-1.370475439373700088e-03
5.309397734207188524e-02
-1.388436921323667472e-01
1.999316719679583576e-01
-3.697081220735609075e-01
3.872977043139363973e-01
2.801342561552390142e-01
-1.354807381585179382e-01
3.101262785196973737e-01
1.521000101224938561e-01
-1.446585016504395860e-01
1.239152592090370236e-01
3.485465990949572490e-03
6.871271887757094410e-01
-6.748163708051984067e-01
-5.729843366644100655e-01
-2.618103278648390431e-01
1.000000000000000000e+00
7.221149474811343616e-01
-6.046849501266582383e-01
1.516425465819976615e-01
-7.525964018936454059e-01
-6.352599890662937732e-01
-7.198165926010854365e-01
1.862504912098460474e-01
6.281557354758143807e-01
-4.331863437692011487e-02
4.674476223138989694e-01
2.208311149366491422e-01
-3.819490382270874784e-01
3.225732295537354632e-01
5.807276141398581837e-01
-4.099586212488620096e-01
-5.464554204032424645e-01
6.829020972462451766e-02
3.590412173868769152e-02
9.964358282778440490e-02
-3.295099551593269060e-01
4.694747133201383482e-01
2.497129202528529102e-01
-6.652304601590230959e-01
-5.664842549252797899e-02
1.010953340184421873e-01
-3.734590351599801350e-01
-1.500939612122759725e-01
3.065502833421765994e-01
3.320245872307573398e-01
-1.934856976704760201e-02
-4.817805824882287480e-01
-1.508923631829361955e-02
-2.585231759320091860e-01
-5.294362524086684285e-01
-7.715717209370603902e-01
-4.381228070193215474e-01
-3.943466556324520256e-01
8.747982822243167977e-02
6.260379687749997868e-02
-1.217275126443015387e-01
-4.935623729697719009e-01
-8.138628263025475540e-02
9.472556717663566106e-02
-2.854017266109120654e-01
-6.176835574749606206e-02
-1.288427891977920181e-01
-6.276094539795136207e-01
-1.150483446684031907e-01
-6.020083856486944107e-01
3.117067466564392153e-01
3.053273499572543570e-01
-5.642821063345502264e-01
3.047784004476639108e-03
-4.748850935403121920e-02
6.870790284320085206e-01
5.301699567053164142e-01
-4.564642449035097860e-01
-6.549972417145758508e-01
-1.294014873706652580e-01
4.359748608329727104e-01
2.884206701142489893e-01
1.260025991323098782e-01
2.400140933189487402e-01
9.267362310409060777e-02
-7.052058875480399225e-02
7.128883712767186687e-01
5.025723070283549809e-01
-5.897651009342118611e-01
-8.463281127297939133e-02
2.683383139418963129e-02
-1.098796241605615176e-02
-4.479483132490429953e-01
2.840771434414477437e-01
1.479594291083824453e-01
-3.400235100274634492e-02
2.536846069315961127e-01
2.217719186401308218e-01
-2.368133584954558724e-01
5.910336800181357209e-01
1.789239966213517496e-01
-3.663045733497203305e-01
-2.641144661663048787e-02
6.604982954673914719e-01
-2.133099623904431974e-01
1.571334238149957319e-01
-7.175808589531140758e-01
5.132163148169588407e-01
5.760289149088940741e-01
6.964479587715777242e-01
-6.139739171544282836e-01
-3.038766541550010913e-01
-1.291130183397756759e-03
-2.357069135001099991e-01
4.258475484206122874e-01
-1.430887289222287362e-01
-9.170965797614437642e-01
-5.421680171550941063e-01
5.133130670075713997e-02
8.166886981196311845e-01
2.269074710203336509e-01
-2.623503081625898625e-01
1.624708782658222939e-01
-4.334726144356413347e-01
1.593729890218402168e-01
-2.589559718259144550e-01
3.121090641149231182e-01
1.200667631253894696e-01
2.287308790708724171e-01
4.567757573051970388e-01
2.274930863002866399e-02
-3.506263888626263148e-01
3.602038075143850770e-01
1.478997684073212471e-01
6.447303385397213926e-01
-1.888417896491647041e-01
1.565600610371473966e-01
2.488470817462556939e-01
-3.077318475927015573e-03
6.425313696162382460e-02
4.122761146218734685e-01
2.691807189520283305e-01
1.820616478639460745e-01
4.000388662168028464e-01
7.732703123027866443e-01
1.502977590274512942e-01
2.469261073016867231e-02
-1.010008565048994833e-01
8.901942827344617726e-01
2.215944590321227703e-01
3.861989779246995935e-01
-4.542448129931908607e-02
-1.808307452355575329e-01
-2.675789283837767818e-01
1.449004761930165197e-01
4.156310949253653186e-01
-4.128163109200365111e-01
-1.000000000000000000e+00
-1.224872622027023406e-01
-5.372618284251993170e-01
-4.116547510715441449e-01
-1.446955376308983188e-01
-1.204397859794418130e-01
1.925553736627763357e-01
3.523382626592077571e-01
4.397278737086018907e-01
7.371087127309690068e-01
