-3.474785953813239736e-01
6.727939231366208972e-01
-1.617986668678244588e-01
2.833994991921457984e-01
4.456378441400446477e-01
-1.851696557122965991e-01
-5.958872469318876597e-01
-1.070564481701579140e-01
-8.929201094320966536e-01
1.253521816114499532e-01
5.457582293160569975e-01
8.777105195905483548e-01
-3.839763956289763414e-01
-9.709435525854015481e-01
-4.797410278336731726e-01
-8.706257552991966131e-01
3.344610025513484741e-01
1.640384417822928764e-01
-9.203722345655629411e-02
9.530123464405254596e-01
3.139361181768566822e-01
-3.967516229559117091e-01
6.509880086759651796e-01
-6.284263045671028003e-01
-7.357309336396544719e-01
-1.449928942793936859e-01
9.484471586395488707e-01
5.737360694751751922e-01
7.246221102531643643e-01
-4.769573176077053223e-01
3.307358291715245535e-03
-6.616770307853672151e-01
5.012917842033147720e-01
9.338760109849697510e-01
3.825190923698332246e-02
-6.819919183687097597e-01
2.628306828141607765e-02
-3.535179424412814297e-01
-6.795520864567108354e-01
-3.896385658044509981e-01
-8.647012868063891355e-01
7.789892681081220793e-01
7.606405891682620490e-01
3.173237262842691919e-01
-3.885566398762653195e-01
4.384158005506586520e-01
3.781694883358311388e-01
3.956184597680869608e-01
-4.275013575310775138e-02
1.329346747958939368e-01
-3.020968240699276608e-01
-6.522222083158804029e-01
-7.628846059109642419e-02
-7.680935776348776778e-02
2.463360359851090309e-01
-4.670569032900888651e-01
-4.760628209067774286e-01
5.691284078757790077e-01
-3.845502071397197130e-02
-4.856236128807289720e-02
-2.609654879210298595e-01
-3.483887137193717454e-01
5.412275222248938977e-01
-1.254922136692129264e-01
7.960635607677013503e-01
8.212351116028080433e-01
-6.628257036235947197e-01
-4.687250162472387238e-01
1.931128477977618330e-01
4.970096735682290046e-01
-5.902320137781191800e-02
-2.497873175018137104e-01
-7.548727264091354971e-01
-7.922526257669915140e-01
-5.152204573400390730e-01
4.420383314002402364e-01
-2.242281613236860593e-01
8.875585250253011926e-01
6.205921080639518195e-01
-1.000000000000000000e+00
-7.386956157971862336e-01
1.000000000000000000e+00
3.870227629060686292e-01
-1.837721048121269962e-01
-1.918744063068443528e-01
-8.045999867713229392e-01
5.186914815566688874e-01
8.963393570790786358e-01
8.385707968186795203e-01
-2.981734601693687425e-01
-2.727179680992222188e-01
-4.312724559840118710e-01
-2.078513946141234969e-01
-8.100245111150373711e-01
9.034358755312811295e-01
1.753289408182454601e-01
-7.979477185165850806e-02
-2.330575633673936942e-02
-3.012021695539153221e-01
-4.620724252846284963e-01
-1.000000000000000000e+00
-1.919354184857627876e-01
3.424225666504684962e-01
-4.660094122395148641e-01
-2.720188796272406950e-01
-1.000000000000000000e+00
5.450498854252747716e-01
5.729157777769301463e-01
1.855945779871829571e-01
2.803473695191242010e-01
4.885946997763690458e-01
-2.227047520797476865e-01
-7.416251469990795854e-03
-7.676412433014942471e-02
9.101989193115748167e-01
-3.126509971954835598e-01
-2.981214046238525595e-01
-6.390396846962140831e-01
7.346796383907050476e-01
2.481490640063694630e-01
-4.936939274101845299e-01
4.876242620940865469e-02
-8.532305714995673529e-02
1.508505834367665152e-02
-2.790493061342955716e-01
-4.892954405068168366e-01
5.829693775150092128e-01
1.364793437296165646e-01
5.472975385982545848e-01
5.564149949847387866e-01
7.282228621683982384e-02
4.481405781967687796e-01
2.252514800036523046e-01
-1.363896012610943398e-03
-1.471484961272447323e-01
-1.205824760289077868e-01
-2.233892314326886841e-01
-2.396895579256288489e-01
-1.931327212246606584e-01
-1.015807652437762110e-01
2.686083647215789516e-01
-2.706872366388805573e-01
-2.187960500865934466e-01
6.707750002204919404e-02
-7.984725032158920821e-02
-1.856157911865097543e-01
-9.769737329362204736e-02
5.587369158519703283e-02
-3.347208114616707642e-01
-9.665111371176915434e-02
-1.202055401658116973e-01
-8.721263418862205963e-02
-3.378584853645963948e-01
-2.805219295560554965e-02
-2.361092199242432743e-01
-1.345619545851943766e-01
-2.382063032055184784e-02
3.763325971366313083e-01
-3.205371992343862275e-01
-3.853915367519580859e-02
-3.599888150184605284e-01
-5.151106232625143888e-02
-2.337121903166606840e-01
-5.521892477712899705e-01
-4.363116309257502046e-01
-5.492280232804062079e-01
-2.661803865747453535e-01
-5.692570505375380563e-01
-1.203325601026144220e-01
-1.043920369927799907e-01
-5.029467639945932600e-01
-2.571496392728385705e-01
3.513683000986280724e-01
6.492978282692243308e-01
3.511892703747596101e-01
-5.684871835621971847e-01
-3.018444331465202080e-01
9.257676936854433714e-02
5.416762714655677380e-01
3.571905130078562030e-02
1.992855095685482358e-01
2.703971511690722584e-02
-8.592069923455885466e-03
-4.895331661333787027e-02
7.586087886977000982e-01
7.747638345094599588e-01
-4.630752678825706958e-01
-4.371979673108821185e-01
4.826932996499899708e-01
1.004958356741039553e-02
-7.252498006766222582e-01
1.883939946262517540e-01
4.182476644573367985e-01
-9.725035695000855407e-04
-9.688552772836458993e-02
5.259240085355015859e-01
-4.253060923643869895e-02
4.173992439279520794e-01
-1.872368348831198182e-01
-4.348211554808535384e-01
-4.310863776756684862e-03
1.000000000000000000e+00
-7.536887097358533349e-01
1.000000000000000000e+00
-7.007425814323641200e-01
7.717170075872847868e-01
3.800647742285774844e-01
7.026340491418174850e-01
-3.477277853098653670e-01
-1.537709768756399531e-01
2.276580967556405821e-01
-7.541278904422108464e-01
7.275332129024553174e-01
-6.924173970991510663e-01
-8.218194475821981593e-01
-8.000972144747049430e-01
4.929210860444798725e-01
8.473882526443723417e-01
-2.174696312329641446e-01
-8.746425077860756625e-01
-4.025255935259857698e-01
-5.107979170596980145e-01
2.981459891069409007e-01
1.026015398868593692e-01
3.712427791550944600e-01
-1.661372848895445453e-01
-2.824045180014450040e-01
9.195432909726154458e-01
4.073421964922803729e-01
-7.160516290566174558e-01
4.474295388679944696e-01
-1.085810523518203896e-01
8.165708308452797048e-01
1.948358433390030564e-01
-9.944053990612913840e-02
7.730633357434325559e-01
-1.916314079103210444e-01
4.151996277768897903e-01
5.645204235252778702e-01
2.754502361600065785e-01
-1.758390608578835890e-01
7.780415233648856344e-01
3.245151877867304413e-01
4.572351412990482422e-01
-1.235612218491102809e-01
-2.352931357158414283e-01
7.753418251214522217e-01
-1.000000000000000000e+00
3.565990002152117366e-01
9.749604057819408753e-01
-4.635077468612369134e-01
-8.745362343011440220e-01
1.182271749094270519e-01
1.984089244044057732e-01
-2.848389564891188330e-01
-8.091371106322905460e-01
5.812267887769084762e-01
-3.188214121010308766e-01
1.912910474224416291e-01
1.000000000000000000e+00
5.244513543502575814e-01
-3.841533109812153568e-01
3.335092150782250631e-01
5.679234087553119981e-01
4.131193809345269363e-01
