4.402444209919469387e-01
2.770678262778448753e-01
-1.007892606453111156e-01
1.086241328315513260e-01
1.143743632326628124e-01
-2.745671350585227738e-02
2.871385329887379823e-01
4.359163363055107432e-02
-3.933909514544275954e-02
-1.681946904378608665e-01
1.378924475318657195e-01
1.478717514335749772e-01
1.255503660107145647e-01
-8.726136728784976426e-02
-2.851127590042987214e-02
1.902198412706538472e-02
-1.125167975003291687e-01
-2.495877592618792398e-02
1.770714992949888253e-02
-3.454807468047871311e-02
1.328940341399155976e-02
4.154290745025841086e-02
-4.998208292773757139e-02
4.248226755386118603e-01
4.081277711266327879e-01
-1.545182522934302194e-01
8.191695765038140009e-02
1.102632604206165851e-01
1.487433052220304142e-01
1.632900620731349978e-02
-2.497518861365728426e-01
-8.635430748916915478e-02
-1.996160854597198442e-01
1.263401637118032605e-01
1.345641610968962010e-01
1.945856378373483908e-01
-1.205906779648111271e-01
-2.350011662269235468e-01
-3.566852721360925238e-01
-1.079373670677509639e-01
3.413014494901254192e-01
-5.291312232522250164e-02
-2.647971006949300654e-01
-1.899242173146006296e-01
-2.466265112944656113e-01
-3.164486509973295503e-01
3.313062924166909617e-02
1.559416581966014195e-02
-1.532690434732496554e-01
-3.043924662451426566e-01
-2.885376967924601077e-01
-5.476292605558245874e-02
2.653782810205596032e-01
-1.752525853292250524e-01
3.013662253470610342e-01
4.955980231228979127e-03
-3.850242930970820265e-01
-1.772365600264087923e-03
-4.306954078083093385e-01
-1.416768033421829942e-01
1.881813607529669308e-01
1.995463057304793994e-02
4.475811734323463797e-01
2.428656196524976996e-01
3.092326177736755000e-01
1.926691704462797639e-01
2.340957424743313198e-01
-3.041983445868720048e-01
-2.548709686660934892e-01
-2.863817883503314565e-01
2.088658889899479010e-01
2.132634507104667898e-01
1.130414699466484735e-01
-1.707834723294771040e-01
5.265859494264581164e-02
4.981106182326305309e-01
-1.665397714205471558e-01
-1.474164965450074083e-02
2.526442421714362174e-01
1.430854735400515776e-01
8.137803468807329466e-02
9.263907506443611051e-03
1.151927900631828788e-01
1.444030315705553957e-01
-4.789784130093319159e-02
-1.432505768388968870e-01
-5.336304386819616663e-02
1.662215792634532674e-01
-1.223066567071729865e-01
-1.569932300557969618e-01
3.898770423830510423e-01
2.177009109939626597e-01
1.234978250768555830e-01
-5.451433890368150292e-01
-2.527549282559218291e-01
-4.349587107471429293e-01
3.609118462347164491e-01
-2.665230009150603152e-01
-5.544696717308241624e-02
2.258407169988640162e-01
-3.526795298831879033e-01
-8.985443764824040114e-02
-5.080132211540077519e-02
6.960414722519063513e-02
-4.051664657283647886e-01
-2.384054115863678824e-01
-3.023509222983546962e-01
-7.930574133745489640e-02
-6.469029605904241809e-02
-1.232222275942841394e-01
-5.871576103887236053e-01
2.959214498180893181e-03
-4.839336512136682006e-02
-2.421147018563908071e-01
3.005239025645703999e-01
-6.658072973192780131e-02
-2.228003284202362544e-01
2.347025187483062769e-01
4.008704544861920738e-01
-1.091561322961648733e-01
-1.126730166771620634e-01
4.416852538376424553e-01
1.711011478423207222e-01
3.239723754598364258e-02
2.252233366916660817e-01
-6.584846449115396017e-03
4.592068692492051046e-03
4.428886801922881644e-01
-9.595391557172504304e-02
1.858243313685396525e-01
-1.720619608621390129e-01
2.110938327781825274e-01
1.756902848630227387e-01
-1.699427604643348744e-01
2.144886541764375043e-02
1.359107669178238609e-01
-8.190865057041656072e-02
-2.035240950086553147e-01
2.092625287772071907e-01
-7.697311199171291696e-01
-2.136927661135208656e-02
4.253523613787669189e-01
-3.732591830823480672e-01
-4.443259318857510909e-01
4.048287184510089842e-01
2.632653683335894890e-01
6.104961147666224108e-02
-6.241703811069513469e-02
7.631183303892847825e-01
1.717818773386997899e-01
-4.370016930519870502e-01
-1.246415780686310204e-01
1.904239404741278063e-01
-7.391390860513204208e-02
-1.508243994398535681e-01
1.516261991211884930e-01
-1.018798918164977307e-01
1.359405506043362688e-01
-3.951430099244415128e-01
3.138548417283740233e-03
-2.300611404806908802e-02
-4.852927163245331771e-02
-1.600662657779613682e-02
6.369515155947758078e-02
-2.382056431087952453e-01
1.816326065682577484e-01
-4.020500736507558182e-02
2.267941193534732947e-01
-2.700164017342167044e-01
1.285198831533649333e-01
4.054814649821027184e-02
-1.215951953696202542e-01
3.049669885113571177e-01
4.350708062953104888e-02
3.458676825749246730e-01
3.130683614711495255e-01
-4.242416745140928716e-03
-1.057539980816668834e-01
-1.449603999122111853e-01
3.182605557236127536e-02
-1.400607364186798320e-01
1.795847265510129576e-01
-2.626693533378520740e-01
-7.372822543476413581e-02
-1.754719423391404298e-01
-4.922123043547718679e-02
1.809448090305070811e-01
8.551492502983906729e-02
2.998338638327596034e-02
-1.103376327112086663e-01
-8.859848965486150085e-02
4.499768503297603139e-01
-5.051595809159540318e-01
-1.607510125622095831e-01
-3.220268866798713103e-02
1.228392431611655261e-01
-1.828864879089270312e-02
-1.894406788159188892e-01
3.792582991183963692e-01
-8.596815735220265930e-02
2.542138884329945281e-01
-3.414362754076649686e-01
8.076976563626501182e-01
2.580439665640134050e-01
-7.727977921597414812e-02
3.779913267704053670e-01
-4.197847203943330663e-02
-2.756405712901282001e-01
2.269709990865690918e-01
3.925144406606955738e-01
-4.563743373125147551e-01
-2.029617274145444766e-02
2.413186456261602608e-02
3.211267063019446755e-01
-1.492076186256668657e-01
-3.646620903632121213e-01
-1.050875238732825456e-01
-1.681583803493162665e-01
4.226436282743852857e-01
1.050635372952532509e-02
3.105291957662681401e-01
2.026543644232526309e-01
3.135556942135198644e-01
1.429787239391796735e-02
2.924994842116172000e-01
-4.778153662933493778e-02
-5.652566738730335077e-02
1.016945265687986023e-02
1.533375400218862927e-01
-1.380883589935062161e-01
-2.185357942500568834e-02
1.305876496419376420e-01
-9.175096675683491743e-02
-9.158770135381827382e-02
2.273449072210691896e-02
-1.083392009483475776e-01
4.346373120290756425e-02
-2.168494987149890418e-01
5.822866094771583789e-01
2.900744988932246193e-01
-1.210875496913485644e-01
-1.234288967423742139e-01
7.982494425902579571e-02
1.320312156816388638e-01
4.068852764417177914e-01
-1.990433724398872339e-01
-4.826538640953011439e-01
5.510837651623734512e-02
2.892044986900605408e-01
2.920062847960844254e-01
-1.769000536942488544e-01
2.782691020518541225e-01
-2.594252476906729887e-01
-2.027447780311169845e-01
7.378790341989814594e-02
-1.608161953659686672e-01
2.541298103546958398e-01
-7.415451794255586981e-02
5.210737786957811979e-01
4.703379259806446389e-02
1.492106595822542958e-01
-1.405303290586970288e-01
2.215726785681857991e-01
-1.529326398586734748e-01
1.682986349937750925e-01
