2.069745638773162200e-01
1.890734442783070790e-02
-2.661955509794680652e-01
9.073791220759370724e-01
-8.652519741002895337e-01
7.412500028691627607e-01
1.000000000000000000e+00
3.460522215822831038e-02
7.551904611657820343e-01
9.282105263749205193e-01
1.111960967463747479e-01
4.977808535529955614e-01
-5.370767338298286508e-02
-4.640095561226344201e-02
8.194167631791630102e-01
-8.562855967831436432e-01
-4.369292223577733170e-01
3.518655848724560053e-01
4.030622690501940719e-02
6.004698114305805356e-01
3.035972561446793616e-01
-5.211196574447753971e-01
-1.327496530122944107e-01
-3.397144565124691762e-01
-1.828103433585169246e-01
-5.427637267933431708e-01
-5.034195181117508966e-01
-3.606971711576687500e-01
2.406303925362604790e-01
9.036892668809306528e-01
-1.204842416775333824e-01
4.092199737538553816e-01
-4.382554695715281112e-01
7.921902621046912341e-01
-7.404765803307357397e-02
-8.195914710335686637e-01
-6.770482589052082001e-02
-6.283910286680383095e-01
-4.789311153324969650e-02
-3.524832769820634426e-01
-2.738594915110389438e-01
-2.033687422327208894e-01
2.367013030030548637e-01
5.937709667550143955e-01
5.245808698108569423e-01
-8.460745384027769100e-01
-2.684317719445183381e-01
-5.158603899544137450e-01
-4.533363868912486105e-01
-6.454066109768656911e-01
8.280245789584574911e-01
8.359981639331186543e-01
1.124020552681272711e-01
7.132156368936577451e-01
8.621590353525616646e-01
7.037857878852666893e-01
-5.115496142377122801e-01
5.623421501175220882e-01
5.744269449854073617e-01
4.567034408333477402e-01
5.000029848826348378e-01
8.972115636382709258e-01
-8.253323845185314145e-01
-9.434781354031093192e-01
2.667197185369526435e-01
8.724481680881004397e-01
-7.957655023120387972e-01
7.128403778302883076e-02
2.532460666812831329e-01
-4.585803032645038857e-03
2.197114163066750114e-01
7.105830407620928879e-01
-1.167115956239666782e-02
8.546423154215126994e-01
4.650809972512064822e-02
2.251210334806125757e-01
9.453713868512994556e-02
1.353068709011135407e-01
-7.461175398642265755e-01
-6.443363064905852644e-01
-7.500129889460378507e-01
-1.789336579231690927e-01
5.212221374315630928e-01
-5.462371291851809696e-01
-1.200185002752835253e-02
2.722407617879266106e-01
-5.987991602235831490e-01
-8.711898824191711688e-01
-5.355560923144154772e-01
5.106613654442343497e-01
-6.518012866258775517e-01
8.697688315652130076e-01
3.872070813707469417e-01
-7.309017720853627775e-01
8.848634567876181301e-01
4.954525238549776223e-01
5.866257159377615688e-02
-1.234395841975089586e-03
-8.565838325110268769e-01
5.157519487512106648e-01
-2.716212068270296154e-02
-3.950760149795723430e-02
-7.805878706995272864e-01
6.484269444691166395e-01
3.880266000296158091e-01
4.500109919140339865e-01
-2.769402657790828171e-01
-7.826526233404949018e-01
7.726717875704248728e-01
7.357493325643761350e-01
9.317743605578894250e-01
3.038088603834311341e-01
-1.450085540754981472e-01
-5.815924016229176985e-01
3.359915038217274330e-01
-3.508525380830707086e-02
6.710948719986589150e-01
4.419389534265927844e-01
-6.311937571330781260e-01
5.666754938521479934e-01
-8.104216129910677413e-01
-4.039263924795278848e-01
5.939875605510830381e-02
8.249201040060094581e-01
6.133367009575968476e-01
-9.168231715841221874e-01
3.807704832742525025e-01
1.865872155546336453e-01
2.294875784835923027e-01
7.818257758450645190e-01
-3.664964619162029980e-01
-5.570267071708888407e-02
8.754134244344887739e-01
-3.080492745686287392e-01
-1.802767623089655824e-01
-6.275607825342603974e-01
-6.892186321544875593e-02
8.264168279661273653e-01
-5.929678041867182392e-01
-9.287214855309862127e-01
6.132706017388559472e-01
-4.438983915335785457e-02
-5.730178150254231495e-01
-9.021483843380626588e-01
-1.598735722631474121e-01
-3.779462840028990911e-01
5.776245918720517292e-01
-7.565570642484755748e-01
5.931939220485531461e-01
-6.135764362518461024e-01
-4.763055694308790944e-01
-1.341920556283242305e-02
-1.000000000000000000e+00
-5.563071442601624783e-01
3.466714874368680421e-01
-4.414019867021128363e-01
-9.784311618650302911e-02
-4.504372751871029701e-01
-1.770420458585803269e-01
2.768948929167888151e-01
1.030756279080933119e-01
-2.881632058223084769e-01
-6.287260131164230659e-01
-1.960092131745898580e-01
-5.378847330326026466e-01
6.493630979950903992e-01
9.358421778054979434e-01
8.634236134589164113e-02
1.638669442470417348e-01
8.198665702939972322e-01
-7.000549091861034412e-03
-2.205930428432439361e-01
7.212350042586129772e-01
2.991644969453205460e-01
4.286553959214020049e-01
8.643666915956470520e-01
7.689976320995001169e-01
2.738561678189815884e-01
1.359310485541190272e-01
3.048926712581075393e-01
-4.021258025910829925e-01
-3.365005390283802855e-01
-4.294129830717949847e-01
4.522299455466480822e-01
6.367657011753988794e-01
2.401738697532181943e-01
-6.928241560540332467e-02
-9.284528679259522743e-01
-4.829758380651665295e-01
-9.651620756840223470e-01
5.598349166155759393e-01
7.734953778917353917e-01
-1.000000000000000000e+00
-5.544577448247690610e-01
-4.780198674580521390e-01
-1.102166713326226677e-01
5.665332732608476807e-01
3.013131746731396166e-01
-9.694875483307929809e-02
4.756683422942420414e-01
3.068236675964415294e-01
-3.786752977623843996e-01
-6.256598972296325556e-01
-2.879475855428896905e-02
-7.887837105864798914e-01
-7.042606444204504434e-01
-8.712188273631022994e-01
8.130647065222991188e-01
7.277979963444465294e-01
2.430010069109735382e-01
-7.537102788222239669e-01
-2.568306317208442491e-01
6.838423006120174230e-02
2.657739920475599149e-02
8.686501265837898167e-01
5.965452222869978005e-01
-7.324029668871873122e-02
-9.224416355037697857e-01
5.989718810167529162e-01
8.832638296893352559e-02
-6.520925291257576029e-02
-4.824902248565256513e-01
7.180444248894845005e-01
2.067882584251283795e-01
1.379426106638832750e-01
-4.461541340195341876e-01
-6.714120013857454161e-01
3.544887608646919985e-01
-1.314885559130627990e-01
-3.436979956899871014e-01
-5.221622171356691267e-01
-4.639414332443378974e-01
2.352815546579031247e-01
9.592245903118936518e-03
-1.059830131772596384e-01
1.698088737051080821e-01
-6.060993827849713300e-01
-3.841273997984332444e-01
-1.113958153733263096e-01
-5.198373725631912912e-01
-7.684751591030003492e-01
3.201546325536241411e-01
7.155479752076336908e-01
9.296174943155897930e-02
6.566803377937009412e-01
-8.296395760392860641e-01
-5.861905067945887282e-01
2.319549875234330205e-01
6.052465508168347608e-01
-4.537146311405112487e-01
-1.299162224175363090e-01
-3.757240109079539314e-01
8.322850054851228807e-02
-5.826198797745070213e-01
-3.660285253464801158e-01
-2.650421947828782154e-01
5.813857975580351001e-01
-9.153393173771534608e-01
1.386941060870521825e-01
5.867976502795071436e-01
1.000000000000000000e+00
-7.532023590196106344e-01
2.190559935795404756e-01
5.134327429274355703e-01
7.920698328690823908e-01
