1.000000000000000000e+00
3.682244637648863783e-01
-1.599188476838818984e-01
6.299374407402964504e-01
-8.812987845394300024e-01
-6.935330663061630707e-01
4.217487083496351818e-01
9.223509392528019823e-01
-8.904895239048258304e-01
4.896792557280105207e-02
-2.308534303118910391e-01
-8.183421537827959558e-01
6.940886260620060533e-01
5.303648650762207151e-01
-5.614420300052582746e-01
3.479170107845985793e-01
4.837056720334663718e-01
-6.372464357689680003e-01
1.000000000000000000e+00
4.115204043658903799e-01
7.161648452394142605e-01
4.717176560763151616e-01
3.597531787009526361e-01
2.210214520688207618e-01
-1.000000000000000000e+00
3.953085583757509625e-01
-1.438400758490177012e-02
-9.040193191351603152e-02
2.039188875866922990e-01
5.868936555697502611e-01
1.005868631823374770e-01
1.635432423499944832e-01
-1.581360246229713828e-01
9.162289340040294938e-01
7.279391556136138863e-01
9.235277336355776079e-01
-6.463168571941828588e-01
1.290963939238435054e-01
-3.955549438120392614e-01
-2.230834932400411752e-01
6.281073384855550001e-01
-7.058797554404165897e-01
-8.952846044053025532e-01
4.612062790994925221e-02
5.307421623369261710e-01
3.956877203772634632e-01
-6.406648148647007268e-01
-7.302662331805264140e-01
-9.362050266912420593e-01
7.629516893846531866e-01
-4.971947055690112416e-01
7.723629442842950832e-01
9.078534042813047877e-01
-2.378559497960784364e-01
-6.086134348920780868e-01
2.450100761055619136e-01
6.365925777200573954e-01
-1.000000000000000000e+00
1.000000000000000000e+00
1.000000000000000000e+00
-4.125735437930422300e-02
-7.601866802966864012e-02
-6.790460101032482765e-01
2.404805257390280060e-01
7.831939180326025207e-02
8.587969062207619908e-01
7.574739579856116789e-01
-1.000000000000000000e+00
-9.249782820097691705e-01
4.724595297808833472e-01
8.737210611426167173e-01
2.567742089390337434e-02
2.534456250044566650e-01
9.452998915586584561e-01
8.557114236608187596e-01
-3.456709510519869188e-01
-4.365803483385248263e-01
9.751085221721314533e-02
-2.553822571806458330e-01
4.989600969151622989e-01
1.492410356188920983e-01
-7.219003400786747626e-01
-9.485624112001006525e-02
-8.637105949700492058e-01
9.486478545205059287e-01
-2.667357221365506126e-01
-9.235936629582748303e-01
9.989012982035206933e-01
-7.848293962726872186e-01
-4.713741177963526319e-02
1.857143363325022278e-01
6.718937408334872963e-01
-3.668596862483425314e-01
-8.150181455020840682e-01
8.752898588522076695e-01
5.879555087971555238e-02
-4.414931462545117480e-01
-1.139574741393126894e-01
-3.940842226507416668e-01
-5.255911109335570375e-02
3.195914570044550707e-01
2.653595627502980392e-02
4.452120868044122382e-02
-9.544595372878411643e-02
5.303470478336018701e-01
-1.672578090706788312e-01
-3.770514675765840318e-01
4.598103715340880887e-02
-9.578189171490289477e-02
-3.516224515779350357e-01
-7.037050364565444749e-01
3.927070597600181845e-01
-2.267367193237037892e-01
-3.882003456004800013e-01
-5.331772489649212465e-01
-1.304675300118108838e-01
-1.623321815874850249e-01
-1.343829984990495274e-01
-1.003842355695255678e-01
2.157563866767390204e-01
-9.687763621904496580e-02
3.829251315316230531e-01
4.103007345064443173e-02
5.282941409469065208e-01
-3.070932917082328656e-02
-3.162091493359236449e-01
-4.613245284334333007e-02
-4.825733278644336322e-01
3.307809965399569618e-01
-2.363714443414077077e-02
1.548524317694358055e-01
-6.115811025859929639e-01
-6.585707522832986993e-02
1.822320472149922821e-01
-4.357301408848295032e-02
-2.057027261672955687e-02
-1.634739060558664803e-01
-3.569484561042707838e-01
-2.177457203146244691e-01
3.301651268564907704e-02
5.989861313039372970e-01
-1.643036282075909793e-01
1.999969862194145298e-01
-3.729986375983792568e-01
-1.379174497880448769e-01
-9.552452536052395971e-01
5.917020119262568212e-01
-6.668748147172958163e-01
5.833744480136835442e-01
-1.723042759507649180e-01
2.147373679657249290e-01
9.851958046468249908e-01
-3.843821295230757662e-01
-2.791615171690702280e-01
-2.796651489863961615e-01
7.617059915590078667e-01
-1.000000000000000000e+00
-9.736267029271307161e-01
-5.552022369374485233e-01
-4.995018163718256687e-02
-7.863296828826369378e-01
8.724261334316953942e-01
-8.932118487914787464e-01
5.250179702821630157e-01
-8.425711553304293666e-02
9.064380943992847994e-01
-9.303796542960514060e-01
9.986468128545999967e-02
9.494689370310671617e-01
8.680490869514072561e-01
7.347566579561750633e-01
-9.850162654441045884e-01
-9.926536726900627716e-01
-1.942431768445906926e-02
3.851399112958129867e-01
1.000000000000000000e+00
-6.866981858630041291e-01
-5.863370043885385297e-01
4.095470831699576930e-01
-4.997167943047138294e-01
3.662567338230791059e-01
-3.657562138742013746e-01
-1.026017608328225472e-01
7.005493367075317224e-01
9.983710606911260221e-01
4.898727402418111554e-01
5.896356913608052919e-02
7.610440214009674964e-01
-9.069723118063047762e-01
-8.235927338877768733e-02
2.352529976886887919e-01
3.308352696171809049e-01
1.594610187804752499e-01
1.000000000000000000e+00
5.279121651721654374e-01
7.776104221136013184e-01
6.242290355057250606e-02
-7.394763925850986741e-01
-4.854320983895068498e-01
3.420840355489316309e-01
-7.167731126589917956e-01
-3.945792719451869934e-01
-3.954901978629304371e-01
4.512994385413680032e-01
-4.475871857040220059e-01
9.127431508634885615e-01
7.934945213199868785e-01
-1.000000000000000000e+00
-7.705276554951626666e-01
2.311381463071821574e-01
8.981504065406546999e-01
-4.839207430807461741e-01
-9.324552677235131704e-01
-2.345747672254691885e-01
-6.845444446980470943e-01
-4.869519803873647579e-01
3.436010521250932315e-01
1.536010058269252632e-01
-9.380134874344494555e-01
-2.309158403799985160e-01
3.704637288411453122e-01
2.501530337270986837e-01
9.263715252171326187e-01
9.467847264715900657e-02
7.472139461937630234e-01
-1.314613885998466847e-01
3.166702978915931221e-01
-1.000000000000000000e+00
6.437425492555324258e-01
8.017832141028375936e-01
-1.895512622417501181e-01
-5.341776379724890722e-01
1.952650843969556682e-01
5.090324413881046617e-01
-9.477437247703093259e-01
-1.881084874251902628e-01
-1.000000000000000000e+00
5.347760816965932973e-01
2.320039689123426785e-01
1.000000000000000000e+00
-7.387763873257732206e-01
8.652872845232522092e-01
1.000000000000000000e+00
8.874597484409789683e-01
9.429547581975392667e-01
-1.575236243894551080e-01
2.896281839928169788e-01
1.000000000000000000e+00
9.471907567026052188e-01
4.836746686491376623e-01
-8.910950659627442372e-02
1.000000000000000000e+00
5.812223748719331784e-01
2.992745731909574047e-01
-6.864221954941447379e-01
6.107233170767274455e-01
3.598167208632681024e-01
1.940780638549986781e-01
5.365593649200184334e-01
-9.200678655250207338e-01
-7.963772215712270341e-01
-3.155274039177672352e-01
1.332004869054609630e-01
8.957800513855532776e-01
-4.521435673579026204e-01
