8.424890648055486375e-01
4.170683086393407457e-01
-1.300286833274153786e-01
6.868737257367047988e-01
-7.235769359275160406e-01
-8.085054761309612426e-01
4.046252937431739083e-01
9.070554445940676169e-01
-7.134595613358882815e-01
3.977104986998430958e-01
7.791198607939633924e-02
-6.894384132084827588e-01
6.214477184698758983e-01
2.307974467615623304e-01
-7.392195457280144044e-01
3.316474217295002913e-01
4.144115582553681842e-01
-3.906013048763649631e-01
6.477148371144690886e-01
5.906218655997038658e-01
6.634156297812089376e-01
3.824323621953400476e-01
2.515109862093345416e-01
4.664452848876781688e-01
-8.027917148241272560e-01
3.711315671892861934e-01
-8.129388937235668133e-02
3.950391974478528745e-01
6.451705275099645087e-02
2.419037239307435527e-01
2.579905319296232902e-01
2.571504398515531697e-01
-1.236063937731901041e-01
7.620812577747225758e-01
5.190068232124882552e-01
8.335605497454772195e-01
-4.652168510888157194e-01
3.256772001260674343e-01
-3.494826890918693030e-01
-8.080513907715800026e-02
6.171299079549498190e-01
-5.789150518423082925e-01
-7.382921480922167712e-01
1.261143361919520589e-01
2.690920985373344565e-01
3.988031968411163142e-01
-7.012107026665129750e-01
-7.189658013345746612e-01
-9.263177426462348985e-01
7.586335342864861664e-01
-4.845080145326017829e-01
7.585240957001113671e-01
7.668577413381569841e-01
-3.784200905743517751e-01
-5.843854039683848978e-01
1.417738945007122886e-01
5.031000336857105459e-01
-9.205310345323589605e-01
7.554761826084805953e-01
9.620884875400671499e-01
-4.075455079640201428e-02
7.858973106761432681e-02
-6.535494568871687004e-01
7.681962207474031246e-01
3.725655003664204434e-01
1.000000000000000000e+00
1.000000000000000000e+00
-7.062106876602824990e-01
-9.116219145804007606e-01
4.654087301691109402e-01
8.275357028521586056e-01
-1.812110888421562538e-01
3.217389978795244243e-01
4.060914436103656433e-01
7.961437500775302434e-01
-5.610549971562396321e-01
-5.007887536140191997e-01
6.009697846317156589e-02
-3.062022866881783933e-01
4.735469912774430967e-01
-2.566112746840526482e-01
-2.262294463257625843e-01
3.712027447924192702e-01
-7.876956835566574222e-01
4.321454289033443419e-01
-3.173298758565190614e-01
-8.850114022970245742e-01
7.937332656071764969e-01
-9.349012803659313420e-01
1.243437861109520648e-01
1.850901144452652136e-01
6.295013602966327282e-01
-2.430764881778537667e-01
-6.475861123916748507e-01
5.258110787931757901e-01
6.226827688573941672e-02
-4.305504816205626972e-01
2.553798569739831326e-01
-4.033274196421398061e-01
2.264351456515092120e-01
4.048275320592303883e-01
-2.641007295107804242e-02
1.865383309553239333e-01
-8.726119027429272978e-02
4.756615321260098672e-01
-1.161723650667390445e-01
-4.024778368602922596e-01
-2.924896046664725996e-02
-8.206039876190042437e-02
-3.312301495358001557e-01
-6.470775459721948009e-01
4.176261113595825525e-01
-3.022100110876241308e-01
2.154054339622339109e-01
-1.056589265395683763e-01
-4.213659735229263736e-01
-1.876743217455854595e-01
-8.811004101604923144e-02
1.835912696587552739e-01
4.124872186680013098e-01
1.362911737493879838e-01
-2.653078468000158452e-02
-8.393425623252221898e-03
4.849887799220935491e-01
-7.092866583722534472e-03
-3.740389392351902709e-01
-1.044417986641554309e-02
-4.472950397852631932e-01
2.436274397506161815e-01
-3.097788670560538415e-01
-1.319393318968144213e-01
-4.445989241105936518e-01
7.348807853872560414e-02
1.114768034323227047e-01
-6.992978869192917335e-02
-3.618816974872575420e-03
-1.320178934699404727e-01
-2.658384298563367665e-01
2.922632417963641482e-02
-1.028487122195399783e-01
4.694240221855893180e-01
-1.460874408256961909e-01
2.096589953278746310e-01
-6.983621167905806892e-01
-1.225035875573099453e-01
-7.864704953357637418e-01
4.902104891842360423e-01
-4.674180846011380952e-01
6.207121029295167292e-01
8.404462027854664452e-02
8.351070711902550125e-02
1.000000000000000000e+00
-4.368313144558689798e-01
-2.363815639214587039e-01
-2.717761924045914435e-01
5.476136473425514684e-01
-8.354323504017306945e-01
-7.351007152500914632e-01
-4.228038090541159644e-01
-2.372666358493440708e-01
-7.232976248728509860e-01
9.420591646831224519e-01
-8.126902022572481954e-01
6.568255340464885794e-01
-4.923745849206774827e-01
8.371922164724558968e-01
-8.991526910016723884e-01
1.489589862873961223e-01
8.739981206809945835e-01
8.579206210685932366e-01
7.018829341987840031e-01
-9.261781367225203621e-01
-8.992917684078015617e-01
8.409298412246411433e-03
3.701336928237985435e-01
9.531879378387290158e-01
-1.000000000000000000e+00
-4.841952645629150620e-01
4.166715731775156861e-01
-4.625444054878813938e-01
4.401528753500894009e-01
-3.946020992690748019e-01
1.251928902871407567e-01
5.450318395200866028e-01
8.747458426308531987e-01
4.933587525431301635e-01
-3.346033441952569465e-01
5.665077010141417180e-01
-8.464800859124342880e-01
-1.038369331617043090e-01
2.406684123787291574e-01
1.770432461586551875e-01
2.157912573982349036e-01
5.482904138406625716e-01
6.350513294978066270e-01
7.392655424928060715e-01
6.859487387659390922e-02
-8.852715349484163720e-01
-4.758061552189808974e-01
4.350313309669072703e-01
-5.481171833281355266e-01
1.188061660538589082e-01
-3.789146986921352878e-01
4.373349110914925841e-01
-6.242915695302898582e-01
8.211199400814271909e-01
8.557935550572994821e-01
-1.000000000000000000e+00
-5.710790457379568696e-01
3.812049841582464960e-01
6.870900461918457713e-01
-4.352577087302029191e-01
-5.562155010153215784e-01
-2.032662912204514782e-01
-6.216440279014296966e-01
-4.305524774774844299e-01
2.471780518718213193e-01
2.610328197823109653e-01
-8.588151683017095639e-01
-2.075749055122542985e-01
6.382925394524765483e-01
2.995579710513771587e-01
8.247797122617398502e-01
1.861033998789030364e-01
5.902082765675298326e-01
-7.336864384656906213e-02
-1.385015469587817516e-01
-9.386760912939755563e-01
6.173532725744826921e-01
6.467562555399494206e-01
-1.551795567894059813e-01
-4.275753062549290662e-01
1.989703897251047238e-01
5.257353952409682396e-01
-9.455292231022683902e-01
-1.582567778445076734e-01
-9.425214339855270129e-01
5.723724919664038291e-01
2.074677799692222213e-01
9.457154606640086891e-01
-5.413829164519984305e-01
1.000000000000000000e+00
9.268660383222848687e-01
7.588105193981238283e-01
1.000000000000000000e+00
-2.160405397088286661e-01
-4.259922873348148675e-02
4.667066204178918487e-01
9.053358045051375091e-01
4.536422256883992921e-01
7.916786824352363416e-02
8.414851624879279290e-01
5.387818271185021990e-01
2.693339251637906218e-01
-7.113767504665285957e-01
6.979851066913818070e-01
3.888903669844193112e-01
2.186103130880041601e-01
7.157899177466499063e-01
-7.735133218522628473e-01
-5.931808893433602181e-01
-2.731569641096084911e-02
8.576475612066414289e-02
8.351606093156787036e-01
-4.248659594580646570e-01
