-1.866394151465180506e-01
6.590442340925852793e-01
-9.259504299778433811e-01
-1.024046460777015000e-01
9.856484957101343536e-01
3.702171597493664201e-02
-5.872822645877503467e-01
1.000000000000000000e+00
-2.377193431751254415e-01
-7.031259340792233026e-01
4.242260560184478724e-01
-8.616318318417863775e-01
1.188872068164914531e-02
-1.110323718332237863e-01
-1.271954860984950697e-01
-5.170480647910546956e-01
6.286940288110536290e-01
-5.293642965115451515e-01
-5.954607777487281872e-01
-6.770805897057601275e-01
-5.505744677678747756e-02
-3.967345531982222617e-01
-1.308829116643410728e-01
-2.242058477012320861e-01
1.977370865456385407e-01
2.241355927693085004e-01
-9.417379892772985706e-01
3.132030539060736141e-01
1.205844876299000390e-01
6.528185725902901915e-01
-7.521574569254958487e-01
9.402336168899765312e-01
-4.404606986447496819e-01
4.006597332307739734e-01
5.289878608384626091e-01
3.623079406613656239e-01
3.009801140156609378e-01
-5.429441716742153812e-01
1.270908698206356657e-01
-1.459887091901301837e-01
7.024619502800780735e-01
1.000000000000000000e+00
-3.661644591955959260e-01
-2.316000702090033059e-01
9.625558667584110939e-01
3.430458838555213719e-01
-8.996757549750162841e-01
4.992955434887464961e-01
1.812826672643055859e-03
4.660645233601216075e-01
-9.519671987888902454e-01
5.972796606382647644e-01
-8.726077174026618533e-01
5.329140036162047789e-01
-7.954676085515364203e-01
8.646953084419117808e-01
8.970809257200225151e-01
9.630347254828788284e-01
3.981683327121396943e-01
-7.270406863242737661e-01
-3.792111494328032073e-01
-2.888541015281218538e-01
-4.875884746960299498e-01
-5.340874324155083785e-01
7.105573577135044783e-01
-1.679488539551126092e-01
1.398191903260004310e-02
-5.584686479389079361e-01
-5.187732140846224027e-01
9.179589543586128553e-01
-5.253894817376839610e-01
-5.644670525503518999e-01
5.319105348287247459e-01
-3.712314772682654418e-01
1.733444921015012685e-01
-4.438069688085006792e-01
-5.264920239995187767e-01
-5.146392515640052512e-01
1.062004168659576031e-01
7.550362353491321121e-01
3.469109983522336016e-01
-5.761470840141447169e-01
-6.861385065630907221e-01
6.369504741804731252e-01
1.503236943298200678e-01
6.333680432130869287e-01
9.318069840165651430e-01
-9.146495735895177059e-01
5.640066238469236826e-01
6.770310796232497097e-01
-1.576978737445402512e-01
-8.286486412752201991e-01
-5.238822946819507997e-01
2.813925431186087289e-02
7.461505495260065679e-01
-1.000000000000000000e+00
-3.138183670829087224e-01
-1.000000000000000000e+00
-2.482682132474545167e-01
-1.563522061936408747e-01
2.779721760912132744e-01
-2.808424941678293596e-01
9.034020453511391047e-01
5.656695721379294550e-01
-9.077816571114658561e-01
1.879197565384047586e-01
8.829467959207046301e-02
6.035633605060972684e-01
6.923885941844696301e-01
-2.647279782739240250e-01
-9.635297404994450643e-01
-6.682008569447143165e-01
-5.613350586661234320e-01
-5.908539366224123679e-01
3.486802481516635410e-01
8.067971333034053005e-01
1.843582727580210245e-01
2.207569095897981004e-01
1.398072010975037749e-02
7.918531197255118670e-02
2.503796102896782005e-01
9.301380917891945987e-01
4.972538632285104510e-01
-5.187618747553272014e-01
4.160179824067351539e-01
3.952182916549722425e-01
3.019254267269693148e-01
-8.483520722403850023e-01
-1.000000000000000000e+00
-4.192961382114657187e-01
6.722385728140345407e-01
-4.062344707128044963e-01
-6.298971133934649913e-01
8.074238699359415072e-01
-5.949142834696150572e-01
6.721748609532967045e-01
-4.257079029686701155e-01
6.247128228182114995e-01
7.665018855912295592e-01
1.549851093688243142e-01
-4.149825595710766590e-01
-6.669877357123783490e-01
-5.923468053096520025e-01
3.942478152262847146e-01
-3.742588936809854161e-02
-2.331479273314885081e-01
-7.570431503775287840e-01
-4.592999422203973836e-01
3.378208769455955940e-01
3.684776472494614152e-01
5.301093403499892442e-01
-3.913836723387902339e-01
2.277783089262940819e-01
-8.861142270289175116e-01
-6.470303274027757734e-01
6.686456058104388589e-01
-1.659397699578719632e-01
2.539707490850879879e-01
-2.829639863018058588e-01
2.838703588004944933e-01
-3.965445892375776271e-01
-1.776791478224128973e-01
7.507706977780279622e-01
7.953240004344744873e-01
7.458667261847071184e-02
5.768596285204545815e-01
-6.201224051929099534e-01
8.979786217364045253e-01
7.472170856076623124e-01
2.214257615766050680e-01
3.271194972949670321e-01
-6.967390771856487586e-01
-1.424827999211752960e-02
-5.796325129958221911e-01
-1.000000000000000000e+00
-1.869963196770152436e-01
-3.483390155266108401e-01
5.515340633335672482e-01
-2.190411014274819546e-01
4.525156051635197407e-01
-2.193697942035161691e-02
-2.635554288470398632e-02
-2.395911204846876696e-01
-3.333164888571384932e-01
9.844306155543596226e-01
-3.822528711007076585e-01
9.514433733041547381e-01
-7.402156773423466118e-01
3.995750842001435377e-01
1.628667370404891512e-01
-5.231440147850837663e-01
1.404758497528784122e-01
7.729741556894276222e-01
3.964298503914722716e-01
-5.595736271656661653e-01
1.992588106497859557e-01
6.610998721691496716e-01
-4.770584457315920623e-01
-1.836159090747850886e-01
9.899389621844809639e-01
5.714781058622391274e-01
3.741920991373224314e-01
-1.864535747187345827e-02
-6.882607272181586744e-01
-7.929341933912030793e-01
-6.124522086978045898e-01
-1.666593636484838825e-01
4.951642037811341268e-01
7.623752863708233019e-01
7.655878555133520391e-03
-6.307139597060884562e-01
-3.026395029005061188e-01
2.561478177113129528e-01
-7.820605948345907277e-02
-8.688256101147828758e-01
2.612129877298390301e-01
6.499957128937725592e-01
-8.321909201484984919e-01
1.000000000000000000e+00
3.895137789823765462e-01
-7.687460109391439644e-01
4.063732105703143915e-01
-4.174070454607443637e-01
1.846723219412129691e-01
-4.445312211730538809e-01
-5.724495881156840271e-01
-4.789463363813093455e-01
-7.341554250758450806e-01
-2.478945164876433793e-02
2.742944684219941753e-01
6.292231688955349789e-01
-4.673425312904084805e-01
6.297127087046425764e-01
-1.000000000000000000e+00
8.544245272288257809e-01
2.702394363898983354e-01
1.580968615388516074e-01
3.267078270949042018e-01
4.774735640746645693e-01
1.490574312324743911e-01
2.990402443246218400e-01
3.289486189886321466e-01
4.075313208142459787e-01
5.703082159188974654e-01
-1.161794627262189294e-01
-4.463178193148700235e-01
-1.921480405792741486e-01
-1.657892518483173872e-01
-3.772804852622606564e-01
1.833467272860521968e-01
1.026989996825822260e-01
-8.528255354045715109e-01
-1.916864691861139836e-01
-9.884041232983334369e-02
-2.881844327515696857e-01
-3.992716520978766281e-01
-2.973495684092426483e-01
4.473439298321830737e-01
-5.795647060083828350e-01
8.760773142545518199e-01
4.032036634430793409e-01
-8.718353788753119282e-02
1.355195524654901895e-01
6.902158985009529957e-01
-8.724828419431340798e-02
