-3.834492881712788792e-01
-2.999169371047075150e-01
-4.066361046680505020e-01
2.782641597322412785e-01
3.418407051313004374e-01
-3.757316442381175570e-02
-3.236070465999770773e-01
3.846009030355168612e-01
-2.739675577665928174e-01
-4.392925315435605021e-02
-3.977209568829909170e-03
-2.898587336555293881e-01
4.676554670870926578e-01
5.038926213120513697e-01
4.921216375431577417e-01
-3.144454635391425446e-01
3.221258658211147430e-01
3.378330768134577347e-03
2.438820452251818927e-01
-4.329363165923970636e-01
-4.644573388832142768e-01
-1.511668954918051755e-01
-9.765853894946215086e-02
-8.050630679936746081e-02
-6.157618647996796479e-01
-1.929205578728009907e-01
1.393220799036204716e-01
-1.508025199911174341e-01
-6.665872848629748049e-01
-4.417563892929912139e-01
-6.360864449563006229e-01
4.317947139580040616e-01
-1.000000000000000000e+00
-7.087708849159965463e-02
2.973994256409716597e-01
2.262968058350312561e-01
1.462249145784458582e-01
-7.241310556223573558e-02
-1.707684093143221893e-01
4.542403700377081743e-01
3.921142679544385445e-01
-1.965968429719150701e-01
-7.823633617054739364e-01
5.333746499883309511e-01
-3.219320694046087228e-01
-4.564419929884474536e-01
-6.389459824548715527e-02
4.737538941085177591e-01
3.356589730953983275e-01
-1.748670479295563185e-01
-4.675004773354115017e-01
4.403837256662710975e-01
7.539188223799828670e-01
1.562607679052886722e-01
2.311991566073643978e-01
2.212480542770393077e-01
4.529094497245721163e-02
4.326285307206391151e-01
2.965555672452606650e-01
8.623496481675407832e-01
5.007701109534111739e-01
-4.662334250166457750e-01
-6.752515917194656936e-01
1.797745608911439572e-02
2.574491716508530148e-01
1.441973589700920599e-01
-6.006484392364435099e-01
2.817332154215078099e-01
-7.230150617888653208e-02
-3.226020917524740073e-01
1.857298469016579190e-01
-2.719532349169901386e-01
-5.537493107300493073e-02
4.829205286663472707e-01
-5.026498513245282185e-01
-2.686417716980813442e-01
5.444718261369395629e-01
3.861166689543629182e-01
-4.652562546929098763e-01
-2.386435129717940085e-01
1.614386425259990987e-01
-1.009971629492032452e-01
7.401578672822783922e-01
1.944375661040633196e-01
5.159781235840265046e-01
1.005172762930439390e-01
1.952862097769315908e-01
-3.533539726851155915e-01
3.831475723866488436e-04
2.357178323611017756e-01
-2.564505379950964697e-02
3.132395770720509953e-02
7.171238195519780145e-02
-5.837057440471559167e-01
2.857166363748651627e-01
4.807169566686057827e-02
6.881696234171003068e-02
4.979980566586482693e-01
-2.489606069331539162e-01
4.481897249651664583e-01
6.807154685204017674e-01
-7.927676866936050892e-01
-4.050761871994206231e-01
1.096632086030877862e-01
4.621500650851373404e-03
-1.925231718081281407e-01
2.358320058609310599e-01
5.415516430283091598e-01
6.052207828116030752e-01
-4.001774470907574766e-01
-9.845777755770253048e-01
3.961291882487372185e-01
-8.151587821316130800e-02
6.061133912641408772e-01
3.480758964532189026e-01
-6.839445960301420158e-01
-2.422298035997801635e-01
5.560171437118801574e-01
6.143447716051959606e-01
-1.384992208246741408e-01
-5.175498606763404563e-01
-4.583855461610208959e-01
-5.620883832573515537e-01
-6.852867592006852693e-01
3.053858169490224483e-01
-5.290436056763526684e-01
-6.647214541958577916e-02
-5.461326976941338618e-01
-4.934057690151105041e-02
-3.937548672363608837e-01
-1.024666657213961669e-03
-6.208833491936760485e-01
-7.025665240862264405e-01
3.686215442228049088e-01
6.821995337714995555e-01
-4.875162341047821202e-01
-6.423647479530980586e-01
1.994145910663918664e-01
1.070240658842536163e-03
6.723868846253402975e-02
3.798918464403302497e-01
8.732159526406003958e-02
-3.443963763686906931e-01
2.380873713338519382e-01
3.807617968847401002e-01
6.009866583790984818e-01
-2.397498791644350202e-01
5.403108764516775103e-02
-4.049985629972601142e-01
-2.762455709069022713e-02
1.372409326824009790e-01
2.271741496687917083e-01
-8.314699517648929672e-02
8.940387425563010859e-02
4.378341584083719207e-01
-4.922599830298271528e-01
-9.385092339095923997e-01
4.595400203958941443e-01
-3.259724256756870719e-01
-4.225003157311906232e-01
-4.134149284023370674e-01
-3.441504057709158793e-01
-3.512824873861399300e-01
-4.001593606808538928e-01
4.061082767104697844e-01
-1.393949862266288808e-01
-7.209608848795875935e-02
-6.624312875611527707e-01
-8.480442161301338100e-04
-3.015907250398461303e-01
-2.317157947503398902e-03
-2.697749990950275567e-01
-3.214362763160839576e-01
9.509838079912389386e-01
-4.800059240675014216e-01
6.762334996107476071e-02
2.838202547860108615e-01
-2.257220199364226576e-02
-6.327659593351075973e-01
3.586264504298110611e-01
-1.986055135001524863e-01
-2.366109712199183646e-01
-4.053132124882302678e-02
-3.144256738586403421e-01
-3.005015561186446527e-01
3.128906238421618191e-01
-5.516631308505767217e-01
-2.813140701380504316e-01
-1.835150114767110374e-01
-5.334150207990908665e-01
8.521764459839874239e-02
5.618062532922481894e-02
2.517542105881401815e-01
7.332538361819048722e-01
-7.231601919350081342e-01
2.292581844432278748e-02
2.832884454501013449e-01
-5.672975168828107151e-01
2.324887145511387310e-01
-3.857217452337977637e-01
8.567911391939624088e-03
-6.070939448740648725e-01
-3.675252058308488001e-01
5.120835393579074024e-01
-4.153888167495323192e-01
6.776210243399222177e-01
6.305302886056309841e-01
-2.175010735071494783e-01
-6.640289542257785116e-02
-6.626527402985993298e-01
-2.502553135006033713e-01
-4.061756122644108458e-01
-7.865689255890507825e-01
9.034650371301060356e-02
-1.561772783589003566e-01
6.127909147077151841e-01
-1.960533094045222302e-01
5.199753919911673794e-01
3.585880749710580045e-02
7.643785561672966633e-01
-6.678274644615491695e-01
5.730162866998437243e-01
2.211780812201144530e-02
-1.732743446315548885e-03
-4.265208839330998369e-01
-2.683522214252838101e-01
3.231530570497044841e-01
3.055625306869674263e-01
-1.419766489350386407e-01
5.525637998535541939e-01
-3.070558565074796853e-01
-3.943757671073438442e-01
-7.735554451262474651e-02
-4.842677114425594787e-02
5.200213539207709790e-01
4.897397105323563760e-01
5.850696548345972747e-01
9.355178457419812688e-01
5.000217201643787357e-01
-4.495054739748359784e-01
4.461717668647757207e-01
4.004171172345417223e-02
5.331723162038557451e-01
-5.215207926884830592e-01
3.329781335664492858e-01
-5.052503527785130455e-01
6.078658854841478831e-01
-1.089757246008561942e-01
6.310701209818891932e-01
-6.594045664206436008e-01
-3.059375552994216818e-01
-7.207950974974314251e-02
2.771867122823444829e-01
1.973411456928991226e-01
-6.148901519457841136e-01
-4.893608643069053965e-01
-2.985394727748856281e-01
-1.464982000560402786e-01
2.589410944166496420e-01
-6.462571523603888313e-01
-2.124473936592519430e-01
2.752850395679490303e-01
-4.896394222688157938e-02
-1.111754612635024453e-01
-5.986081604351243257e-01
