2.150295274891667052e-02
4.315143339715923343e-01
-6.074333573169777845e-01
-2.962917258125993270e-01
4.527461974476355566e-01
1.849730393691476071e-01
-2.425349332049680229e-01
2.336163856281305296e-01
1.097109272200561397e-01
-2.824950910971241180e-01
9.226105340007755007e-02
-3.608279919761917531e-01
-4.756131573220237496e-02
4.761053100209780009e-01
2.281888832162700942e-01
-2.343045955675823744e-01
5.646292524946511238e-01
-1.769010269975727356e-01
-5.785037759871872742e-01
-4.836949340208546722e-01
-1.010386130109746164e-02
-5.191900389383993231e-01
-7.893518557728676499e-02
-1.570264817669720647e-01
1.999381604507329824e-01
2.577400268359546498e-01
-7.048726220174788004e-01
2.603329554100924370e-01
1.658757976516851140e-01
4.989346149687328147e-01
-5.572678417583124544e-01
7.592216481778861770e-01
-3.476897215362897975e-01
2.425052457842502562e-01
4.547947566841833988e-01
3.233452539880160015e-01
2.912295771961294077e-01
-4.455834745239716788e-01
-1.824182960164421330e-01
2.413136299171079746e-01
3.453817563186942219e-01
4.416668334410176477e-01
1.696529291685934526e-01
-2.799082734714467557e-01
8.693347956058047332e-01
1.798919751984071336e-01
-6.134525306834548442e-01
-1.755506732773991496e-01
2.668584007828813109e-01
2.046094102661599745e-01
-3.969126574659525009e-01
2.253615253476262403e-01
-1.024405974496619826e-01
4.703833081554056328e-01
-7.561647646543963042e-01
7.461798466927319629e-01
4.253243000252818207e-01
6.890805811956419724e-01
6.471018200069823811e-02
-4.708913519681585114e-01
-3.015663269639119459e-01
-1.712973687652059596e-01
-2.222197210094196962e-01
-4.446648238049857871e-01
5.810475899901955399e-02
-1.462782485086466522e-01
-2.798759771513203432e-01
-5.307715132748177522e-01
-1.848432491295711189e-01
7.083921979674985270e-01
-5.588001215400848487e-01
-5.038662629300236784e-01
6.188632436316643393e-01
-5.661671598428146268e-01
3.080253118988016681e-01
-3.815687510002354621e-01
-3.168609664260507164e-01
1.172720453017341846e-01
2.517900672161187403e-01
3.578929590620564399e-02
-2.060220640694634398e-01
-6.610327437589091915e-01
-4.113664118655374624e-01
3.647536820538674895e-01
-1.114671335484018616e-01
9.317366402329294028e-02
5.605679520482081957e-01
-3.046682138181577848e-02
4.269135277365616599e-01
4.900544735709877475e-01
-2.526573665316835249e-01
-3.489993745001588876e-01
-2.325997628654860594e-01
1.645032283381925309e-01
7.461505495260065679e-01
-5.482748954905483085e-01
-4.309518157385292536e-01
-6.714829467820274678e-01
1.871340600830267986e-02
-2.681101141609718574e-01
8.454045761612261067e-02
-2.808424941678293596e-01
6.303574063392300975e-01
3.937579552963738072e-01
-6.217038506290750721e-01
4.049989624910005359e-01
3.264499672791183471e-01
1.000000000000000000e+00
7.219753300561642106e-01
-2.647279782739240250e-01
-9.723427238642179393e-01
-6.041748308769028242e-01
-5.613350586661234320e-01
-5.908539366224123679e-01
3.486802481516635410e-01
2.909655690033079445e-01
7.282086809467450128e-02
-7.960986983323080357e-02
1.680222144457238498e-01
-5.397863167133173934e-02
-1.916149934487575840e-02
6.060121399669935460e-01
5.679252248424032645e-01
-5.680120886978824446e-01
2.766846567263939738e-01
1.892243648722956029e-01
1.014925303467880402e-01
-5.156203377580950153e-01
-3.752552769340924410e-01
2.083504846630940266e-02
-1.601922054955711161e-01
-3.891510932843553761e-01
-2.564045492743543542e-01
4.961102050409674780e-01
-4.525656750985748711e-01
7.350022874854631461e-01
-2.194073070551580684e-01
1.692584827847506690e-01
5.612324828707250246e-01
2.434248181687066470e-01
-4.015082577613177106e-01
-8.921334165401850758e-01
-2.938236084267456527e-01
3.541867317128907233e-01
3.681780688515347566e-01
7.036566914807497464e-02
-6.899680757304544887e-01
-4.161166531082169384e-02
-1.764995953152574404e-01
2.486676816655820910e-01
2.763943322567108396e-01
-1.559617117372478767e-01
-3.352449450027954105e-03
-5.709825250854833056e-01
-4.589118276104056648e-01
3.248470725834324280e-01
1.138431658526415854e-02
-2.006946866710878630e-01
-1.096641594824764032e-01
1.429104867981513538e-02
6.777381578811136897e-03
-2.435046120294002969e-01
1.209946685530324945e-01
5.121820222399201539e-01
4.070684052839593781e-01
-4.717750735003561346e-01
-2.603145770434061035e-01
4.238801516284524951e-01
6.817998248314672827e-01
1.262808079769665304e-01
3.515023963432115095e-01
-3.428847753652317087e-01
2.344219014139005408e-01
-1.083258364079215802e-01
-8.690487449686701282e-01
-1.430913341288469476e-01
9.254837345339042565e-02
1.222859262700260741e-01
-5.645090080115973061e-03
5.738250537708761145e-01
2.878135117545733701e-01
-2.747822736602868743e-02
2.647764857433232422e-03
2.515392970197977696e-01
4.190061495439672545e-01
-4.293544739388741593e-01
2.864165858969620060e-01
-4.478071237848502695e-01
5.245071997446879575e-01
5.735260412010361603e-02
-2.634056888667114515e-01
-1.133654671343389542e-01
4.927661160564797971e-01
4.699411428073687058e-01
-3.699242300766160119e-01
4.458655329254953559e-01
2.608441676464687276e-01
-2.180553007161674939e-01
-2.260047183476682209e-01
3.963984421097964117e-01
5.532671675042994952e-01
1.971187356494350784e-01
7.025098472648354242e-02
8.660663611179092447e-03
-4.349446056971808527e-01
-3.166785904974310784e-01
-2.703226868098855817e-01
3.964990452112022168e-01
5.037028276345759670e-01
-1.012289027027220012e-01
-4.281181464844004969e-01
-4.713425660313775301e-01
2.445016327460325378e-02
2.064119512192396644e-01
-6.306132616375407229e-01
1.625302194526017097e-01
6.357582540179005370e-01
-4.100281407602932582e-01
4.334277189004839270e-01
5.510388704805699867e-01
4.295663009391454956e-01
6.237352200022036053e-01
-5.922736528965224512e-01
3.698877455893267441e-01
-1.339194347023058285e-01
-2.337599667041808937e-01
-2.430720329812621483e-01
-3.254737559789016577e-01
-1.812849063730550547e-01
-1.104864594856539220e-02
1.372732673541628701e-01
-5.896564317824932733e-01
3.139859582071383715e-01
-3.491369786227402905e-01
6.678938135506119478e-01
5.827059167357215297e-02
2.330041339919183552e-01
1.642974223471360407e-01
4.160213262608762896e-01
6.940985435878654908e-02
6.292738078650414457e-02
3.274122504525798782e-01
3.726765728730309091e-01
1.626347386629768965e-01
3.466701522440709948e-02
-4.760971639599071992e-01
-2.864329750306936206e-02
1.321859429133239727e-01
-1.034253319920033914e-01
-2.469594977288861598e-02
3.645510254705938147e-01
-4.578751387309102361e-01
-1.731586321607073153e-01
4.939796952825471765e-02
-6.622714351499618957e-01
-4.015316374549507406e-01
-2.564149617858909047e-01
3.202876340060317184e-01
-3.028528251679274419e-01
4.592774345310438600e-01
-2.528210873672931958e-01
-2.118477014722087437e-01
-1.023765579498906036e-01
3.767787084342583137e-03
7.202384842430845091e-02
