-1.385716752052419953e-01
2.155428383917127044e-01
-5.712658852406706789e-01
-2.624685626200063959e-01
3.856951048658943115e-01
9.921008631444867831e-02
-4.785924875147041235e-01
5.762849532136626873e-01
-3.821375341734465358e-01
-2.237243311235830381e-02
4.528776635798019701e-01
-8.592110320320074379e-01
5.929634452168705550e-02
-2.410158575726849828e-01
-1.309401862920807624e-01
-6.896632366243806711e-01
3.631593329348750676e-01
-2.262929957362822819e-01
-7.977995625319859174e-01
-8.832019446513525995e-01
-6.539115290332873920e-02
-2.459911542362679393e-01
1.378291633033437436e-01
-1.456087943307502464e-01
1.379206854138629867e-01
-2.905244748634799173e-02
-6.450634138368572801e-01
1.244292109455503031e-01
1.590269780246014453e-01
2.660801805872208270e-01
-6.993575677815417890e-01
3.791687262395098679e-01
-2.186194632802311300e-01
4.301245005288476531e-01
7.073032563162783282e-01
-1.108809210609883467e-01
-5.553056448049172034e-02
1.283550737857779359e-02
-1.831185954450387510e-01
1.853594929145123971e-01
3.611948292934443194e-01
6.494409987026203979e-01
-5.625746692058675169e-01
-1.220438684873453167e-02
1.507003318794341573e-01
1.744970517822650447e-01
-6.711310896293986028e-01
9.609570858200083832e-02
9.407839453214554559e-02
4.107957578179328717e-01
-8.528018218514684667e-01
2.315966122082059875e-01
-7.750265238507078047e-01
4.363438164881548453e-01
-6.442660524367674890e-01
5.073999076142929887e-01
5.919237153385702443e-01
6.791565067780100939e-01
3.332666196233678435e-01
-3.867760610606247318e-01
-1.701002545419102452e-01
-2.197814558509741945e-01
-4.531933017025532306e-01
-3.785128160800961816e-01
5.721543381501774661e-01
-1.331812359678574142e-01
2.189670612552875942e-03
-5.035897555848184437e-01
-3.450099772067373172e-01
6.832657318008255043e-01
-4.388029679825952156e-01
-2.464324822494299294e-01
4.702596111850233518e-01
-3.647437836735910599e-01
1.790065872427665794e-01
-4.063183282010274233e-01
-4.833246453660431374e-01
-2.781184963249756503e-01
2.177578807321967902e-01
2.909673298926830354e-01
6.575666781174316355e-02
-1.431160310545985248e-01
-5.136172894943212830e-01
6.385380907765718650e-01
2.777337317760333879e-02
1.005251407794426899e-01
7.104619915662537810e-01
-4.617161430166591973e-01
5.521169251941122624e-01
6.066655604003988733e-01
-1.590114604157226719e-01
-5.034010224229876762e-01
-3.321853910892599293e-01
3.773685985800089016e-02
5.705630021497810622e-01
-7.917940971279640028e-01
-5.511229283575415083e-01
-8.174301387017168796e-01
-1.138331683555046103e-01
-1.563522061936408747e-01
8.454045761612261067e-02
-2.419632458236547212e-01
4.228342832678866348e-01
5.656695721379294550e-01
-6.217038506290750721e-01
3.067864515999814135e-01
-1.203927212813641345e-01
1.000000000000000000e+00
6.923885941844696301e-01
-2.647279782739240250e-01
-9.723427238642179393e-01
-6.041748308769028242e-01
-5.613350586661234320e-01
-5.908539366224123679e-01
3.486802481516635410e-01
2.131237919571553618e-01
-1.944734907911739585e-01
-7.960986983323080357e-02
1.680222144457238498e-01
8.094535183263290579e-02
-1.916149934487575840e-02
6.046506443835034661e-01
5.679252248424032645e-01
-5.680120886978824446e-01
2.766846567263939738e-01
1.892243648722956029e-01
1.014925303467880402e-01
-5.156203377580950153e-01
-3.752552769340924410e-01
-7.317842089608308509e-01
1.722273314709269199e-01
-3.891510932843553761e-01
-2.564045492743543542e-01
4.961102050409674780e-01
-8.167544710372967032e-01
7.350022874854631461e-01
-2.194073070551580684e-01
2.095488978361059185e-01
1.000000000000000000e+00
2.434248181687066470e-01
-3.097802683115374878e-01
-8.921334165401850758e-01
-2.938236084267456527e-01
3.718127196476896934e-01
5.278156597264500594e-01
1.625979700845739950e-01
-6.213173239039370133e-01
-2.256546454511264288e-01
-1.764995953152574404e-01
-2.946294267383871013e-01
2.763943322567108396e-01
-1.559617117372478767e-01
2.304578953775171801e-01
-5.709825250854833056e-01
1.327998025699591023e-01
3.248470725834324280e-01
1.138431658526415854e-02
-3.461434992241076841e-02
1.070378915492428140e-01
1.087383317022792839e-01
-2.086830225246069648e-01
-2.435046120294002969e-01
1.779459886219779685e-01
3.800854115731829297e-01
2.694092457469929314e-01
-8.350116218921999067e-02
-2.603145770434061035e-01
5.326839117156748626e-01
4.181442119941094493e-01
2.401883551935750649e-01
8.316680574232802048e-01
-3.428847753652317087e-01
2.344219014139005408e-01
-1.083258364079215802e-01
-8.690487449686701282e-01
-6.047281406981613872e-02
7.073085365548247017e-02
2.167327162342732594e-01
-5.645090080115973061e-03
5.738250537708761145e-01
2.878135117545733701e-01
-2.747822736602868743e-02
2.647764857433232422e-03
1.842893170336423747e-01
4.190061495439672545e-01
-4.293544739388741593e-01
5.850720083242869629e-01
-7.074949749939767329e-01
2.971986446789771086e-01
5.735260412010361603e-02
-9.283187791224883911e-02
7.037213515158916022e-02
4.104754221452031615e-01
3.353630399525128203e-01
-3.699242300766160119e-01
4.458655329254953559e-01
2.608441676464687276e-01
-2.180553007161674939e-01
-2.260047183476682209e-01
8.530092806090228130e-02
5.532671675042994952e-01
2.803506218042223774e-01
4.518786410818682181e-02
-3.738699451862759204e-01
-7.996111937580968609e-02
-4.371809598239125294e-01
-1.918553104110192753e-01
3.964990452112022168e-01
5.037028276345759670e-01
-1.012289027027220012e-01
-4.281181464844004969e-01
-4.581350226523555058e-01
2.445016327460325378e-02
2.064119512192396644e-01
-3.161386470134494586e-01
3.035223202999505210e-01
5.195803264583693792e-01
-4.100281407602932582e-01
4.334277189004839270e-01
7.121351626934286916e-01
-9.589301999887397954e-02
6.237352200022036053e-01
-7.226702370374753492e-01
3.698877455893267441e-01
-4.485586793367126179e-01
-2.337599667041808937e-01
-2.430720329812621483e-01
-4.847879013243198143e-01
1.011135739184082089e-01
-4.839536665956762906e-01
1.372732673541628701e-01
-4.334373977470289407e-01
3.139859582071383715e-01
-3.491369786227402905e-01
5.348564088285192586e-01
5.827059167357215297e-02
2.330041339919183552e-01
1.642974223471360407e-01
9.190646745227355474e-01
-7.114846923011286517e-02
6.292738078650414457e-02
4.642461580597295745e-01
4.446347880676724817e-01
1.626347386629768965e-01
-2.940632966763397915e-01
-4.760971639599071992e-01
-1.110019397707457112e-01
1.321859429133239727e-01
9.493629172482991041e-02
1.397238226533950578e-01
4.069528823660037986e-01
-4.578751387309102361e-01
-1.731586321607073153e-01
4.939796952825471765e-02
-5.181769707029053595e-01
-4.591105431980924134e-01
-2.564149617858909047e-01
3.202876340060317184e-01
-3.028528251679274419e-01
4.592774345310438600e-01
-1.069619701472990930e-01
1.052739915002469939e-01
-1.023765579498906036e-01
1.415808473519110378e-02
7.202384842430845091e-02
