-5.062631527403944620e-01
-3.100586802164459477e-02
-3.234307492188225885e-01
3.717003552515054654e-01
4.723151480628171583e-01
4.083607490759365022e-01
-4.024333575901910959e-02
1.000000000000000000e+00
-4.462142346587285591e-01
-2.008297167583990295e-02
-6.590022434188866352e-02
-1.745434904676040622e-01
6.827137662685541786e-01
3.311708552445236653e-01
7.853959828799070841e-01
-4.442308847610704214e-01
3.416486210455017547e-01
-6.488787883114406629e-02
6.046983916127157688e-01
-5.236320184251024301e-01
-6.384230138560399448e-01
2.196759866846008380e-01
-3.985892182222141034e-01
-2.595133212959339908e-02
-8.212285485595940404e-01
-4.187957182719037608e-01
1.168044235478070125e-01
-3.180757273641943161e-01
-7.968953124652499165e-01
-6.291389389726412817e-01
-5.415122451802516501e-01
7.687865189514628828e-01
-5.309345534635357966e-01
-6.462763931586923416e-01
3.033989847265633477e-01
3.532558084099943208e-01
3.694878945978282148e-01
-9.256509296721653068e-02
-2.322092305058441608e-01
8.223303505963897031e-01
4.282227785119345209e-01
3.180498647461740824e-01
-6.779233740516137363e-01
8.672087100745138333e-01
-6.342730103559024446e-01
-6.179149027030745867e-01
-2.547212846662175179e-01
5.123756348062544763e-01
3.791929386403669611e-01
-3.555681988625405410e-01
-7.100670334544094686e-01
-2.930817350675307686e-01
7.671296691215288011e-01
1.406742225129947732e-01
-3.149196415513226543e-02
4.457893092125238543e-01
-6.651289082812726627e-02
6.323444897595735803e-01
5.904605752038911692e-01
5.773303728933213419e-01
3.097485997949035452e-01
-1.380967762328005888e-01
-6.274905778230533970e-01
-4.632229520909395340e-03
3.345451983801164819e-01
1.320306703328126829e-01
-5.865327984864718847e-01
5.910043233496432569e-01
-1.144159422542804228e-01
-2.628898147585542744e-01
6.358530208836106479e-02
4.836533414009802634e-03
-1.948805250214100115e-02
5.511847344373932422e-01
-4.588034058151101158e-02
-3.694881359628660045e-01
6.990592600403360279e-01
4.513119926971552731e-01
-3.796950202771225968e-01
-3.529394437601027779e-01
1.219132024316066931e-01
-2.802655203512784410e-01
5.655392988315539604e-01
2.147857543348611342e-01
6.555449046146941683e-01
3.826550293640927913e-01
5.880391133110864921e-01
-3.463386058059475525e-01
8.061202633720069427e-04
1.256572088199860715e-01
-2.721116472577714274e-01
-2.047390683004421952e-01
1.326891938010233141e-01
-5.165316726214245202e-01
1.846843881045414082e-01
1.190288503809563553e-01
1.040018203132149210e-01
2.057217832054194784e-01
-4.644015950729898923e-01
-5.233493544779157514e-01
8.257274974867491180e-01
-8.197770769653820455e-01
-7.312523476124429544e-01
3.115886880500070566e-01
-2.126540220022073435e-01
-3.755618783560388807e-01
-2.226364924052224095e-02
5.609187856653035098e-01
2.470491262580311320e-01
-6.914610295106595750e-01
-7.203216925061958209e-01
2.029793702474711192e-01
-2.445035150606421626e-01
1.522145799076227712e-01
3.232457267438875181e-01
-1.000000000000000000e+00
-6.392885291509405876e-01
4.328877303893736705e-01
1.202163935002875245e-01
-4.037978136530864792e-01
5.585975278775252850e-02
-3.471078723712289205e-01
-1.672740823514621000e-01
-1.000000000000000000e+00
1.261201053426317664e-01
-1.228230837907755973e-01
5.189553852852760163e-02
-5.027671773259144716e-01
1.864254493546504410e-01
-4.377300526046144502e-01
-6.562326121853950811e-02
-6.314459830546960140e-01
-7.759305636092114211e-01
1.053123904670551225e-02
3.932681500886683890e-01
-6.079578064559806316e-01
-7.458938438936956183e-01
2.675013932218350821e-01
1.740741014891429850e-01
3.729375194792329262e-01
6.372761039849590414e-01
5.424672594643602519e-01
-4.893968248137673949e-01
5.095072002049880894e-02
-5.041432071993980080e-02
9.677654309461427573e-01
3.726878295480803294e-01
-2.018280129003991730e-01
-4.956751439538345516e-01
-2.868531470891605983e-01
-5.036465669840760502e-03
3.670557019794508102e-01
1.680013388877694969e-01
3.118941936112325231e-02
2.640298677650264048e-01
-3.955636281236104557e-01
-5.078430804490084993e-01
5.691245778253377630e-01
5.834265062148960013e-01
-2.355048404779969129e-01
-4.413507090703184810e-01
-3.472799466311198846e-01
-4.837840258548977701e-01
-7.445234230278100496e-01
4.981388295261435228e-02
-2.072593127072282215e-02
1.049375968074425375e-01
-7.190692527479876084e-01
-1.801916651526728474e-01
-3.015928617281857793e-01
2.539504474964734970e-02
-3.543020894861808046e-01
-3.510371910883729463e-01
8.348491907381668797e-01
-4.624371163887460723e-01
9.879483580045811397e-02
2.431558324281198891e-01
-1.157459639686482383e-01
-7.052847104971128323e-01
3.932163482077883354e-01
-1.664593030168259602e-01
-3.396892865018231178e-01
-2.766964025992059706e-01
-3.441565600500937627e-01
-4.121346112579713505e-01
9.784057878629465188e-02
-6.081398719016429810e-01
-3.952303252068434247e-01
-3.252209265848156339e-02
-3.099239626951358906e-01
6.194785183882624280e-02
5.624268513164519534e-02
3.340390348100910622e-01
9.868997587505986546e-01
-9.902340627917973759e-01
1.639109846461956621e-01
7.314453592407343940e-02
-4.389106717431341398e-01
2.508363953437621752e-01
-3.466110749007988434e-01
1.756810994886971039e-02
-5.744324105812268488e-01
-1.806862183406090505e-01
4.572095242220413636e-01
-4.092220530021391522e-01
8.402361172270769174e-01
8.726309627320025797e-01
-2.869795698989379695e-01
3.678665140135139455e-01
-5.271779854401164034e-01
-4.221526296745152229e-01
-5.850165783295993016e-01
-4.306236677220646736e-01
2.031571106430506840e-02
-2.486565101705311420e-01
7.399316814284599975e-01
-5.752387286170566050e-01
3.768483006226986398e-01
3.279668364869149557e-03
4.386940708635163055e-01
-4.340958139824578343e-01
5.837960025593057489e-01
2.430884104935886886e-02
-1.458409330182188803e-02
-4.841930425222573109e-01
-1.618513719148365892e-01
3.130478281730874057e-01
2.261420565613405376e-01
-2.765088099132302912e-01
5.034984790719370107e-01
-3.160917288253860535e-01
-4.438685037032933378e-01
-2.619600868508499825e-01
8.157652072753684633e-03
7.301344117541976875e-01
3.279042966200842457e-01
7.274602525859870106e-01
7.772161616127585271e-01
5.057616559732167616e-01
-6.478461139460487406e-01
4.254749479158339009e-01
1.963544726321040657e-01
3.216077059342474787e-01
-7.972511120392322681e-01
8.502214734217142800e-01
-5.814365893890993675e-01
7.125111137120997418e-01
4.231249773867934438e-02
6.864255033837428632e-01
-7.188841565352281915e-01
-3.643769884187457175e-01
-1.414724064926002334e-01
6.393287193174741478e-01
1.862432096343759336e-01
-5.863799219446361732e-01
-5.719203349039879702e-01
-3.013649837587278890e-01
-5.823170067712877263e-01
1.146121035774060049e-01
-8.743682538368885426e-01
-2.362173435922075571e-01
2.413332076251237246e-01
1.632617986386767084e-01
-3.067228933301691107e-02
-6.165405912128399946e-01
