4.408693482582805578e-01
-7.390339069248944015e-02
-2.292902581209059765e-01
-3.975916756382573136e-01
1.227128881086597401e-01
-5.074386275994362538e-01
-5.138669155363456698e-01
8.786218234467137178e-02
-3.212867320399315912e-02
-5.483846043993337305e-03
-1.261176380260329299e-01
-5.179197683312162237e-01
7.219155282258188366e-02
1.978132976112624009e-01
7.335124633876295708e-02
-1.393605553894415872e-01
-6.624547289228231994e-01
-4.212837801061771748e-01
-6.336841313897967343e-02
3.420164827484833414e-01
3.126547669935575424e-01
-1.636757393418900586e-01
-1.426503766482428159e-01
7.407161643119858363e-02
-2.124368560304864539e-01
-1.161147534087686173e-01
3.999441320652152299e-01
-1.428863382629137480e-01
-2.511910487139012438e-01
8.384744958087270161e-02
-7.691908321811945504e-01
-9.417515867523276740e-02
4.129990039215329922e-01
-1.843569455234227439e-01
-2.348532850721372911e-01
-1.855599425338700925e-01
4.611052886718077226e-01
7.723026733280482364e-03
2.067328341697577399e-02
-1.917824181131035088e-01
1.461291544518164044e-04
-9.517296770873059919e-02
-3.189570245137991061e-02
-2.128525840174478045e-01
4.557666280207725018e-01
2.186955772472166382e-01
9.253572486857709889e-02
-1.430510093353082601e-01
6.670117292041544133e-01
4.337183865313255504e-01
3.242700253349983797e-01
1.314011158170708959e-01
-2.159992761967970964e-01
4.088938085837574149e-02
-1.397418396473495417e-01
2.827129623301750661e-01
2.628122769794857261e-01
4.381112747461340939e-02
-4.783673639056278959e-01
-6.841038059104388447e-01
-4.429396555793935208e-01
-1.688902838738429724e-01
3.933859493744947811e-01
-3.320702617682082525e-01
-3.197663532704215217e-01
4.038596144333845839e-01
-4.071215880178119528e-01
-9.197411854942789955e-02
2.153688517218274867e-01
-5.346492987540155811e-02
7.290084129596260953e-02
3.089037536075140422e-01
4.604240761700784113e-01
-4.421180090568375687e-01
-3.105784918516400761e-02
-2.346964451478716907e-01
2.607015005932892260e-01
2.662843905088875529e-02
2.349873276592547855e-01
-2.876926281313537670e-01
-2.730765024185918266e-01
5.015147355180659128e-01
1.010954894900902290e-01
-1.053553293570969468e-01
-3.737618082880634907e-01
1.374686565562613372e-02
-2.634621162668121519e-01
3.318208921721105265e-01
-2.060089990864365783e-01
-2.231636606319792882e-01
-2.576014199192147580e-02
4.691468198285767000e-01
5.042679417450953716e-01
-4.455174566837479255e-01
7.603940450185787681e-01
-2.467820318040538641e-01
-3.291523034176786489e-01
5.306213646610432599e-01
-1.074939724948711928e-01
1.227672644015341263e-01
-1.081139316834708874e-01
1.854569124777633027e-01
-2.620423241941762793e-01
1.951091661383235754e-01
-1.272058773966691647e-01
-1.559855802237088418e-01
4.261980166166903783e-01
2.919883109879974903e-01
-2.416245968621057727e-01
3.680629914914511636e-01
4.454016307540971664e-01
7.295142259380452132e-03
4.764103914409495433e-02
-6.305664054883197700e-03
2.478576571732193645e-01
-2.725593555703916815e-01
-5.244966504128454332e-01
3.349164600395450053e-01
5.297607884024951169e-02
-8.813385243271265601e-02
-2.458440337178683377e-01
5.068746768747455222e-01
2.294052073808755532e-01
-2.403595950017421434e-01
1.486870826190233308e-01
6.668559541869250040e-01
2.764795514377609287e-01
-9.944474456712662502e-02
-5.063110475966574597e-01
5.710292826981229197e-01
-3.261351874005213869e-02
8.313275085835807043e-02
2.269502710325736472e-01
3.181910933273676689e-01
-7.694311698706715608e-02
-1.110308627686766017e-03
-3.252508083578156683e-01
3.834822096455944157e-02
4.779215250858701025e-02
5.827903142217043531e-01
2.199332023613388143e-01
-2.011876928485454574e-01
3.417666345059962585e-01
-3.658059971430001611e-01
-1.398122670354123298e-01
5.639027210948774349e-02
3.564488290407827331e-01
-8.554856862161014375e-02
4.015745250971246572e-01
4.004703941974577797e-01
-3.731549881456713846e-01
2.678244260936903376e-01
-2.270040432238574768e-01
1.601570480900651461e-01
1.553751800044333997e-02
1.576166533033777628e-01
2.874638858715726775e-01
2.172445931433022170e-01
2.812056318320507176e-01
-1.181793071454133592e-01
1.688927422077474705e-01
-7.323309293900891470e-01
1.685172007490168822e-01
4.824094659043144384e-01
-1.992334917084607748e-01
1.755718382760541874e-02
-3.194162286068756296e-01
6.833475805601705311e-01
-3.251464095865821413e-01
-2.184507230852981291e-02
1.777081716714863369e-01
3.812641358546723508e-02
-1.506438346430301611e-01
-2.822013728799517285e-01
-2.163467044503788669e-02
5.604941032605961215e-01
5.021950437170016324e-01
7.682235149175986599e-02
1.285691010361158515e-01
3.815445363096898745e-01
3.558522064289798559e-01
3.779302682067057217e-01
1.572778387319096749e-01
-8.045445250861281705e-01
4.475179094733250929e-01
-9.194846950446741718e-02
1.449826524690505380e-01
2.679177660545422612e-01
2.649816402329454035e-01
-4.193496664096474369e-01
1.616375763161403967e-01
1.553524162501801753e-01
4.255970281730853677e-01
5.576091073364158879e-02
-1.510334171846539342e-01
2.881328918018575269e-01
3.318675934897431512e-01
-2.068964893635023006e-01
-5.622173050460841509e-02
-3.148663568237635713e-01
-6.334899643570557348e-02
2.512023569801549727e-01
-3.259677603906847021e-01
-2.106400043245722567e-03
1.580908634141728886e-01
4.089025165654767147e-01
7.513204263632893010e-02
5.338358369941261783e-01
-2.860907958466390455e-01
4.710738635003802743e-01
-3.156189425984928798e-01
-2.412342121646141313e-01
3.947822898277419390e-01
-5.151356497006284729e-02
3.222268539061826642e-01
3.779566397730842187e-02
-5.391680188847305377e-01
-4.039274695588466191e-01
3.617111086013361509e-01
5.226263802432800087e-01
-2.783026034309690755e-01
-4.134179419088959140e-01
3.387701503820844673e-01
-1.886405522410752600e-01
5.726682829293603394e-01
2.265428976209825362e-01
-1.550292165034472536e-01
-1.050611724659636509e-01
2.060947899287228491e-01
-3.807652550088440058e-01
1.064444581281580038e-01
4.895776650733608265e-02
-4.534511504207842658e-01
-1.912095120276829929e-01
2.369639682641895215e-02
-8.410886361108611819e-02
2.671805409703251200e-01
-5.223077174646946486e-02
3.821303630849903765e-01
1.313480509049228251e-01
3.792879177666966806e-01
1.498940051404389073e-01
4.677790265806092140e-02
-2.541574253476021616e-01
-2.705161506187149859e-02
8.565171371781614418e-02
-2.339950417327010812e-01
2.541181158162711395e-01
4.566891819368085192e-01
-3.532114098092923316e-01
5.424454623898770922e-02
-3.752595961875452302e-01
1.302791737548397166e-01
4.574655579304471309e-01
-4.271053739378261604e-01
-2.745070145416217411e-02
2.924705342144064413e-01
2.583857626477398250e-01
3.544686973613475067e-01
-5.256323162480963651e-01
-1.268893238430346404e-01
6.496271459375012325e-02
5.372012835122847996e-01
1.396340635985119094e-01
8.692424327242906368e-02
