5.820300698752440827e-01
-8.181438291336638746e-02
6.401761801134855379e-01
2.258380604163892635e-01
3.736845007449438039e-01
-3.182618959787692492e-01
3.685034810958295881e-01
-7.400832185601574631e-02
-3.933195286117877054e-01
-2.181814188709288727e-01
-5.339427688907484315e-01
6.527672630553389421e-01
6.466563858278792098e-01
3.160263928247566412e-01
4.571122715913975010e-01
2.069702402351976667e-01
4.276207752569224363e-01
-3.828806369643844576e-01
1.082040692395107584e-01
5.260135394882951149e-02
4.887330035993415756e-01
-8.647950376375102000e-02
-1.424184309224085510e-01
2.656665190550830391e-01
-4.951522650578452089e-02
-9.688265767274448215e-02
8.565651085117603758e-02
-6.132364682160414970e-01
-3.188630587221093216e-02
2.530767619928397383e-01
-1.889651612122672519e-02
-5.067697272673027387e-01
8.560341979206613772e-01
2.142529408073879094e-01
4.034969830396982482e-02
2.343779418901308365e-01
3.847572447422212272e-02
2.272642093321062262e-01
-2.012004190686909888e-01
2.493713306671923868e-01
6.353270772533082811e-01
-4.938449269186169777e-01
1.288079050681211618e-02
-1.601926263093303437e-01
-2.402655915584374635e-01
-5.480038487526350810e-01
5.140677909497509690e-01
1.094593001677096611e-01
3.959310574701160323e-01
1.201955817818917693e-01
1.091003540541818223e-01
3.789294129897434193e-01
-3.269596242713937451e-01
1.642988695945976907e-01
-4.867914645879113655e-02
-2.768981310717472666e-01
1.130763542465085814e-01
-2.194649000848061526e-01
1.178060081420506666e-01
7.999469937015712961e-02
-2.673367960889674322e-01
5.905661484012992429e-02
-1.551941041453497316e-02
3.281956692999550285e-01
1.156771367400612621e-01
1.878489355072980593e-01
-2.921185268970190041e-01
-6.035236985978783414e-02
2.019030276368513621e-01
5.987991368621450317e-01
-9.341335511445676698e-02
3.377819755675491864e-01
-1.983911174211318573e-01
-3.570242596853794859e-01
-4.906423418535522940e-02
2.154828082120992527e-01
7.631779224353971713e-01
2.242992041221204547e-01
1.152956108419544122e-02
-2.790569170801509569e-01
5.528807570941616234e-01
7.664071597228060417e-01
4.010197387109600692e-02
2.313272828903548683e-01
4.611646221186214145e-01
-2.685282877920440181e-01
1.338414808362653197e-01
2.317673422974645403e-01
4.742501533055866192e-01
1.984396152124928703e-01
3.034081157366890213e-01
-2.816350079425884445e-01
-4.059962679873893032e-01
2.063112628169986029e-01
-9.248657924792214047e-02
-4.497304116820148301e-01
-2.156473446810467653e-01
-9.349017395221695392e-02
-4.215272344190382214e-01
-5.105937891926887184e-01
5.623479872308621841e-02
4.209285486681501043e-01
-7.924217231838215358e-02
-4.895426823988359155e-01
-4.273393747697232792e-01
-6.171293596871486598e-01
3.607435401600015377e-03
-4.993038717964599638e-01
-4.653941465889306628e-02
8.643525846317483552e-01
1.226706121169833380e-01
-6.783912338571812528e-01
-2.754291364836567446e-01
5.236753957079798294e-01
2.391088083577765089e-01
-2.249433454141793187e-01
5.620730797543042057e-01
9.564880744797961409e-02
-3.960673495256505361e-01
-5.650846466605777274e-02
8.979443789472782989e-01
2.770266043812966705e-01
-8.253607599651453519e-01
-2.198601521159591621e-01
-3.467709917095997407e-01
2.349144247738507441e-01
3.058807363801555046e-02
2.123870833197063213e-01
-5.316153881262295627e-02
-3.256634043471066942e-02
-8.494505376731855684e-01
3.807842656371027701e-01
3.379391908386708554e-01
1.804523977227537324e-01
-3.734805225714705190e-01
2.882000675208216123e-01
6.796469221610665912e-01
2.371911243997523455e-01
2.807695514313124363e-01
-8.453647107910760017e-01
2.587726351203069597e-01
-3.687854930157153932e-01
-6.220920626824562039e-01
5.157320906323160647e-01
-5.766245393727456037e-01
-1.862565724727399397e-01
-3.870670922235064371e-01
-7.599422244914975089e-01
-1.181248748248266006e-01
-6.547043495673808833e-01
-9.007872308799248495e-01
-7.577068205985146854e-01
1.659260131500708002e-01
9.638146408488439398e-01
-6.745138912475320270e-01
-3.767657222278943951e-01
8.353623640809408890e-01
4.837385645360617881e-01
5.608491403807576159e-01
5.758152447123192630e-01
2.649129811023713810e-01
1.483285442595472237e-01
-4.448739190919466235e-01
-7.804575713040676210e-03
-5.029681652684326459e-02
-3.465361618648825637e-01
-6.419379360010069036e-02
-2.750132502274088564e-01
-5.649529304028961807e-01
4.383286564645397787e-01
3.482445638481905248e-01
-7.908104699636848700e-01
7.308462055971635118e-01
6.497207887042890651e-01
5.406597103155090789e-01
6.454700230816479145e-01
6.432957972176570616e-01
-6.390653719560002166e-01
-4.351791590148396116e-01
-2.456438836765908185e-01
-3.843556262059365930e-02
-6.938958561703497674e-01
-6.582239262240098254e-01
-5.394403365538384953e-01
1.397045560255904262e-01
6.579650760751103444e-01
-5.912634215821568340e-01
-7.984449908200480506e-02
-6.081975722603235601e-01
7.957365571824901451e-01
6.513982538265239430e-01
4.677056815224238107e-01
-2.729930564352179082e-02
-4.831963500733877925e-01
-4.211404937772617041e-01
3.839707233936686115e-01
-1.956016415064377179e-01
1.440481559348009630e-02
5.219175633915412726e-01
7.496874842687394347e-01
4.893326939315720825e-01
-1.457010170238044744e-01
4.125856530147627987e-01
-5.458019268778211419e-01
-6.770707690685820457e-02
-8.470916694998102958e-01
9.748558739396923079e-02
-7.097265963233760910e-01
-5.388188826552120503e-01
3.101206474275374769e-01
9.455215768679645083e-02
6.006509218325634114e-01
-2.154696984028586781e-01
3.028801024659529828e-01
-5.949072630911553805e-01
-7.095106870826470846e-01
3.160819229891521087e-01
3.770660970585780758e-01
6.644748123857164845e-01
-1.405498005944811613e-01
-2.839291809295376723e-01
6.937110376185575689e-01
2.907350085858577127e-01
5.046110224670526945e-01
4.829563312119312113e-01
-5.575332449422591985e-01
-2.004762879003215981e-01
-3.115331971491361873e-01
-4.128132998107603702e-01
5.293231809125309439e-02
-4.838982781241404352e-01
-2.429905521167485261e-01
8.535080532301693168e-01
-4.260459317979432003e-01
-2.050275576354677609e-01
-4.348752751749977441e-01
-3.037411364200879316e-01
-2.323511463843542027e-03
-2.250600661082344245e-01
-4.527953999948333697e-01
-3.386793234805614561e-01
-7.335703693823182325e-01
-5.615059095935547306e-01
8.062998621963008983e-01
-6.701846966380182735e-01
5.953384882883016038e-01
-2.073919569129973051e-01
-7.250923684432301897e-03
7.159048134499844673e-01
-8.030352180961595199e-01
-6.511254401162676064e-01
5.880538148698338796e-01
-7.745288268934950038e-01
-5.915787436910662223e-01
-7.149618670463840919e-01
6.093373404064266197e-01
4.411926871520935323e-01
-1.116565704977148799e-02
1.317806011464239813e-01
3.136174919737704653e-02
-5.158380239489034347e-01
-8.451891213678849324e-01
7.404281956627225547e-01
-6.160607313809821628e-01
8.903964118001131967e-01
