5.659881562715807224e-02
-8.855153996334458322e-01
1.867172598340416378e-01
-2.816299606229702990e-01
-3.169755527470801137e-01
-6.767044178275453126e-01
1.069066557525935324e-01
6.853650749066498848e-01
-2.302393908396621613e-01
9.675460368556214608e-01
4.590402447473553860e-01
-6.182773551663310885e-01
-4.168714011591325153e-01
4.172991041672746704e-01
-9.013312579296586247e-01
6.193896127161716558e-01
-7.771242178573731785e-01
3.453396876154107842e-01
-5.272899701144044826e-01
7.423554753239945958e-01
9.048178432320460596e-01
-2.732581490812378555e-01
3.917707553243003626e-02
9.032366101587461227e-01
-1.743382170481178328e-01
-9.606175564864353200e-01
-8.069227760029792362e-01
-7.046389025481318846e-01
5.287264352347065266e-01
-8.029695731618685661e-01
-8.361080781744064661e-01
-4.868981773540767555e-02
-3.298269595593021353e-01
5.700826147566964153e-01
1.800656986059048781e-01
-8.306877882179063421e-01
-4.886499940269568021e-01
-6.244158378457730363e-01
-1.320935591457015057e-01
-5.719812552041025899e-01
7.090718207478721169e-01
-5.746376681117167928e-01
6.601687369722863963e-01
-3.333336389722809656e-01
-4.633133657227052060e-01
1.306063397335490983e-01
6.397415857816753926e-01
-6.025763506407664227e-01
7.905671240294165347e-01
9.152806852635508861e-01
-3.645388351177507313e-02
-2.035284954120240297e-01
5.062329761205698331e-01
7.621170964836013750e-01
7.088249620431481823e-02
-5.847500201705677636e-01
-2.276744416685252612e-02
4.579605226671094875e-02
1.831454618011653379e-02
-4.994114605044220334e-01
9.135694016225683889e-01
-6.447222017902098923e-01
-3.095215576995504758e-01
8.501818364728147559e-01
1.041956851700620718e-01
-1.653047604244365087e-01
1.608964619455575951e-01
-1.982578690887334127e-01
-6.597169267037683582e-01
-7.079573440946398399e-01
3.236984009478788282e-01
-3.154123700315499268e-01
7.241836698290535224e-02
5.682281710503587213e-01
-2.255341398035062561e-01
-3.629382034006706781e-01
-2.664866903137176335e-01
4.134396846453693430e-01
-1.388128465026180480e-01
-7.602935326921810288e-01
5.531333154312196854e-01
5.924328826933283887e-01
2.485158292884709075e-01
-7.292381948275854231e-02
-3.714081144743464624e-01
-4.422401376396806194e-01
-6.639856921988743221e-02
-2.892357100530190683e-01
4.406795553344978744e-01
1.652710594996807669e-01
-1.091184678936980498e-02
-3.409219848560057775e-01
-5.211525559991522089e-02
4.978555895987450963e-01
9.895009910903784789e-02
-3.763004858770513938e-01
2.118473389931012640e-01
2.580667562787977154e-01
6.907893785671079812e-01
1.513569096221991650e-01
-2.262717915368700206e-01
-1.049145083311937426e-01
-2.609471854791908241e-01
-2.347370544624396427e-01
1.677215783426447837e-01
3.434285161890391347e-01
8.400241973970723475e-01
9.721577078857062126e-01
4.094916639328488595e-01
7.795349715256112422e-01
-5.145429625766242410e-01
7.289979016647416543e-01
7.860930056833076440e-01
1.987798704724129673e-01
-8.391503349052827909e-01
-4.488420741219226739e-01
-2.001087607981020255e-01
4.695030565761933450e-01
-4.596739295970269645e-01
7.341123164870315687e-01
3.116199492284214001e-01
-5.147841041801994866e-01
-4.774444332249835887e-01
-4.125852205431068676e-01
-3.053555792494576093e-01
8.065755251670782000e-01
-6.165485913173178456e-02
-4.233066223995577554e-02
3.237566718946712219e-01
4.424059417797214233e-01
-7.174842498696758220e-02
1.126650366392000779e-01
3.420018908422123305e-01
2.242627942458421952e-01
2.561567188291760666e-02
-3.257952206216041535e-01
7.195415013412642669e-02
-4.407628365357407207e-01
7.518989157026532144e-01
5.690327782188767669e-01
1.514585965135831214e-02
-1.702248009880356350e-01
2.699968162000969119e-01
-1.446480124005286305e-01
-2.251333721627097328e-01
-1.316697850628754107e-01
6.776132297102228641e-01
5.068190698846906095e-01
-9.596425929378916975e-02
2.242404955136697020e-01
2.394277964864918729e-02
4.598262849844174660e-01
4.664040503604529458e-02
-3.710357053194890953e-01
2.219620005753042136e-01
8.576208440833656133e-03
-2.520960294818065939e-01
1.484536649030531175e-01
-4.987395025063094955e-01
-4.127859290263781733e-01
-4.601811726491081833e-01
-1.986533893656139416e-01
2.854986941763724695e-01
4.823091545382350298e-01
5.399654787825068913e-01
4.517896398693437010e-02
-9.219784157735808061e-02
2.665138170573672083e-01
-2.247471218018590178e-02
-1.889368988319811010e-02
1.347219868140642762e-01
4.293356246191336600e-01
-4.210869460632182260e-01
3.133986284954398682e-02
-6.014301531256469047e-02
-6.617332802085184040e-01
6.156634255696632335e-02
-1.557618168781030044e-01
6.808616448753115891e-02
-6.830156144963478448e-01
-9.622819878522298476e-02
-5.859199918528705808e-01
5.168567924394449342e-01
-4.450338153471006808e-01
5.980697289043660630e-03
-1.704352297579119491e-01
5.278277135900298900e-01
3.183669793290974659e-01
7.030080514205730990e-01
5.833807825258697788e-01
4.866555050437590957e-01
1.731210500185571544e-01
-5.229965516337873321e-01
-1.399060315417209252e-02
1.148610370270707892e-01
1.948306520792867369e-01
-4.042992676298451382e-01
3.508503905315421001e-01
-1.016880223568534664e-01
-1.787648588708929120e-01
4.893914005371936549e-01
6.052054014464709059e-02
4.844390362790057525e-01
5.496626436303653218e-01
-6.528151358589142639e-01
7.016283897210686682e-01
2.828986730834385788e-01
-7.782743793843635016e-01
6.880604392273326209e-01
5.655924700495778001e-01
-8.777516927506811006e-01
-9.633803298039185503e-02
-1.865538584586192566e-02
3.636909225667772638e-01
1.485021088221898378e-01
-7.692874349414652313e-01
3.836491408390481084e-01
-5.031326951317690588e-01
8.010032487344262986e-01
2.921850710190342926e-01
2.364631411233109048e-01
-1.379606865154164863e-01
8.207539266873311590e-01
-4.339765605401444404e-01
6.058702771905208340e-02
-6.727523610972225843e-01
2.414455846928207361e-01
-2.704478593756201033e-01
3.076241509754285008e-01
-2.365803372845292074e-01
9.271631753487037386e-01
-9.109160125605912928e-01
5.115671401018998532e-01
3.622493514764578704e-01
8.209614038776587019e-01
4.767372180824914762e-01
9.621090542614896268e-02
2.512661539386971676e-01
6.954381459720484493e-01
-7.486284982716990832e-01
6.604835006370466388e-01
6.982167943459107740e-01
-9.282492901468040181e-01
-5.008231579026797137e-03
-5.964501850314096743e-01
-1.209241752358331326e-02
1.883485660110267301e-01
7.152975789985908106e-01
-6.125007448225840978e-01
-5.471065952215707906e-01
3.753010417371204221e-01
3.077418886131362274e-01
1.416464561476945550e-01
-3.912038035064816510e-01
1.355847985504314568e-01
-3.482976509360911632e-01
3.078637488408546563e-01
3.417989109456320285e-01
5.718886219178269670e-01
8.655820996465977968e-02
-2.083191591106496598e-02
-8.164639796734496358e-01
1.680871031056901110e-01
-2.057782864199939055e-01
-8.608231423724151954e-01
