-6.441211008848859443e-01
1.571244517843357613e-01
3.815367163909568760e-01
6.584339925582417541e-01
2.573746729856336568e-01
-5.575392359144333287e-01
-4.420980545817506657e-01
5.459484814912949346e-01
-5.419733103355308668e-01
2.339624761426313815e-01
-8.864637921343784810e-02
2.525020344258214755e-01
6.751204294419086566e-04
4.326684065223615483e-03
6.979333445560786942e-01
-1.418646093857368062e-01
-1.624300920228975154e-01
-5.768819233819113546e-01
7.481849925847949834e-02
5.620586073106609293e-02
-3.285170976376819429e-01
-1.813494700641444801e-01
5.125486905039647878e-01
-2.382567341511057923e-01
4.516854339964555543e-01
6.166848684005066250e-02
-3.413004348950526845e-01
-1.081887097163589662e-01
2.265486583199298465e-01
-4.310585921857500447e-01
7.895053718750821847e-02
-5.413129735036084078e-01
1.496632655028501957e-01
-6.950946320119516519e-02
1.581064049977882469e-01
-1.115406094981227086e-01
8.202687280968774530e-01
-1.013321177803838957e-01
2.477371625528784205e-01
5.075750162274863531e-01
8.204089532933153683e-02
-2.247087009713193417e-01
-4.978280576154364701e-01
2.493894340242397423e-01
9.063280754390352911e-02
-2.643659877790230928e-01
6.689990512133680012e-01
-4.078010788641173168e-02
7.916754207787918274e-01
-3.854998367909433510e-01
2.282719420358011175e-01
9.430357090700543232e-02
6.150339522830085004e-01
-2.149730860438375801e-02
-3.449766581217064698e-01
5.628195667109232581e-01
-1.330928113923338096e-01
-1.834857979092272551e-01
7.210661459615634594e-02
-4.981381434539823849e-01
-2.321367259525404861e-02
-6.918738883751198721e-01
5.813947242974325524e-01
-2.949156246980789708e-01
-3.230141777757407628e-01
-3.335874343729697822e-01
4.142102812367252085e-01
6.440970985423410955e-01
1.249872493753281799e-01
5.148903843492289578e-01
9.271768942210444064e-02
2.009408656628120238e-01
-1.088172175327800778e-01
2.583719121975405209e-01
7.153029873460683974e-02
-3.527929210339485477e-01
3.154270527675900881e-01
2.126753440895067238e-01
-1.586118842516097416e-02
7.863929536529305764e-02
5.355423043776647019e-01
-5.149242360060933832e-01
-1.717909708298832050e-01
3.684038802487559772e-01
1.218437596098679437e-01
-4.452838034582584092e-01
-3.331450632559517233e-01
7.036098956860939446e-02
-2.659096227692930303e-01
5.930459945343041772e-01
-2.668843908600137538e-01
1.757908353668626855e-01
-2.886786642015935489e-01
-5.546342276102076418e-01
-1.921360825329395117e-01
-6.582613290422925090e-01
-2.390661818124739380e-01
6.087394587575527538e-01
6.614752953681710679e-01
2.015830794168642082e-01
2.141422715271478205e-01
-9.869355298961669798e-02
6.648271221185025892e-02
7.276972479594670529e-02
-2.722517186290441815e-01
-3.060220925852547014e-02
-6.894392219727696336e-01
-2.360614416491398360e-01
3.888911809987662394e-01
7.484827755422168716e-02
2.583725472629291864e-01
3.413425797263271444e-01
-3.525341951722800182e-01
-1.136221757356244005e-01
9.021881771231218816e-02
-3.537652405176778814e-01
3.434581191552867896e-01
-5.161807677891184776e-01
3.415439416253189253e-01
6.358766622277484126e-02
-8.762900441421084263e-03
-5.852347528956319822e-02
8.505382190183635727e-02
-3.541506109965035787e-01
-3.151652932566321175e-01
2.751902226197278090e-01
-1.722025652188282907e-01
8.668971879833907435e-02
3.995833077421914736e-01
1.330415078182105582e-01
2.975675336098158041e-01
-1.410340798820766683e-01
3.305433151749366250e-01
5.703285018209663937e-01
2.710869778439458644e-01
3.322634177135075362e-01
7.779681089054621967e-01
8.962648028035496983e-01
-4.578312627798097334e-01
3.351118478339775164e-01
-6.663347436901634335e-01
1.520669471467596678e-01
-4.021934652480702033e-02
4.223405264531751580e-02
-7.570996716776726143e-02
2.083386841743681828e-01
-4.641236597718956247e-01
1.596213314647472736e-01
6.244943626826802152e-01
-3.356409960082324950e-01
3.129424799890286324e-01
-5.317764876963028131e-01
3.289746801701451950e-01
-4.470153922544174707e-02
-7.610787239613264754e-02
3.177560138724777050e-01
7.419145557081399112e-01
-5.860777450397545163e-01
4.605405057944028657e-01
2.860842291543417848e-01
-3.643265285387662367e-01
3.721111483248080720e-01
1.250071175409885049e-02
-3.652525455171116153e-01
-5.117827996616751696e-01
4.402039207676272659e-01
-1.921296923826197323e-01
-5.272206890649716593e-01
-2.444482011705984559e-01
3.724586343268975197e-01
6.457229859780891923e-01
-1.676435638298246489e-01
-3.450864597869245098e-02
-4.723864686867553786e-01
4.270099905816311936e-01
-1.872548861810104104e-03
-2.093522162474689419e-01
1.870582551505849955e-01
-7.220792006776957095e-01
6.114636236542264625e-01
6.600962003459049932e-01
2.574732386833762376e-01
4.931259130895248033e-01
1.274073667859706160e-01
1.844479935985257057e-01
6.210176494993868701e-01
-2.385787325627953537e-01
-5.091917205311374817e-01
-3.908494041551701104e-01
-6.165582951762402786e-01
-5.129924928549867147e-01
5.243951552428731677e-01
5.933381493446451826e-03
5.047563668010957016e-01
-6.992328071719698668e-03
7.595978297520376843e-02
5.196049659896281314e-01
5.226710991292290442e-01
1.703200487687760167e-02
-1.766396373746071113e-01
4.531298197155080310e-01
-5.976051946074339982e-01
-2.995396946516339781e-02
-6.846310967222607458e-02
-8.560026554008981492e-02
-6.610188269881694945e-02
2.028390634967979500e-01
6.347549024690610775e-01
-4.908771253019726666e-02
1.504320051469123509e-01
1.486106369308577146e-01
-1.477288584118460479e-01
6.240787979009151387e-01
-1.082335819948973821e-01
-6.962611995073131332e-01
4.318763884432383349e-01
4.955675913368722263e-01
3.892193924284754747e-01
-8.079413165411367115e-02
-4.018218508538598521e-01
-2.022163488057497904e-01
4.273648855891051812e-01
-1.282686837855843698e-01
6.311272336887403522e-01
-4.918650091099847632e-01
-6.544580107748728670e-01
-6.032834934951645245e-01
-4.383286949822362555e-01
4.400451744230763351e-01
2.719427801851885262e-01
-4.536200435141217180e-01
-4.788298100517180966e-01
1.283483657696201097e-01
1.795735438737400824e-01
-2.954357252684078339e-01
1.832046014192886818e-01
8.226492862969822517e-02
8.513551899137233869e-02
-2.344372402340354489e-01
-6.848271603542860353e-02
-6.807975650898839826e-02
5.195230470048785021e-01
1.046559742833903794e-01
-1.101871010408271290e-01
-2.602341419364928576e-02
3.317223796788466572e-01
-7.996036058583987360e-01
-3.600969210170608670e-01
-1.606702013648675376e-01
1.705619809850095203e-01
-4.556919357047758412e-01
-1.137066960738207233e-01
1.002962773621111081e-01
1.998195458601417507e-01
5.805087948593916636e-01
-5.357564636504873468e-01
-2.328230143828201038e-01
-1.909935879585243287e-02
9.800547534922030013e-02
3.471077688513277137e-01
-1.321260254460973095e-02
2.436122109907912572e-02
-6.349606649847459039e-01
-2.848649139678291475e-01
-2.933578750165569682e-01
