-6.441211008848859443e-01
1.571244517843357613e-01
3.815367163909568760e-01
6.584339925582417541e-01
2.573746729856336568e-01
-5.467334002343459121e-01
-4.420980545817506657e-01
5.459484814912949346e-01
-1.166916201161916078e-01
-8.100653059171397663e-02
-8.864637921343784810e-02
2.525020344258214755e-01
6.751204294419086566e-04
4.326684065223615483e-03
6.979333445560786942e-01
-1.418646093857368062e-01
-1.624300920228975154e-01
-5.768819233819113546e-01
7.481849925847949834e-02
5.620586073106609293e-02
-3.285170976376819429e-01
-1.813494700641444801e-01
4.501961690109149705e-01
-2.382567341511057923e-01
4.516854339964555543e-01
6.166848684005066250e-02
-3.413004348950526845e-01
-1.081887097163589662e-01
3.085708909248043863e-01
-5.115351200236635254e-01
7.895053718750821847e-02
-4.877014903111563937e-01
1.496632655028501957e-01
-6.950946320119516519e-02
1.581064049977882469e-01
3.434075637258831026e-01
8.202687280968774530e-01
-1.013321177803838957e-01
2.477371625528784205e-01
5.075750162274863531e-01
8.204089532933153683e-02
-2.247087009713193417e-01
-4.978280576154364701e-01
2.493894340242397423e-01
9.063280754390352911e-02
-2.643659877790230928e-01
6.689990512133680012e-01
-4.078010788641173168e-02
1.000000000000000000e+00
-3.854998367909433510e-01
1.441678455669506698e-01
9.430357090700543232e-02
6.150339522830085004e-01
-2.149730860438375801e-02
-3.449766581217064698e-01
5.628195667109232581e-01
-1.330928113923338096e-01
-1.834857979092272551e-01
7.210661459615634594e-02
-4.412750518719565918e-01
-1.119589443193112765e-01
-6.918738883751198721e-01
4.118448213293899318e-01
-4.877234377188246484e-01
-1.136108194357936599e-02
7.959960249141442290e-01
-2.183794166457075914e-01
-5.948062025856182267e-01
4.123312155530289846e-01
3.912474086773654602e-01
-7.405974669279447031e-01
-3.914012628348269018e-01
-2.393138412468627241e-01
-4.357251809968996081e-01
-3.711159348249192247e-01
-2.372206997425259090e-01
-8.845119058530936940e-01
-4.268891517585465811e-02
-8.884088792873467977e-01
-4.152302345398433125e-01
8.497476413129967376e-02
-7.994109378226781359e-01
1.405907300873265875e-01
6.352082574222800426e-01
1.064072072256321277e-01
4.143136494988786112e-02
-2.980311692799626488e-01
-5.266394335100287316e-01
4.141539356507857317e-01
-6.295105029835952326e-01
-1.853511767293536394e-04
8.999690150811079370e-02
4.474197779043005418e-01
-2.760680194352487238e-01
7.421342570351829870e-02
-1.766204980968595351e-01
3.528405932042256721e-01
3.532131072532485594e-01
5.293422320324225883e-02
-3.379696886584060422e-01
5.910081361272994105e-01
-3.171149482183559520e-01
8.054050224842657091e-01
-9.163834778222734734e-02
-6.011745094228975184e-01
-8.288476870227534654e-01
5.948745906367576275e-01
-4.434198368613502250e-01
-9.535683170038339318e-01
8.967398577988809905e-01
-5.561337014168001858e-01
-7.377026417921610513e-01
5.151295459552691636e-01
-6.828487871692892064e-01
1.039598217049204631e-01
-2.408398591375838227e-01
4.442805878664692343e-01
-2.177714608682411457e-01
4.880422708718963332e-01
-8.652264076810181059e-01
-2.977367894331686138e-01
-9.579796315977648913e-01
7.009873247480729042e-01
9.252551262075678906e-01
-5.706350549461660648e-01
-6.765395798905686764e-01
6.861839962753415456e-01
-5.054511758911877095e-01
-5.844180588336178594e-01
-7.074972886715746867e-02
3.850365963084763088e-01
-2.680122884991544274e-01
3.123788744039348586e-01
9.056327933785507378e-02
2.571163237406523527e-01
2.895221315543438645e-01
6.627222980737460523e-01
8.227209370672629030e-01
-2.694809709420100674e-01
3.199096078446276303e-01
-5.583472127061522849e-01
1.415090046698958826e-01
-1.078332555508247220e-01
2.929238116913022161e-01
-8.849987023337139991e-02
2.083386841743681828e-01
-4.641236597718956247e-01
-1.868465570328466940e-01
6.244943626826802152e-01
-3.356409960082324950e-01
3.129424799890286324e-01
-6.326449618868121849e-01
3.289746801701451950e-01
-4.470153922544174707e-02
-7.610787239613264754e-02
3.177560138724777050e-01
7.419145557081399112e-01
-5.860777450397545163e-01
4.605405057944028657e-01
2.860842291543417848e-01
-3.643265285387662367e-01
3.721111483248080720e-01
1.250071175409885049e-02
-3.652525455171116153e-01
-5.117827996616751696e-01
4.402039207676272659e-01
-1.921296923826197323e-01
-5.272206890649716593e-01
-2.444482011705984559e-01
3.724586343268975197e-01
6.457229859780891923e-01
-1.676435638298246489e-01
-3.450864597869245098e-02
-5.159602248854222584e-01
6.856278842848336774e-01
-1.872548861810104104e-03
-2.093522162474689419e-01
1.870582551505849955e-01
-7.220792006776957095e-01
6.896246196599080669e-01
6.751151372157973007e-01
2.574732386833762376e-01
4.399792134288722512e-01
1.274073667859706160e-01
2.492399507041641316e-02
5.862716911302523481e-01
-2.385787325627953814e-01
-5.091917205311375927e-01
-2.456324441694286431e-01
-5.743876626069627234e-01
-8.780719082238466200e-01
5.243951552428731677e-01
5.933381493446452694e-03
6.346133503308954982e-01
-6.992328071719699535e-03
7.595978297520376843e-02
5.196049659896281314e-01
7.597404857426378610e-01
1.092838488026065397e-01
-1.766396373746071391e-01
4.531298197155080310e-01
-5.976051946074339982e-01
1.353553583714813269e-01
-3.315131052568026648e-01
-4.714279050730730419e-02
-6.610188269881694945e-02
2.028390634967979778e-01
6.719220318914337353e-01
2.616189532807085549e-01
1.504320051469123509e-01
2.054926473526040021e-01
-1.169097682324713172e-01
7.531581835173882800e-01
-1.082335819948973821e-01
-6.962611995073131332e-01
4.664258704143313672e-01
4.955675913368722263e-01
3.892193924284755302e-01
-7.115169822704915659e-02
-4.018218508538598521e-01
-2.022163488057497904e-01
4.757416719501499913e-01
-1.282686837855843698e-01
4.365655594389325489e-01
-4.755215671589277937e-01
-6.544580107748729780e-01
-6.032834934951646355e-01
-5.923649737921896641e-01
6.669559987447609695e-01
2.719427801851885262e-01
-4.536200435141217180e-01
-4.788298100517181521e-01
3.687857524920347130e-01
3.205166331119859713e-01
-1.922771453097113503e-01
1.832046014192887096e-01
5.922422613036451566e-03
8.513551899137235257e-02
-2.344372402340354489e-01
-6.848271603542861741e-02
-6.807975650898839826e-02
5.195230470048785021e-01
1.486994154659918022e-01
-1.785361417591920519e-01
1.099372149509436347e-01
3.317223796788466572e-01
-7.996036058583988471e-01
-3.600969210170609225e-01
-1.606702013648675653e-01
4.076843186822505238e-01
-4.716138692770581176e-01
5.539331612466197319e-02
2.201660592053875098e-01
1.998195458601417784e-01
5.805087948593916636e-01
-5.357564636504873468e-01
-4.357622325760488469e-01
-1.909935879585243634e-02
2.570780931915384038e-01
3.471077688513277693e-01
-1.321260254460973269e-02
2.436122109907912919e-02
-4.177040157829562950e-01
-2.848649139678291475e-01
-2.933578750165569682e-01
