-5.765189259986990694e-02
-6.385332576263455517e-02
-3.501635442427469824e-01
-6.916458089633924500e-01
-1.939566616025023005e-01
4.801343822746712703e-02
-5.315277060667685793e-01
4.578196625578261902e-01
-1.882301240070207993e-01
2.866560581408129083e-01
-4.319871749888562484e-01
-8.566795431121913829e-02
-5.147830407091351645e-01
3.441816558924637448e-01
2.121009797369317607e-01
-4.866265820845893653e-01
7.373790715019562514e-02
8.843239580995756466e-01
3.645204486050387938e-01
-1.348819136623150006e-01
-1.594394672231771171e-01
2.857713403805225427e-01
7.438219597990592957e-01
-5.820003097657308055e-01
-6.408830403211897009e-01
5.222644453449750701e-01
-8.758853143517020268e-01
3.438592582591076807e-03
4.101434759921219197e-01
-5.331479154842948542e-01
2.188439301746163690e-01
-6.541220861513050711e-01
4.869869275774632023e-01
3.894255157854018545e-01
-1.432398262812184520e-01
7.470788753268885474e-01
1.495426075299245428e-01
3.860408735544963443e-01
-2.885527413992993728e-01
-8.799708900410240231e-01
2.748337634954368114e-01
1.652096187314636422e-01
-2.604412833755370693e-01
-4.515289223028119414e-01
4.210145437210168207e-01
7.517493439638671671e-01
-2.320956144624058970e-02
-2.405858539930655904e-01
3.512380911998205235e-01
-4.284208965725496698e-01
-3.793130990787123014e-01
5.131980263702335954e-01
-5.101075491323383559e-01
1.630208999168273609e-01
7.783663116305855612e-01
-1.870724125292821949e-01
-3.878192892386878032e-01
-8.821419048706573562e-01
4.999374953756910989e-01
-2.297255315399240050e-01
-5.714109363359929500e-02
-2.312595237400039416e-01
2.027542732084349972e-03
-5.974465066068205266e-01
-2.327501839098784497e-01
6.660458543464825576e-01
1.573319767918537060e-01
-6.071995636208031566e-02
-5.925568686810717134e-01
2.620548666544718075e-01
-6.752189011057491141e-02
1.877803025403670945e-01
-3.571372551587725375e-01
3.732000662879993991e-01
4.156928935671752590e-01
-7.573001810642723264e-01
4.387670899845117489e-01
-4.863861239999939245e-01
-2.070704594003282550e-01
-8.301970069879331948e-01
-7.291360674240991990e-01
5.761777524036529874e-01
-7.267109544786686248e-01
-4.562828692573579481e-01
-6.594734551293236768e-02
-3.704617972787178082e-01
3.341494050237944213e-01
5.965610849275936323e-01
-4.244387710721103102e-01
1.212752883335048437e-01
9.621680957689641989e-02
-4.969008998863328613e-02
6.721508466393956160e-01
-2.090555976881133815e-01
6.687341734764401524e-01
6.591547706698868136e-01
2.561960572406328240e-01
-4.818132136940814769e-01
-7.316462212198417137e-02
-2.359983482163215129e-01
6.240574697516644287e-01
-2.734742122600511416e-02
1.716941559227841418e-01
-5.543222165366205045e-01
4.947570127198325785e-01
4.563359170142922139e-01
8.665701056324197349e-02
7.286891247681995809e-01
8.939320160724579800e-01
5.953473687815529214e-01
6.204646164877076348e-02
-6.746653057297369305e-02
-1.420293953673650578e-01
-3.375760287449203201e-01
8.595039592534575723e-02
1.455698693842633895e-01
-5.266748688066397177e-01
3.491196917584833692e-02
3.003180784551242599e-01
-4.239644588621048205e-01
-2.951180643877326926e-02
1.400493403433952511e-01
4.752624649237504051e-01
-4.981413971486632619e-02
1.956550935685857570e-02
1.914339266794592431e-01
2.041581825204495937e-01
-3.571684420339877458e-02
-3.656116001342984978e-01
-6.510856138752838529e-01
-1.673965240051555337e-01
9.970017683021295193e-03
-2.652386099829183164e-01
-8.450557296696217802e-02
-1.923746323411004155e-01
-1.868210591126193976e-01
1.826239436733735899e-01
7.048875948418842352e-02
1.511913969058643059e-01
4.052327622039438304e-01
3.145109503209048696e-01
-1.635459071199724390e-01
4.826619015199364315e-01
9.192466282768025909e-01
-3.944432732604536973e-01
-6.853597697251843091e-01
8.661491292728231706e-01
-4.524027906325467363e-02
9.389854117689609980e-01
9.342551455011061101e-02
-9.771484054936665498e-01
-5.237244598762005321e-01
1.238323935124789610e-01
-3.074094480725471645e-01
-9.888342254518496244e-01
9.538752593363113430e-01
-8.392767684923965188e-01
-8.599758343623256085e-01
-9.132894314632007682e-02
1.343630144712424923e-01
2.726655376291602928e-01
-2.694873536535464242e-01
-2.874224251717883982e-01
-1.649267851319833056e-01
-3.434268472744183565e-01
5.482697197933287248e-01
-2.662392697193244340e-01
2.394286953567209553e-01
5.197771468831153818e-01
-2.363281440885330389e-02
2.428059513785961743e-01
6.863426743559061793e-02
-2.968470286546811554e-01
8.776383378222781806e-01
8.488210252284482671e-01
5.293960005175728512e-01
3.113873540088964997e-01
-4.571897745504795996e-01
-2.383978842072394799e-01
7.260960037934007794e-01
3.757530609036156544e-01
5.721824408433933140e-01
-1.854350065630870348e-01
6.092180183373788749e-01
-3.381875954797554096e-01
9.977709284400202439e-01
1.000000000000000000e+00
8.574841984437316933e-01
-3.469254910889927324e-01
4.563862116187770712e-01
-9.853913686172044439e-02
8.473707440771927057e-01
6.184707586335280727e-01
3.521612581607775905e-01
-3.825587955953482222e-01
1.095415381989743864e-01
7.746024218052801613e-01
2.044644493966225884e-01
-6.478166168625851817e-01
1.000000000000000000e+00
-7.643728639630165134e-01
9.742613036495377798e-01
-1.428560862921871011e-02
1.968523038993101881e-01
-3.060140248643900551e-01
-9.164089383280071832e-01
-9.272168040615902385e-02
-1.000000000000000000e+00
-6.395721708081425483e-01
9.378715175349561228e-02
-8.380169482561150573e-02
4.623756983970417345e-01
8.504350980735173593e-01
4.201206284295679327e-01
-1.647538902332176258e-01
7.277714397261044743e-01
8.379810974759999143e-01
2.987499873059719091e-01
9.340861118901944149e-01
-8.138855666511046749e-01
-8.801071315501067804e-01
3.262858297929673301e-01
3.223636073261944568e-01
6.910568553375271428e-01
6.681990503377845947e-01
1.107098139848032570e-01
9.860410353650728155e-02
6.720538715570565369e-01
2.523411731205643660e-01
-4.849813960280746628e-02
-4.645102962680806580e-01
-2.908824684075230205e-01
-3.407195109135440214e-01
2.500021893364454684e-01
-6.489596770881972398e-02
-8.741771456357124714e-01
-1.417388507522995555e-01
3.220035337106866291e-02
-7.623671899653742257e-01
-3.453122124341509447e-01
4.914265549888965912e-01
-4.726757566372059016e-01
-4.989351228018968909e-01
1.954793474605503734e-01
-7.208091391586373131e-01
1.609026959776681809e-01
-3.712898439863884792e-01
-6.442960314988376014e-02
1.378771667437622694e-01
6.857901020881915777e-01
-1.190165438190128600e-01
-5.707230741507270944e-01
-5.292677061429198471e-01
6.522065884729318086e-02
2.942693794721988887e-01
-5.087661163703462996e-01
-4.576077524861362766e-01
8.225632752609163267e-01
6.338846836449711919e-01
-4.446834976043125831e-01
5.890124382511582324e-01
-8.633126533562655025e-01
5.750710829221159504e-01
-8.758744277902714981e-02
6.499836776561369600e-01
