-1.722594123639312191e-01
3.315500564287443552e-01
2.897745055214495657e-02
6.829940792029626229e-02
5.951067348708834193e-02
2.363489693939387418e-02
-8.805769930853810101e-02
2.115228675563421423e-01
2.542426939602726588e-01
9.454023852067354461e-02
6.599181607257528781e-02
4.493650690397307801e-01
-4.848405957157340129e-01
6.789314507758285044e-01
-4.809544677012128622e-02
-6.635498782576962906e-01
-1.866210887643390270e-01
1.798161737406307470e-01
-4.494744292230613558e-01
-4.785154483144428150e-01
-6.105585175876808435e-02
2.393124537808838104e-01
-3.870718146936024118e-01
1.267780769180655298e-01
1.325683940403571959e-01
4.767455250497099617e-01
1.827523924610335304e-01
2.225782702821597070e-01
2.623585577410072478e-01
1.039292956340515522e-01
1.808170124046806493e-01
4.930556881757961613e-02
1.979781722440982494e-01
2.229711990907212726e-01
1.791825998840470557e-01
2.789039639510970670e-01
-9.224643416660750772e-02
-1.533927054401166834e-01
-1.932745954007558664e-01
-6.505288805733325241e-03
2.867169681370839718e-01
-9.924592550166812244e-02
-1.079758945620818977e-01
5.624120282479358468e-02
2.089489281108193319e-01
1.368428701572508566e-01
-1.142323028904171922e-01
4.298856985073651327e-01
2.868364192774709442e-01
1.944543220591679611e-01
-1.071330868428205241e-02
1.530641640033172934e-01
4.206823448624486539e-01
9.317541675920870681e-02
4.506715943398658109e-01
-5.172287509530731908e-01
3.334785448535360075e-01
4.105157588585452988e-01
1.645142527930284204e-01
4.875810861932780571e-02
-2.324712900026920659e-01
-2.909886066115473929e-02
-1.017810882537840550e-01
1.536328796985820810e-01
4.849769214201721246e-02
2.008828240172693125e-01
-2.538536658012503500e-01
-9.320372320760511586e-02
4.842487169897358168e-01
4.245550425351986013e-01
-2.208352211746513194e-01
3.721084975395971828e-01
-6.542635026191012670e-02
-1.945263290036638726e-01
3.017634149620903039e-01
5.017682483472889199e-02
3.097394044927400669e-01
2.549650364013988924e-01
-6.453166857296463443e-02
1.059810255597172790e-01
3.758252510279320724e-01
-3.485804217827137008e-01
-9.755173627517482737e-02
-4.367615635088373249e-01
1.794773506949315367e-01
-4.538338657107737761e-02
-1.151665950421126294e-01
6.765183704555722821e-01
1.706207697373581245e-01
1.804755563707582944e-01
4.173985378799321966e-02
-1.867454860952876272e-01
-4.123903478116275334e-02
1.461607919388780430e-01
-1.552574198182996024e-01
3.044821593200452980e-01
2.609013113312108612e-01
-2.525679609903145328e-01
2.385518591650077624e-01
8.484833963279804492e-02
1.364919468788315660e-01
1.422439876137517878e-01
-1.879682506827854704e-01
2.847508628437026568e-01
-3.365624141692240001e-01
-2.503463935975000498e-01
1.242153953707777481e-01
1.785240124910425497e-01
5.513226666758902494e-01
-3.821541308409841520e-01
-8.651415491841590866e-02
-2.450683838949830329e-01
2.633150536892155946e-01
1.620600161510919179e-01
1.621659478842946700e-01
-5.033122678365080649e-01
-2.135861059018960839e-01
-1.000000000000000000e+00
6.615183968695281802e-02
-6.199969558403217729e-01
1.895206872235925821e-01
-8.393762398166031147e-02
-4.506697055610771330e-02
1.851044391656841981e-01
5.795902320943711050e-01
-1.988958623610662391e-01
2.509848183280402045e-01
2.899728656104099689e-01
2.289358546668054384e-01
1.356724805398604183e-01
-7.921679681088830693e-02
-5.615781585188438924e-02
1.071440040892337464e-01
2.409465472797518437e-01
-1.392447054472633061e-01
-4.350452443453262097e-01
3.095518798971537699e-01
1.942105340699023519e-01
2.275646280765661333e-01
-5.586615604739539331e-05
-3.046437301733477265e-01
7.989155401533204470e-01
1.085847211453796202e-01
5.042599626650558914e-02
3.973038783828364284e-01
-2.940226810179561237e-02
-1.526689713370823764e-01
1.578460021622599407e-01
-3.387355923996173135e-01
-9.347614422607811169e-02
1.358358233868817710e-01
3.061853443326139068e-01
4.444990264224890075e-01
6.628889422929939990e-04
1.982458923338627499e-01
8.228568349830314710e-02
-1.618931215470060248e-01
1.200176499628576865e-01
-1.926744360082476848e-01
-2.537851297585064780e-01
-2.341792339395922795e-01
-2.379289266091679234e-01
-5.255532153128705808e-01
2.078779089984263972e-01
-2.255446975360842210e-01
-2.714422342507725183e-01
1.566455543219193725e-01
-2.023231439915557928e-01
3.149621503413342904e-01
-3.050351703910795242e-01
2.673390608289676895e-01
-1.197980724279285591e-01
2.453215175298790740e-01
2.801262455311321897e-01
-3.113143463279884338e-01
-2.358466779897292198e-01
-3.771407020223768169e-01
-4.975487803363782269e-01
-2.537203011538635145e-01
-5.076020542158600490e-02
-1.798568062254668476e-02
2.201235969188939379e-01
3.578718022938653237e-02
-1.021295171793942108e-01
5.571800579033151513e-01
4.401989241400756092e-01
-3.925784607126940884e-01
1.862298514369638835e-01
-4.923706076611755744e-01
4.530895790487018959e-02
7.031218692965985895e-01
-1.547932192825751674e-01
3.595313992392851904e-02
-5.823989298105729517e-01
5.908340789857202680e-01
-2.665084062570193257e-01
-3.573715697532606206e-02
4.045072909937421080e-01
-3.438387533913918603e-01
4.126453477497847855e-01
3.018242660078825079e-02
2.995068867741743635e-01
2.602658409668903716e-01
-1.108815143401068876e-01
-4.368948866143210208e-01
-1.251386399857427612e-01
-3.915004637514254981e-01
6.892843620987663955e-02
1.295860091123388069e-01
-8.500519532487646468e-02
4.412476140666389268e-01
1.462059053427878785e-01
6.844785894973581808e-02
2.254051151700788846e-01
-6.342691553951659289e-01
2.082840251757943906e-01
4.641476876222269676e-02
1.909474072308686432e-01
-3.892740808607212943e-01
-1.618993334108496107e-01
1.128724571074600919e-01
1.783549491731336034e-01
-1.241873840368319659e-01
-1.450490462422935056e-01
-3.495716125606050384e-01
3.188990372196455203e-01
6.345178887291186287e-02
3.497314338120219301e-01
5.357334009664649344e-06
7.525355328852431636e-02
-2.641352733473667502e-01
1.600071131152608350e-01
2.976269218620146706e-01
3.530154485254723418e-01
-2.178973796989409628e-01
-3.971682533477156607e-01
1.493464303193213216e-01
-3.070812563507790971e-01
1.382196911210664125e-01
3.534404941077703977e-02
-2.198053840846144469e-01
3.259490692236204079e-02
4.742941233017177738e-01
-6.483360497249488485e-01
2.576117443283448827e-01
1.991060970713702805e-01
1.246845626489931080e-01
-3.876285630604363042e-01
3.841401560214263711e-01
-1.188924359809816374e-02
-4.408723681439807862e-01
-3.960665034582964150e-01
3.062910386521028872e-01
-1.755802200037239191e-01
5.487251487407923678e-01
-5.702670368436002502e-01
-3.218066780979720320e-01
3.974578015342211113e-01
5.717064664446676048e-01
-5.371593039464945818e-01
5.837054744670816531e-01
-2.097480995693572492e-01
1.892396446993142300e-01
5.895539327159827758e-01
1.130874646400660405e-01
