-1.972561741134850055e-01
-1.321881426695083739e-01
4.665980091583160627e-01
-4.873488768256351023e-01
-4.590550679085568797e-01
-5.082281366960659241e-01
-3.389218856593607665e-01
-2.107379074044561373e-01
-4.771570306747405232e-01
-1.967031941832969033e-01
-1.006262238780521456e-01
3.463524766622751855e-02
1.299410997311321314e-01
5.037347235052120897e-01
-5.572903981296211118e-01
-1.078420396026047584e-01
-7.655590766546973569e-01
-6.736230131474332458e-03
-1.421920759716977511e-01
-1.967486573153596208e-01
1.042035998437908229e-02
-3.099401562561525103e-01
-3.460119490946594184e-02
-2.402184389910398676e-01
5.919128799248326578e-01
8.340866161149751434e-01
5.468337448212683416e-01
-6.638837920674141024e-01
-2.916721988530145415e-01
4.822481046805113802e-01
1.410662909134152709e-01
1.903805143670842526e-01
-3.911263072618271219e-01
1.155926692236377007e-01
5.750065351524686896e-01
-6.067973628416944987e-01
-1.700664561407688735e-01
-1.027819675922796994e-01
4.602963931803058517e-02
2.132710340958188233e-01
5.481493945946468438e-01
-1.872735674756053625e-01
1.519726311904163740e-01
-6.527117365698307250e-01
-7.519677320010170751e-02
-6.669715588322333577e-02
2.817559228580974184e-01
9.374537922650358901e-01
8.463101385494588291e-02
-2.556925540579855216e-01
3.041637649887353190e-01
1.829523607813277608e-01
3.731925127040632284e-01
-4.735030278397576314e-02
5.495475040757528129e-01
-7.788017473737310903e-01
1.911869590558572529e-01
4.267671630115480452e-01
-1.841758506115756255e-01
3.989897132802893709e-01
-5.472266739140702052e-01
3.898906178400182720e-02
3.493398554495011354e-01
-5.365197637746985659e-01
4.895488503865965679e-01
-3.373153862592120356e-01
-4.587723788104277611e-01
3.583558334881457863e-02
2.073842729387005441e-03
3.858083447845105929e-01
-8.882126362103467954e-02
1.994441596635812552e-02
4.697244618382364623e-01
-1.560332122724046311e-01
3.585135910555295458e-01
-3.190355429310462454e-01
3.900541520025521680e-01
-1.611984966728889912e-01
-3.061920433004788333e-01
1.024308336949985992e-01
4.809013052616105122e-01
-6.119356126187800449e-01
-6.087458519009267960e-02
3.192598775105031650e-01
5.495101259909144220e-01
-1.249559592916198725e-01
-5.527191095125681963e-01
5.300694879598994991e-01
3.785803540701679348e-01
3.318865881553900721e-01
-5.979851453880520584e-02
-7.120346848020644437e-01
-2.879281204530084182e-01
-3.945853592365786144e-01
3.960505932888129521e-02
1.907924943479969992e-01
5.616181256987137216e-01
5.839432834536383288e-01
5.395825065952675192e-01
4.649210396959737590e-01
-1.493432396247495186e-01
6.650780739043922196e-01
-1.749592401213020953e-01
4.376836337840391833e-01
1.067968216091524369e-01
-4.189293359323379429e-01
-4.947888543079309032e-01
1.627254859858501823e-01
4.992044894449443326e-01
4.274031362716201876e-01
-2.925550778303347421e-01
-7.690394244711824534e-01
-5.019954043636389862e-01
7.813321384517691870e-01
5.789431996316510842e-01
5.278406364613607016e-01
7.456016428178647848e-01
1.327220198155190933e-01
3.871902061637357839e-01
-2.407099366311302724e-01
-1.939333113265416242e-01
5.469609734490393782e-01
5.461989177596057177e-01
5.977551068868109940e-01
-3.840836169036412340e-01
3.773536385127865267e-01
6.490610557004824477e-01
2.278033575597467331e-01
8.499992739686068610e-01
3.558531965964257804e-01
-3.171944885007902948e-01
5.432236165404438211e-01
2.264433384409731964e-01
-5.867902291846424090e-01
1.519979724052673842e-01
-3.320645752872841000e-02
7.660681449658095499e-01
3.462382635974367573e-01
6.563644163215440752e-01
-2.329923365191213791e-02
-1.781225664309493140e-01
-1.776955845557617875e-01
1.691488629888965312e-01
-3.083322119938934902e-01
-1.898156973466665620e-01
1.521885806837056931e-01
-1.050088975383890039e-01
9.309504048085693109e-03
-1.735588495318165503e-01
-8.196895947699902596e-01
5.355750391711530112e-01
-5.647801253836373103e-01
5.252654305574999682e-01
-1.236334985941278247e-01
-5.445496163530104683e-01
2.542016375279312901e-01
8.392887852699426610e-01
3.855755720970263645e-01
-6.897194119030312098e-01
-8.754105677242740580e-01
-1.567140179897201502e-01
-3.215673720639515842e-01
2.565111355184769293e-01
5.060590151267938541e-01
5.591905026627285585e-02
-2.387750080747646497e-01
-7.943462455702242631e-01
-2.431674610069621267e-01
4.655665223525905505e-01
-6.146137284605251994e-01
2.905560074595886499e-01
3.919924138603064767e-01
-6.174402007916307555e-01
2.661862829034740141e-01
-6.071033478112236592e-01
-3.536259713144120909e-01
-6.506364959977928297e-01
-5.310027662653855618e-01
-4.606373824692668317e-01
2.253057451170586423e-01
-2.665803900098485113e-01
-8.060548094285824305e-01
-3.090832795108344744e-01
4.945632907202631712e-01
-2.596081541179237062e-01
-5.801925456331457065e-01
-3.871389338835214966e-01
2.995190605905747594e-01
4.032441004645485050e-01
-4.534952302518650558e-01
9.593795219139993335e-01
-3.422469044227974266e-01
-5.667693065386094631e-01
5.692768509312561287e-01
5.348941949872234591e-01
-7.366798493472341836e-01
-3.786726554241479636e-01
-7.766699507847911466e-03
-6.632808052256408127e-01
-1.701806793391033926e-02
7.094110792052155112e-01
4.074333869352666504e-01
-1.091140078482568526e-01
4.425037880999058704e-01
-7.688651773770427411e-01
-1.597983929082775201e-01
-5.350728100342017068e-02
-3.297984633355298678e-01
7.301496049546891687e-01
-4.057042827911876426e-01
5.758686131533993224e-01
-8.271328651697129608e-01
5.946757898523452601e-01
9.247554652503304773e-01
-6.621984049306370856e-01
-5.858717752315113492e-01
-5.820483320041015124e-02
-7.624666861929098038e-01
3.283455054447308868e-02
-1.044868389935921654e-01
5.062822808108616846e-01
7.726920641095477160e-01
-3.984780812622837898e-01
4.939931386937038704e-01
1.378426100862233383e-01
-2.464700034839507892e-01
-8.399784824927955529e-02
4.718916270805821878e-01
6.395870317083496293e-01
-7.260255953652700045e-01
-7.250874169998738905e-01
3.760153834495382763e-01
-8.047681442171169541e-01
9.269561229009746217e-01
7.600958100719353849e-01
2.745531243999144166e-01
5.483291817775173271e-01
5.131706089531786613e-02
-6.162076651468893773e-02
-7.341593074963012056e-01
-5.914577516432868443e-01
7.981265637763355070e-01
-1.545572305109549627e-01
6.214642430570024301e-01
-1.353272208347922612e-01
4.679707072810126989e-01
2.037326260689061030e-01
-3.048625374197064253e-01
5.804921267916761662e-01
3.975467388899365795e-01
-4.485302669054948566e-01
7.507086655512804074e-02
2.682474263595654995e-01
-7.873182748009724952e-01
6.630494285406384192e-01
-2.661986460741618266e-01
-3.641549141271664958e-01
6.749701511144926558e-01
-1.016801006832668969e-01
7.820572417367496199e-01
2.221448411111532073e-01
-1.278377860627671059e-01
-4.947248171306421749e-02
-2.957443540552249783e-01
-7.036532659919170207e-01
