1.709201309489634946e-01
5.507393235349818950e-01
5.153416879223496894e-01
9.082545443442012478e-02
-1.202098391421228679e-01
1.651050888266381855e-01
3.080016091933115985e-01
-1.774469803676720914e-01
-3.912579485393390955e-01
-1.681687069421969327e-01
-1.660815499909153170e-01
5.975092606753096280e-01
7.472111292325114840e-02
4.610941913200997111e-01
-2.571571293617445630e-01
6.101535331219753999e-01
-6.648665870528228661e-01
-1.036841267320286614e-01
1.111510330339991331e-01
5.401927320950660610e-02
4.920608292360499347e-01
6.595886158376762509e-01
-6.858971160281687185e-01
3.859555128324329565e-01
-2.527883980823887322e-01
-7.212489899381975267e-01
2.426881713875313762e-01
2.971094987265377463e-01
1.264896402345018767e-01
-4.111430413238915255e-02
7.656170232495742578e-01
4.663757023827726916e-02
-1.349780017759290573e-01
-2.702142520166964657e-01
6.080741226294669177e-01
3.605171038942330160e-03
-1.006382945028903297e-01
-4.057759311009829784e-01
-1.912495815056881876e-01
5.785727954365524894e-01
3.946026874614501356e-02
5.025959411946590710e-02
-2.167465955034748593e-01
-5.465290494264167798e-01
-6.625346899541617596e-02
1.091607090487375087e-01
-4.732366384826232619e-01
4.229845219102336129e-01
-1.751755354108328611e-01
1.453212332963344997e-02
5.998785639959943738e-01
-4.129398071713785007e-02
-5.838932851921855294e-01
5.207853018545698376e-01
6.005062586267813085e-01
3.683187086724069026e-01
6.522616711995443683e-02
1.784831089526127679e-01
-5.426594047380779023e-02
-9.416542411407380353e-02
4.693915862403819639e-01
6.495804097817129384e-03
-2.539807892319409510e-01
-4.240275565906417299e-01
1.077424743416663250e-01
5.550931183549979719e-01
5.007830011014526850e-01
2.516625752084158951e-01
3.657902750413271065e-01
-4.616916425384975375e-01
5.969195059003501447e-01
6.042388048347245855e-01
7.306745604394578042e-02
-2.554260877190605017e-01
2.989389330252094634e-01
-7.225367558682165292e-01
-8.222077726337727321e-02
-2.546452501428748127e-01
4.492294224464268154e-02
-1.288333052026073566e-01
-3.454177624388730661e-01
3.873187512581471315e-01
-9.440985962708181578e-02
4.203699853834066968e-01
2.919091543719610771e-01
-1.850663139088465359e-01
3.487618605045739173e-01
-1.540693282747684356e-01
-2.185900609931278049e-01
4.257944458821324996e-01
5.310440824574101937e-01
-4.585829890017198984e-01
2.685825397472241249e-01
-7.046806191874717129e-01
-7.427948773388975967e-02
7.640123104323218728e-01
6.488872460932666453e-01
-2.640046021496299522e-01
8.729861369129957027e-02
-5.146446138744410481e-01
-2.169323899527006161e-01
3.421564608223988846e-04
5.615567204474325447e-01
-6.042539564919756634e-01
-3.706384300599382953e-01
-3.772128290635756720e-01
2.169394422911421483e-01
-6.068389850345679015e-02
-6.588363030649582175e-01
-7.138804313241174926e-01
-1.772829377119980454e-01
-5.122676153555915102e-01
1.974268667174983172e-01
-4.507205737525344369e-01
-6.473903140268326695e-01
3.750756469208914035e-01
4.425586419625741064e-01
6.418861548321841415e-01
2.164116794507216779e-01
-2.538458508655930812e-01
-4.657777775904663464e-01
5.230138155455537480e-02
-2.677300368208666015e-01
-6.934197581417625433e-02
2.249562366755840093e-01
-4.257055929347050571e-01
3.921405882674542931e-01
4.344228642143992958e-01
5.631593037437354621e-01
3.099065074497300842e-01
5.795034946372117357e-01
1.982652889817005104e-01
5.616270413821955465e-01
1.278028651338093125e-01
-2.095974951044439205e-01
4.486885884932310109e-01
-5.298499912956998112e-03
-6.324921271896649655e-01
-1.477594757605237563e-01
8.947057500719757250e-02
2.717144669336173934e-01
-1.972029342286936160e-01
2.334160716323329179e-02
-7.052317495663837921e-01
-4.357301306787748629e-01
3.446073737575650608e-01
8.557774424054731197e-03
1.231394544113702250e-01
3.853261194720988825e-02
-1.518801551022975482e-01
-2.615460425400520927e-01
-1.408529420233734508e-01
-3.836052467841383762e-01
2.876778605079223783e-01
-5.051149852512515359e-02
-4.635107577296441739e-01
-6.038317474088422676e-01
4.762605533192501017e-01
1.300619812331371417e-01
-6.587407428677197752e-01
3.718322978813256019e-01
4.101166235445410368e-01
1.317767978255422467e-01
-1.219136439787418813e-01
4.321557569242213681e-01
9.863498233881329291e-02
-7.941458310998761316e-01
4.957024468296019060e-01
-3.788066502639678146e-01
3.435664170058803646e-01
1.667831745216815653e-01
-3.722271393701082065e-01
3.519613483771612539e-01
-1.639972974911542425e-01
3.878067824707602806e-01
-6.013119501124532945e-02
-2.510698182377199550e-01
-6.941125115729408074e-03
-7.498037101681521988e-02
4.269978409240064443e-01
6.116604144073056748e-01
-1.581295880168301360e-01
-3.340056803320328727e-01
2.724689626695590561e-01
-3.529400614061685704e-01
2.929281607569793611e-01
4.289037013958889033e-01
-6.789576668254877490e-01
7.115580821434047687e-02
-1.793986977949917905e-01
2.691939665349341038e-01
-5.929946914157609994e-01
4.377161733486402695e-01
-3.593023012167929631e-01
3.562609131120607064e-01
-2.662911961500066260e-01
9.938659549276561422e-02
6.339814154318303974e-01
-4.105715480747232360e-01
5.411352495096959370e-01
1.957910835495861590e-01
-3.812957242199394581e-01
-7.199194088262779179e-01
2.831131049958015566e-01
-1.936632597696979485e-01
-3.265348834045460613e-01
-4.327407557640943203e-01
-5.091180787558483578e-01
1.223577382265396279e-01
1.320937060880511549e-01
-1.060416059068000488e-01
2.754879503005731520e-02
-1.059977746218202094e-01
6.655298189383070107e-02
-4.493322153491173809e-01
-1.370743675263537131e-01
2.268975120056705985e-01
3.450055299777189449e-04
1.680244419629269292e-01
1.632675862025322056e-01
-2.048729699997864362e-01
-4.686286181627164482e-01
-1.058556240952259614e-01
-1.968708911304908882e-01
2.977024389832552131e-01
2.240769274391360144e-01
-5.257572153727425590e-01
-3.517181765166081941e-01
-3.487229066838674618e-01
5.461023864588351873e-02
1.252218964951939961e-01
8.140668209119763521e-01
-4.772752521976324908e-02
6.084303677829874801e-03
4.552870659491961569e-01
1.102783538719250417e-01
2.006271131395189478e-01
2.427906317158168292e-01
-2.544181695842892554e-01
6.180373073723580135e-02
4.899771287723115321e-01
2.057424788566286078e-01
3.512045468240080903e-01
3.879867040800411560e-01
-7.682759925719624683e-02
-2.537896938237331201e-01
9.035288404795860373e-02
2.808063686155815586e-01
4.800878091822503579e-01
-5.846720093673237750e-01
-4.689307737137767274e-01
-2.459767128247740409e-01
-1.788771124897272080e-01
-2.077303978023777864e-01
6.312683053824673374e-02
-6.296438729137741885e-02
-2.841302425594601777e-01
2.866740731511946416e-01
-1.076955395239131141e-01
-7.602636588152034136e-02
3.232371923607210706e-01
1.272225590850716292e-01
3.995783234238297309e-03
-2.034387631109864092e-01
5.112191118759618069e-01
