-1.946028280478848682e-01
-3.096833840429490947e-01
2.123561758180568804e-01
7.448721550836925331e-01
-2.522915644172813998e-01
-1.302940547888537526e-01
7.042673177760744307e-01
7.018257364391547459e-02
-7.268258574770151137e-01
-2.486586259069850646e-01
5.951997379915185959e-01
2.795016409127738521e-01
-4.104508791055747063e-01
-2.434709186886474530e-01
-2.411505532533085305e-01
1.169138651530113662e-02
1.922247336646717708e-01
1.682668256970148990e-01
1.292661942464822800e-01
-3.513565771784978864e-01
-7.083037343780676509e-02
-3.131749969269578826e-01
-1.678097102633282212e-01
-2.020193759066867684e-02
-4.757599380345419737e-01
4.773205888398140972e-01
7.576952790898102696e-01
-9.441328151942271485e-02
-1.523478047796136825e-01
-6.187909991561455492e-01
2.206014511015811919e-01
1.088704362547076171e-01
-2.739041077386747958e-01
-4.563697664330512715e-01
-2.303046129607655146e-01
2.980255858848167017e-01
-2.552946499674623171e-01
4.908626215642757362e-01
6.537866017388973550e-01
5.507225023714470424e-01
3.536463494833065324e-01
4.073058694636104704e-01
-3.367602891562757050e-01
-3.058030014051757450e-01
7.334898645226393954e-02
-3.217174025720380692e-01
1.615917847748175873e-01
4.307384256615340856e-01
2.712737627161643794e-01
1.746078864103329797e-01
-2.152827906615780995e-01
-4.732082812678960471e-01
-1.236274203811433131e-01
-1.048794356892112090e-01
-6.507684568286127291e-01
5.289013460602349781e-01
3.380148395675487971e-01
7.253248997418397792e-01
1.753004862795128072e-01
-7.192545071944884960e-02
5.262900543166617595e-01
-2.051910834158539587e-01
-2.447353914056273894e-01
-1.716900058133398188e-01
3.520625373606505737e-01
-2.935554360915794136e-01
6.997139446044170485e-02
3.344774610305790152e-01
-1.300524372712792143e-01
-1.645443612569106456e-02
3.242601749336375683e-01
-1.827627197661553793e-01
-6.710579961318989817e-01
-6.370244858558214984e-01
4.365724845952944078e-01
1.453053568570025766e-01
4.474729241148582559e-02
-1.799184542140334631e-01
1.617861035079193044e-01
1.038057347841646050e-01
4.786931849236931713e-01
-4.331849787658769158e-01
2.993261546141410823e-01
-1.998298026394393911e-01
7.113504889151727184e-01
-7.726393397035397070e-01
-3.665120235279165639e-01
-5.899425695831822525e-02
-2.507406497789973487e-01
2.107426581441325941e-01
1.823856742384530327e-01
-1.103337508178298676e-01
-5.857438104597680884e-01
4.716639151061432500e-01
-6.730299888833148891e-01
-7.231307919428808795e-02
-3.424448343425904318e-01
-7.473792188980317164e-01
1.892460101159854774e-02
5.759763628541387792e-01
-7.380370427795919230e-01
-1.516725921395245535e-01
3.479633427768870635e-01
-3.579010621772582001e-01
-4.291736281403270015e-01
7.232553608782301691e-01
6.121687390798888906e-01
-6.901440158532836655e-01
2.273061478022742610e-01
1.301876850430686849e-01
4.675556513403575920e-01
-6.221520244640561526e-01
1.573107675300579045e-01
-4.418996409362468958e-01
-5.395660256650889330e-01
-4.087651845421650942e-01
-1.470517375476037003e-01
-3.315164225056635994e-01
-3.960919694975959526e-01
4.036067873121695349e-01
-9.746246037145634977e-01
-2.155445629483753178e-01
-7.206152645411785240e-01
-4.128323294173691371e-01
6.588201138440241689e-01
5.746811838682419626e-01
6.984374920597851144e-01
-3.032315639687053754e-01
-8.102612404341724694e-02
-5.678994187665148408e-02
-6.050638355276245495e-01
5.166949777127534116e-01
1.531098842734743837e-01
-2.245991633930068954e-01
1.923328484039524833e-01
-9.270556158769684141e-02
4.647834192212398907e-01
-4.490196528997155712e-01
8.812602776663473747e-02
-1.917888154422800473e-03
-5.177592211414177026e-01
-1.805753197680150246e-01
-4.123316902854927135e-01
2.241352154905687510e-01
2.305946915424304522e-01
3.166866671665271582e-01
-2.636284889477114590e-01
3.754361757664742907e-03
-3.976110923122758711e-01
-1.952952553358913157e-01
-6.995290537605212133e-01
-2.130542927172264789e-01
-3.600608882818478462e-01
4.636351219957157710e-01
-1.289697136673238209e-01
2.949104411084683269e-02
-4.123628409967951269e-02
4.009654229714787466e-01
5.139546474382008512e-01
1.631025385093157754e-01
1.387216386962819015e-01
-1.767963346624347731e-01
6.015948589914752453e-01
2.395521220598350112e-02
-1.451543183287793137e-01
-3.486224209461899481e-01
1.405774806577129166e-01
-3.279621428873170652e-01
-1.142198410289886890e-01
3.420233532142791799e-01
-6.751433033587612986e-02
5.321723264178448431e-01
5.682808933494815085e-01
1.310668678087239525e-01
-1.694162580559567810e-01
-2.763108724475697997e-01
4.416806382802992287e-02
-3.694344138149521228e-01
-4.622485119655441593e-02
4.732912275411748082e-01
1.158045516889021354e-01
-2.036116161100334776e-01
8.283919698830730094e-02
5.828896861996248902e-01
-5.775672037922098268e-01
9.308032161998625043e-02
-4.607759087794077030e-02
2.211160177259959281e-01
1.684224817746095559e-01
-6.715294506967849353e-01
-2.884272045745373547e-01
3.288118646788324995e-01
1.019276158695426038e-01
3.050787681078964697e-02
-7.014560654573782639e-01
-1.361478563697013713e-02
-4.194431109570138094e-01
-2.115718757695229657e-01
-2.252549096446850030e-03
-1.700309952393217749e-01
1.238162283404088126e-01
5.010666077137366781e-01
-4.221212959252264585e-01
-2.521619144303026694e-01
7.835895305247055909e-01
-5.966361412408910381e-01
1.384165510365061302e-01
2.536708871825977402e-02
-1.191949484784429886e-01
4.522977158733624270e-01
-9.674607930712808557e-01
7.090101861555486717e-02
-2.509760716291896121e-01
1.667201332238645028e-02
-3.822210929184738371e-01
7.444942842355041224e-01
7.671094749673963431e-01
9.935231741246841608e-02
-2.038667067853016657e-01
8.243055206199065843e-01
5.371852436773238981e-01
7.395160499410902144e-01
1.937142645379641703e-01
2.761096982435931046e-01
2.025421561224248837e-02
6.626698818647677736e-02
1.388907478364838632e-01
-4.340932010361646665e-01
-4.990611517602141500e-01
5.774148722355048058e-01
6.417367079059367596e-02
-6.478546748053692905e-01
6.984356156734594645e-01
-7.982067576575105350e-02
-3.608158172163963284e-01
2.124795237914761936e-01
-5.263413496107345324e-01
-6.514310724697141008e-01
2.208736137311522740e-01
3.238337166501291664e-01
2.714676481087290871e-01
4.275188178216087626e-02
-1.372004710573843378e-01
5.064489520285856416e-01
3.418058037277163508e-01
3.299236118232545811e-01
-5.393863978513867286e-02
-9.672384508328306374e-02
4.196843289814953248e-01
-8.650214069325545818e-01
5.333198618362595435e-03
1.630706265631321483e-01
2.321749740046758492e-01
-4.677062625011634278e-01
1.312541924022049000e-01
-2.381324237609069028e-01
-2.493798821415167677e-01
2.236653599242313661e-01
-6.831232963503297562e-01
-3.848617313919853178e-01
-1.015337278320468939e-01
-5.286063357819383024e-02
7.563934989453334756e-01
3.990855541854572142e-01
-1.742724670015263072e-02
