-5.518870858055950901e-01
6.315179077886974301e-01
-5.186175947379702000e-01
5.565412706473856774e-01
2.135920655533880830e-02
-4.466917333431966175e-01
7.115520757434783405e-01
-7.402411494693409422e-01
-4.500624612259876423e-02
5.315234371661979873e-01
-4.375916200019132341e-02
6.257031244688288085e-01
-3.228702043880171124e-01
-6.984603406939658699e-02
-3.254871634475074438e-01
3.885554646264356426e-01
-1.304762587471078872e-01
-4.626355386439336415e-01
-7.595221035794845754e-01
3.583517941176864730e-01
-5.077329649650123011e-01
6.044061480025453292e-02
-7.086291514718781048e-01
4.273441692853566232e-01
-6.529855202892058674e-01
-5.205472220152576601e-02
-3.371885232278989397e-01
-2.530293999585238041e-01
3.302854523519072050e-01
7.768359623528078295e-01
-3.637784191957506574e-01
-1.883192511571549557e-02
2.646991647917202456e-02
-7.300647183299504572e-01
3.220560561904443619e-01
2.161210752241027322e-01
-6.211594619381004545e-01
-2.171911299331603096e-01
-2.701233158333386508e-01
3.008866105154214265e-01
5.728805882999502552e-01
-8.229764032386963635e-01
2.998880255713817777e-01
-5.121181765382377959e-02
1.707117834425224967e-01
-3.173557477309580377e-01
-3.226338109511021068e-01
6.669199054309931096e-01
-1.714429513048684739e-01
-1.991091197750144981e-01
2.953366304188541624e-01
-6.717543148355322735e-01
-3.394810041039793558e-01
8.151652774903771492e-01
-9.149995536270973118e-02
-5.274208130591226951e-01
6.668245973673104787e-01
-1.641260350687234193e-01
-6.267140887845036312e-01
-1.017164235064128008e-01
5.121083071564200839e-01
5.641047885857167765e-01
3.084769138208031669e-01
-4.351088775845723955e-01
2.156863713547991224e-01
5.407319026888023766e-03
1.374784757020821035e-01
7.463384757525719226e-02
7.219548090788712180e-01
8.045484462769869616e-03
-2.696413951461124614e-01
-5.040998702194056102e-01
3.395834083843313755e-01
5.079898292837858875e-01
5.130568063870447615e-01
6.625990762340354667e-01
-2.624596379377526212e-01
-4.246710745918192420e-01
-4.529312088615981835e-02
3.445334693693528072e-01
4.630879433304869175e-01
-5.669665599535589351e-01
-4.533202297697249139e-01
2.650090677130405026e-01
-8.314920875517716192e-01
6.021628087960674280e-01
3.453958044345623035e-01
3.221847961094199686e-01
2.538809693865056172e-01
-9.335355756647540915e-01
-6.078288546807095738e-01
2.095180539179225809e-01
4.096799496101412585e-01
6.440134889954950426e-01
3.148812473475595675e-01
8.748067697926069641e-01
7.626857946614693518e-01
-1.606401021029339460e-01
4.357600352973012292e-02
7.112652005835797819e-01
-1.599355568889582191e-01
5.668205733442048810e-01
9.797659851082513027e-02
7.669361919426188612e-01
6.195598601430660768e-01
-4.579685674135358653e-01
-1.250841318572875061e-01
9.118296929939274931e-02
5.541760753908624437e-01
3.424344540379296586e-01
-8.075606194975997187e-01
-2.998559766593957704e-02
-8.419529918679549141e-01
-5.944409982815356264e-01
-4.660507597624427567e-01
-4.766689284795253556e-01
-2.172392693873995695e-01
-7.618160612251928532e-02
-1.919941068063506229e-01
-1.061083459003539509e-01
2.089846393861453100e-01
5.440645261838891050e-02
-2.625840683509961804e-01
-1.000000000000000000e+00
-9.301118884276632359e-02
5.497195971760885369e-01
-5.911774386640951118e-01
-1.669487836864432528e-01
-7.004010606249831961e-01
-3.011626414125870843e-01
-7.360826940543957475e-02
-7.420473137109281359e-01
-2.127617515359668254e-01
6.136858334356429800e-01
-6.225976531303794026e-01
-4.817075669713869954e-03
5.425121674662137794e-01
7.087733294288588448e-01
-3.204277248518385135e-01
-3.982660936817551400e-01
-4.469204440024757141e-02
-1.651560765469676229e-01
-2.371175213077865440e-01
4.034568630979963877e-01
5.681460748135093164e-01
-5.626692716757359936e-01
9.808263345111195575e-02
5.091777502391118260e-01
6.795910230253060513e-01
-2.732931029325211258e-02
-3.612254063023198625e-01
2.970982187827769239e-01
5.228452806482045689e-01
-5.490423144735829819e-01
8.919334270213288840e-02
-3.163292847422850551e-01
-6.837277472275982149e-01
-3.752391251940551814e-02
-5.202522778888871713e-01
-3.318406428348029125e-01
-4.988159564948064784e-01
7.641599441353692512e-01
-3.457070158031099183e-01
-6.365993092333563919e-01
5.809332965998839082e-01
5.521728068043472160e-01
7.416155692502431895e-01
-6.323717117559487511e-01
1.621446997324195727e-01
-4.646655684820709675e-01
-7.656724496454769824e-01
1.019706968891673088e-01
-5.740914607222193933e-01
8.014136791133379401e-01
6.614834797793756049e-01
2.490801599847591863e-01
-7.518037752589361578e-01
8.139067866846697585e-01
6.049072990754178480e-02
-6.860681463996113338e-01
4.150943957818892249e-01
7.058428771254039447e-01
4.926506364878403543e-01
6.597234280697381603e-01
-5.629036152820875438e-01
-2.199610933218239250e-01
-1.140511470867736771e-01
-4.903172251948760274e-01
6.018950282307012900e-01
-6.342885948383811812e-01
1.925958314812662719e-01
-5.912250107913420011e-02
3.332976248843710354e-01
8.342963259385258734e-01
5.256632639950115093e-01
-2.547819106563722347e-01
-2.516909482773814211e-01
6.849023291590141671e-01
1.118430842157127625e-01
4.169404228312579841e-01
1.096097014699112804e-01
-2.774096816892754891e-01
-7.168379961736519590e-01
-5.080914160248324318e-01
-2.923283837466535973e-01
2.166352681725303431e-01
-2.485604920723270272e-01
-4.731951261794082320e-01
3.240640607141889729e-01
-2.633291489034090826e-01
-3.748110471216314910e-01
-1.483812831285324374e-01
-5.067434275237681085e-01
4.348321242878073756e-01
-7.150889845865950889e-01
3.087946681559615714e-01
9.691469496828916674e-02
7.408216760507368992e-01
3.084726164633208589e-01
-2.687836010139258991e-01
8.731105618204990648e-01
-7.573855727647669234e-01
4.117834999046286748e-02
-5.477930717735914751e-02
3.385744837983811761e-01
-8.428324827588953294e-01
-5.480252482165360872e-01
-4.288800022941761242e-02
-5.523351356643633192e-01
-5.645389252462199720e-02
-6.450905501951196275e-01
-5.294340841903218964e-01
-1.700560859337436614e-01
3.878164617031554795e-01
-4.748281857676157625e-01
2.962333655817568356e-01
6.655313897883630148e-01
-6.242715495621730115e-01
3.118837935816162754e-01
2.989462365699930291e-01
-3.271907328854644081e-01
-4.508668460965468278e-02
4.980396968766636068e-01
-1.867271787174298037e-01
3.260065278521771526e-01
3.409185508998663905e-01
-2.607286155258430327e-01
3.950943051698274089e-01
-6.196803871476411762e-01
1.439568984661360740e-01
-1.741107317113213815e-01
6.846609579916587696e-02
6.083124734761298225e-01
-8.204031704202534581e-01
2.990779354114037059e-01
-3.986486178675116010e-01
4.922401100539655072e-01
4.267927272694065355e-01
4.551271145748131963e-01
-4.975244157933903510e-01
-4.589064250438598114e-01
-1.826883367759730981e-01
-1.316951918414162037e-01
-5.020596626781368421e-01
1.859392560704417885e-01
