3.400218481235693369e-01
2.407249342732090402e-01
-2.666971704517277497e-01
-4.138875272306006270e-01
1.854462876001252147e-01
-3.980095440681367114e-01
-7.136848498422682097e-01
3.570490088293556963e-01
-8.244206270533573425e-03
3.649072242463852200e-01
-4.170535758164127527e-02
-6.255248044692365283e-01
-1.935320467102930597e-01
-1.682916088360840723e-01
-1.831399827240694222e-01
7.913278520009454919e-02
-5.011249798423751400e-01
3.502324294372571312e-01
-8.623478914273946527e-01
-3.252250840586281416e-02
3.869633810561498577e-01
-8.762921071032547804e-02
6.871329318947025921e-01
1.700187815419296200e-01
-5.386142259247316266e-01
-5.729391850830810595e-01
-1.919251052664159851e-01
2.208984013130710355e-01
6.540577163468824784e-01
-2.382811004358096896e-01
-6.597985967672148622e-01
5.819290513612124238e-01
4.024177146509065883e-01
4.531592636902646576e-01
-3.757334630569874601e-01
-1.470712420260345543e-01
6.425093702302439036e-01
-5.640718264130183401e-01
-5.030522748229602215e-01
1.690681831981679650e-01
7.341516431314886182e-01
-9.800018960863210449e-01
-2.795508565758817454e-01
-6.579230446945893984e-01
-7.043175180898995080e-01
-3.410927740636209293e-01
7.464285492085576124e-01
-6.940966684865244041e-01
-1.000000000000000000e+00
6.803329166609318746e-01
-8.765728789065482252e-01
-3.277380320388603163e-01
-4.260591566076283865e-01
-7.812037850398400041e-01
-6.709627391413744979e-01
3.812691217567542035e-01
-5.153393271730691838e-01
4.441661582079914350e-01
-4.507692013371943363e-01
-8.017068335034385207e-01
4.758603378716118604e-01
1.000000000000000000e+00
3.715998323131899927e-01
-9.384572951449381140e-02
2.246657912872448981e-01
2.676570695026335156e-01
3.047515928554063169e-01
-1.573901248733609037e-01
-3.116861536267220845e-01
4.834298489163346146e-01
1.026492824454235814e-01
-4.632054231173952097e-01
6.953336780617513924e-01
-1.198743235757543935e-01
-2.729370669330674626e-01
-2.968262022034802161e-01
4.212494827147252319e-01
-6.345269286630876859e-01
1.000000000000000000e+00
-1.544679621551328305e-02
-1.637178420274678081e-01
2.164854399949439068e-01
-9.010618574808922088e-02
5.258742660088612242e-01
2.420283807014928790e-01
2.705662781198500677e-01
5.596503324814709052e-02
-4.534204942146560779e-01
-5.841224847763414330e-01
-8.196920525791007162e-01
-1.000000000000000000e+00
-3.600612614022292157e-01
8.318111265096093943e-02
-3.148857415692326578e-01
2.027670857237808821e-01
4.151628684116023260e-01
-5.796318026915611155e-01
-1.865936811500957804e-01
5.611765737985433544e-01
-6.283444282630198940e-02
3.257367562768486713e-01
6.179512392554994960e-02
-8.140541103725539296e-01
-6.426140123999537490e-01
-8.190137928822082136e-01
2.195514427454376971e-01
-7.531081766375624653e-01
-7.389327634651501331e-01
6.674558608928067571e-02
-8.022023432098966955e-01
3.796893116012677316e-01
1.994834034030311676e-01
7.119757873396360681e-01
4.189841371123242952e-01
2.799640854492801978e-01
3.594419354955097901e-01
-7.256189140042963448e-01
2.713244386659772744e-01
6.119386269901850445e-02
3.170976093251788863e-01
-8.128485393901778711e-01
7.579221292964130052e-01
-2.324552960575459737e-01
-3.921512094010640159e-01
-1.951348163530458035e-01
2.842683476330076092e-02
5.892012523511667155e-01
-7.238807717206268144e-01
6.706687428451671984e-01
5.271768790848364583e-01
-8.775221238835869686e-01
9.559563957628371966e-01
-4.490236690859897850e-01
-5.397771489104534748e-01
-1.502768308436037148e-01
-7.058117661867443493e-01
-1.203992256301266578e-01
-6.471520700287232142e-01
7.220874268124066742e-01
-2.440135213903424916e-01
-5.024652896417659553e-01
-1.526045313512967572e-01
-6.078680481800977642e-01
-1.934158233806355653e-01
-3.519663425513550048e-01
-8.828430306652694792e-01
5.556825830647537101e-01
-4.760335390322876781e-01
-8.671570167817308494e-01
7.607783509878419947e-02
2.567910532517740374e-01
-1.270623955310148934e-01
5.807187931042157025e-01
3.203972317000463588e-01
8.778364127057269872e-01
-5.556041859799250027e-01
-6.529148019184414231e-01
4.527590084519755864e-01
6.815191248542461500e-01
8.935477722629586728e-01
-5.895247923988886640e-01
-3.749983200794568816e-01
-3.582563544795473731e-02
1.160325279374167934e-01
-2.299568759882013036e-01
5.437551732755694367e-01
4.129114106493129710e-01
-8.051401062932074248e-01
6.456970536384011305e-01
-2.627258627429510662e-01
1.670017575164115531e-01
-4.402363504971618102e-01
-1.048239074307148327e-01
-3.944573641064547664e-01
-4.140411615615835483e-01
6.977605875546082081e-02
-2.454927012425219823e-01
4.280889555917704037e-01
-6.513660466643745872e-01
4.517153890813482148e-02
-3.592170029936813114e-01
1.248472131501298099e-01
5.736692483093700501e-01
7.186938722344391461e-01
2.574181689484854596e-01
5.035628273938270727e-01
-4.672242431468701107e-01
1.950843019282529900e-01
-3.776609716561050295e-02
6.873033438417636143e-01
7.041732818603220201e-01
6.274684838968082046e-01
7.502917113966163232e-01
-7.352058233088327732e-01
1.440200435236835552e-01
8.238200663642037958e-01
-8.266069630619291564e-01
-9.166824676363467539e-01
-1.430338342462941226e-01
5.445091983512403422e-01
-3.840254957976878547e-01
5.892063931843706248e-01
4.333367486582563877e-01
-6.789378084350894405e-01
-4.634494519280624170e-01
-7.943600524253223716e-01
5.378092473568348852e-01
4.052611432438713024e-01
-1.956023947387947326e-01
-8.481760274495092622e-01
5.664717144733902865e-01
2.526559258849668255e-01
3.529802675802371642e-02
-4.177357489285716818e-01
4.599059430364962897e-01
-6.724018726718698769e-02
-2.861134012664779194e-02
-4.214019827648108341e-01
4.815197453957953400e-01
2.609534920677892833e-01
-7.567352886331841777e-01
-5.227586920691372763e-01
5.186199333523859867e-01
4.217636890267110750e-01
-8.767092265478033664e-01
-8.562558994101150400e-01
-5.532607205154483898e-01
-8.416012615292297605e-01
2.718773028979630801e-01
-1.000000000000000000e+00
-4.837647181203543756e-01
5.170356866500442905e-01
8.769807321897744590e-01
-3.248149997950990076e-02
-5.407490512542072469e-01
-8.237064713334690813e-01
1.160195269835702647e-01
6.886091359152041180e-01
9.546074846395591340e-01
-7.872616698444943883e-02
-5.432631165578529764e-01
-7.166850709710478329e-01
-1.542183601964469963e-01
-2.135431088610361683e-01
3.695706600870467540e-01
-2.683502216470838864e-01
-3.164805570541835422e-01
5.791560348741792152e-01
2.626837404481789928e-01
3.867986065876630186e-01
-1.280446078371056950e-01
-5.119482419781425930e-01
-2.947110566679282395e-01
3.903800961976257033e-01
-3.441054296134457013e-01
4.627714573596191094e-01
1.619093448784149070e-01
-3.305091289580967730e-03
-3.222746775131509755e-01
-3.503021464143515895e-01
-5.692880851717574409e-01
4.363588568623611996e-01
1.918845663987389927e-01
1.632184105328692292e-01
-1.904145018912936083e-01
