1.833884557316209640e-01
9.215186911250228263e-02
-1.880040375887507276e-01
-4.616446497571433105e-01
-4.216422534126813143e-04
-2.164463459680071589e-01
-6.431774191600181378e-01
-4.827930962364335166e-03
-1.478057966853158767e-01
2.744705820115729278e-01
-1.073197550350507984e-01
-3.367703603871721740e-01
-2.789836625370303302e-01
-1.883973966736426642e-01
-2.543103214431392534e-01
-8.607232190112949766e-02
-4.718926068293763931e-01
3.814332790445112975e-01
2.541395234144289486e-02
-1.808138891854214891e-01
6.708804741032995400e-01
-2.064114602048220948e-01
7.153292004613964750e-01
9.339749521903017992e-02
-3.870885281745862772e-01
-4.912070820506577729e-01
-2.992479317241099612e-01
5.296614013326700343e-01
6.976029078698986474e-01
-1.518789648947017068e-01
-4.039382521320980524e-01
5.870941308846906459e-01
4.811068705742897467e-01
2.358510062957356324e-01
2.352678823952959186e-01
2.949121156682351502e-02
4.471815742943759941e-01
-5.317966568233777336e-01
-7.922577610297990569e-01
4.550422346363091619e-01
4.754618443117286652e-01
-5.667117261071950018e-01
-3.277271068910317942e-01
-4.431793098964702526e-01
-1.800238400069090750e-01
-1.894219783746936281e-01
4.661790638528711117e-01
-4.878449959658640589e-01
-7.300571327401438326e-01
4.037219650853208774e-01
-5.424692124015081385e-01
-2.712241280789361442e-01
-6.324697722244719822e-01
-6.456379966517351576e-01
-6.918715267373720668e-01
3.463652790991370023e-01
-4.860183606972906523e-01
6.472564419040065520e-01
-6.590112179765373890e-01
-7.761834415714837787e-01
4.403248730447613113e-01
7.355067892695357212e-01
4.520985712228516862e-01
-1.553778809719776888e-01
3.222938945035909719e-01
1.348914566727590636e-01
1.381960807221473964e-01
-2.328195062077711153e-01
-2.540807766759327624e-01
6.574901249270970194e-01
4.029351886929503912e-02
-3.942710831466609278e-01
5.624855609614874963e-01
8.000751544479078881e-02
-1.673350255479053583e-01
-2.310456311811134311e-01
3.541630255805154892e-01
-5.474147193614713469e-01
8.092745529184881548e-01
5.228211330984525174e-02
8.608262042673831688e-03
3.940945667271445602e-02
-4.629671770608877190e-03
4.098067505258937704e-01
2.075525624549217629e-01
2.991742281089636024e-01
2.380279404118546827e-01
-5.780634261793546891e-01
-6.396926537675880209e-02
-7.209258516146087592e-01
-6.734268206436894166e-01
-2.288460899644691460e-01
1.266824549374114817e-01
-2.058380606999020146e-01
2.299812316604348261e-01
2.674355519299116968e-01
-6.671291616363426158e-01
2.769975042487472089e-02
4.807408631479081484e-01
-6.991096676011274158e-02
2.034547775676299741e-01
8.516423151982371528e-03
-8.157841865637838197e-01
-5.050595168595006790e-01
-6.583568328720423857e-01
-3.014009100090678239e-02
-3.463016460638219107e-01
-6.949013308441580605e-01
-1.745222578922994427e-01
-4.256177514955510333e-01
2.198897790968299681e-01
2.401782929019125601e-01
5.921060114375373828e-01
1.535502497656149878e-01
2.174413236961937612e-01
2.784842261749099768e-01
-3.504985664556946046e-01
2.373736008098017713e-01
2.142597547532267346e-03
3.742212538603481020e-01
-7.235557023250738240e-01
6.408854785624135131e-01
-7.570332618366654165e-02
-2.746252413958114036e-01
-2.211963246410773298e-01
2.498311322376592716e-02
4.940775074606896800e-01
-6.017172711555327513e-01
5.764876225341918348e-01
5.518293022355216237e-01
-5.462553845045501344e-01
4.658948594634450546e-01
-4.254045836221883592e-01
-1.902781433809266898e-01
-1.212698362312562284e-01
-6.843798561494729427e-01
-5.056398630292163743e-02
-6.167758604083117824e-01
5.406830533753108625e-01
7.135866192471458647e-02
-4.897488891190060478e-01
-4.044781093088878898e-01
-4.948497803469344980e-01
-4.000340624280617208e-01
-3.344588187093623932e-01
-7.868103124370153800e-01
4.810194633156824051e-01
-3.768228717445212261e-01
-7.285865032929286222e-01
5.709537338810030671e-02
2.003512469139028529e-01
-4.323684051671731199e-01
4.210323615668588593e-01
2.339536168638171876e-01
7.573307986578985407e-01
-5.278060051630047989e-01
-5.111932446432296828e-01
3.355633543171208655e-01
5.262735282700166106e-01
7.868420240132821819e-01
-1.756646697502019239e-01
-3.120176777370093912e-01
1.615214524189368880e-02
1.317688929932234188e-01
-5.434512969168567853e-01
4.119654222344312777e-01
4.209123043398839692e-01
-7.686019586259910108e-01
2.696803955400898234e-01
-1.056416937147428570e-01
2.374344339130649573e-01
-4.184096276069245723e-01
-2.364918272496134288e-01
-1.486970409536818860e-01
-5.068637137520115576e-01
3.679777646163929217e-01
-2.279300840613429358e-01
3.892668489498838369e-01
-7.458963834090555078e-01
4.180904875304654322e-02
-4.096384161451432360e-01
9.221668716156769530e-02
7.984335359003077448e-01
7.695212983086199277e-01
1.498867538554305712e-01
5.525274518899467857e-01
-4.185453126844569383e-01
1.672347571157195567e-01
4.255449472372910963e-02
6.563004274648703840e-01
6.055002394009740829e-01
1.820832591576260207e-01
7.371265737212240321e-01
-5.572033065275443509e-01
1.503767658297650855e-01
6.222513904390440942e-01
-5.496138529953207286e-01
-3.880517518804625365e-01
1.726199590499031822e-01
4.611157425093580509e-01
-2.614037375257969864e-01
4.190399869764902530e-01
4.622138807682395489e-01
-5.766387239416237431e-01
-5.633242531072948367e-01
-7.181319995019010971e-01
5.472034698407688413e-01
3.201288022868287175e-01
5.430071307820959203e-02
-7.853028947581240926e-01
4.668646183059476096e-01
2.799986339220166265e-01
5.205623772315188386e-02
-5.661304793826900106e-01
2.381678004869883236e-01
-5.136068712594309138e-02
-5.398544234386931651e-02
-3.986280480440332896e-01
1.490802887500070062e-01
1.531158697055249318e-01
-5.848971031416867472e-01
-5.652078875349720866e-01
1.462270878173116129e-01
3.534814893461935559e-01
-8.503664403738149247e-01
-6.370634806165575981e-01
-5.159904283322049867e-01
-6.425935542648741894e-01
1.639940196111518145e-01
-6.882345515996504126e-01
-4.604196295520822102e-01
6.125348287526466429e-01
8.015476515909656374e-01
8.138410083964259245e-02
-4.561789658415003057e-01
-8.647915313728308240e-01
5.921285775532429962e-01
7.797127959811644971e-01
6.712721939911044933e-01
-6.526229524092491685e-02
-4.360956904169706050e-01
-5.608228931892259572e-01
-9.020165419774416743e-03
-1.978421216855872911e-01
2.257581418804535112e-01
-8.039760101300563733e-02
-2.675368029625360133e-01
3.808722064918053651e-01
2.441145669104939631e-01
4.031045146633645548e-01
3.362380064113097977e-01
-4.821131621895564656e-01
-2.316451916328374216e-01
3.356000948118167404e-01
-3.278991689557729239e-01
3.854588882188617616e-01
1.208103878324277569e-01
-3.478885638107685058e-02
1.661050012393373021e-01
-3.835735571214436423e-01
-6.107495333515702285e-01
1.526529883785956720e-01
3.510192540726704835e-01
3.151299332120447438e-01
-1.366369138410208073e-01
