-6.649002285355203323e-01
5.332964362317060836e-01
-4.427504704140372005e-01
5.273836738365546006e-01
3.773736748449078859e-02
-6.228165690665312670e-01
7.957966641812518338e-01
-4.929610027628404945e-01
-1.237825030994207931e-01
5.656047993322341760e-01
-1.552846984269200536e-01
4.847382455544739788e-01
-3.469323176339560444e-01
1.083067939213140096e-01
-3.144447847727577794e-01
3.933557976774870735e-01
-1.366368255648749142e-01
-2.139258089782785366e-01
-6.259448919161739733e-01
2.123592051126851898e-01
-3.662784263460925338e-01
3.431928378920283684e-01
-4.736748816169566445e-01
3.294514379509588253e-01
-5.612766327640762443e-01
6.759041348784936010e-02
-2.158647522249504402e-01
-2.982257719330120849e-01
3.398708412488501418e-01
6.233807236918251782e-01
-4.589484816117725963e-01
5.653761117997456453e-02
-1.423949572679686637e-01
-2.676259272615704177e-01
1.044422948550986774e-01
8.047077830688226241e-03
-1.967491857663263566e-01
-2.598285731668312781e-01
-2.655198758896312183e-01
-2.969768692191521176e-02
5.880807564942087673e-01
-7.509884712797992856e-01
2.101520610441154902e-01
2.767926862251162551e-02
6.218143502022740327e-02
-5.591320510128923171e-01
-1.593395690770336159e-01
5.112715873339306327e-01
9.103410094401492847e-02
-7.427609609963030379e-02
3.985924657769034929e-01
-4.342533555114316268e-01
-2.777359032220622637e-01
1.976259373170431155e-01
1.278748250789982221e-01
-6.516029211709137847e-01
3.133683138739004614e-01
9.162253523399734034e-02
-5.508685838372300303e-01
6.830244543600527685e-02
2.275055021773326192e-01
4.306630298859110972e-01
1.258640669739574114e-01
-2.583084625844212501e-01
1.599304295845740409e-01
6.943588477467918518e-02
2.479120019136046016e-01
1.528485715969048198e-01
5.113145394470260952e-01
1.427301091005388212e-02
-5.311577008760116625e-01
-3.096455413482759322e-01
6.742285185469467645e-01
1.564099607060474573e-01
3.578735178118487292e-01
4.691504490186818033e-01
-1.251086668688421444e-01
9.121929620770989622e-02
-2.267926597756439455e-01
3.546449881167645923e-01
3.384292051335827112e-01
-6.084636307027904145e-01
-3.453860132197389410e-01
5.380789267188417213e-01
-2.392829505509917742e-01
4.514630489021527193e-01
1.071704673103919814e-01
5.081203908178694162e-01
-5.394352158257954832e-02
-4.698885608570138039e-01
-4.585197893796710833e-01
2.885811742550337122e-01
-2.230841370605110216e-02
1.433493015661100878e-01
3.703665594658061555e-01
2.864838744317267372e-01
4.577590640828244073e-01
-3.272205703914281005e-01
6.551153332220219228e-02
2.805150239352522945e-01
-1.001709146118374971e-02
1.158141557369806035e-01
-3.959298045288960899e-01
6.583642403221889872e-01
5.147628137684596705e-01
-6.482590884306347334e-01
1.073472214940947994e-02
6.271445929235264227e-02
4.851346615476279100e-01
4.591419905609753771e-01
-7.435656787818041291e-01
-1.236776577775969971e-02
-4.892610330299671517e-01
-4.614330856260194236e-01
-4.800172924896374260e-01
-6.061811471342970492e-01
-1.199239246367796718e-01
1.596092759235320790e-01
1.496204554491967209e-03
-3.206774655436513410e-01
2.511344538337063614e-01
7.529547660787248853e-02
-2.896046769630110651e-01
-4.605347934900126949e-01
-1.711035518858513432e-02
-2.917069247054192571e-01
-5.807617203499015890e-01
-7.983533753607315042e-02
-5.514436271449744131e-01
-3.069707157237682726e-01
8.122292658587219882e-02
-5.397152240144097446e-01
-1.014158323184749660e-01
7.569868948403771780e-01
-4.851022226368594259e-01
2.795976037484298460e-01
7.175431773798388591e-01
2.841732133189892595e-01
-3.135875411691047554e-01
3.114852842872076893e-02
-5.086889413380881603e-02
1.405687003072465802e-01
-3.082876969843425519e-01
2.846367537997324115e-01
4.063652149126073532e-01
-3.700204280127483703e-01
1.489140770979113793e-01
7.322156806525290662e-01
5.762666176069675128e-01
-2.258987458600460740e-01
-2.710840846521181957e-01
2.535948509657308669e-01
-1.127413108878548981e-01
-4.269601460905131374e-01
2.795689969667691788e-01
-1.075863371199201890e-01
-6.960155812524871921e-01
2.055628882166732341e-02
-3.218205934859745265e-01
7.345130306546647503e-02
-3.812368328722178790e-01
7.077025233085828537e-01
-6.279794418718658289e-01
-4.943436930770545579e-01
5.227991763574245665e-01
3.296009146545127999e-01
8.183420378136672113e-01
-6.910474960138841549e-01
-2.603283771631788590e-01
-3.261917115426745117e-01
-3.757527564632335837e-01
2.219363537040291989e-01
-4.856063565227178858e-01
5.734854010993830631e-01
5.034723097237193690e-01
-6.276363721087041547e-02
-6.186050168784906766e-01
4.204234596459603401e-01
1.794148189952686490e-01
-6.212255376090421999e-01
4.209579774669501839e-01
6.976674839588679067e-01
2.308679102641046990e-02
6.309205907544495062e-01
-2.129380099997399134e-01
-4.199419146869903807e-01
-1.272281518274827605e-01
-4.946995041238901880e-01
4.143083545890710040e-01
-6.536238671262659672e-01
3.096230542537479202e-01
2.392339113083267743e-01
2.298821875429912787e-01
5.713286506665222753e-01
5.572377231946656906e-01
-6.739449464142531487e-02
-7.541912253957896994e-02
6.790277548057319645e-01
-3.523116794157796772e-01
3.671211249060813975e-01
1.626910121322532599e-01
-5.357461129847786996e-01
-3.556613461116785446e-01
-8.498024844609138873e-01
-2.523902338944109536e-01
2.224810351250378071e-01
9.674829282601705993e-02
-3.939781486464907084e-02
1.507157224730288902e-01
-4.385594227334055906e-01
1.414622673129806163e-01
-5.282843834307620057e-01
-6.133248043740415767e-01
6.465761185111406073e-01
-7.452510473399995838e-01
7.853990366772922727e-01
3.821360212231367237e-01
7.015758288341669147e-01
3.145769197874133116e-01
-2.473527079220651514e-01
5.051123313667265080e-01
-6.226469892053422273e-01
-1.650418432761444065e-01
-2.425700141370125129e-01
6.039670606135889575e-01
-6.278303255702295527e-01
-4.021629572000002817e-01
-2.493305613002493870e-01
-6.563220066243702355e-01
-1.510001429192828898e-02
-6.823951287962419787e-01
-4.894661335632225496e-01
1.551620529195921194e-01
6.222509158128309847e-01
-5.345270658305028011e-01
-1.046284952916969047e-01
4.965444233682841935e-01
-6.731747322316505855e-01
6.160738064761049904e-01
-6.235593554097380864e-02
-6.977897844817440021e-01
1.200700041918097843e-01
3.220067432443225464e-01
-2.408271926195988955e-01
2.652868544504612958e-01
8.021688587166215731e-03
-4.322201282811453105e-01
7.699282618757290475e-01
-6.507073636765027258e-01
5.185929669612484583e-01
-3.577356408948511035e-01
4.908072352587878467e-02
3.632957840966030139e-01
-5.102848083744789820e-01
1.606181398460700821e-02
-3.055153232853153877e-01
-3.210506509191447533e-01
2.864307758421060779e-01
5.769919961540921349e-01
-7.888622470705615175e-01
-6.883408648539330876e-01
-1.999794832505990827e-01
-1.775076372793731039e-02
-5.464625795857736001e-01
4.170300990210988323e-01
