7.114508291953332009e-01
-3.725895800003793390e-01
-1.831220253690322985e-01
-5.333777428399999465e-01
2.128100410765858819e-01
-4.361401058711795731e-01
-9.904939211172782143e-02
5.016389038528971112e-01
3.276422160803615924e-01
-2.238212981847487182e-01
6.459235034230305095e-01
-1.518962738705014470e-01
1.382504312919543843e-01
-2.031443798897363540e-01
-3.949291650564783901e-02
2.371792022680809658e-02
-6.018969490209764850e-02
3.237406083080310859e-01
2.935996704600521978e-01
-5.375554912956857084e-02
6.260474255881577632e-02
6.280659032983555712e-02
-6.963058425768134940e-01
-2.667943119288461729e-01
1.157878866057047845e-01
1.043083510802228220e-01
-7.352296232993300873e-02
2.941047634884667028e-01
-2.489508659638887678e-01
2.288431958899694862e-01
3.167510545375870623e-01
-2.113232802822129219e-01
-1.491103715521815420e-01
3.064814740695335216e-01
2.172076257802895705e-01
6.619810949669237277e-02
1.833174459320083827e-01
-7.715045976512507897e-02
-1.073482725656454417e-01
9.034557371915903634e-02
2.942984701529650082e-01
-9.458639168346211559e-03
-1.020816735595329316e-01
-5.971562124927720649e-01
6.250446808987786262e-03
2.434339299983717675e-01
-7.620998447207154303e-02
-3.396214262097224101e-01
9.477404904240616101e-02
-1.378991776815111370e-01
3.425431806805293578e-01
-5.539899681695246297e-03
-1.279966258798208023e-01
1.658049329001442251e-01
1.914540127757327903e-01
2.941659275328809553e-01
2.894999815393274889e-01
1.518817183978333762e-01
3.302716963194162747e-01
3.908029953030754400e-01
-3.479391518858074850e-01
8.385793721642610665e-02
-1.974550314923466388e-02
1.638903096493013467e-01
5.194661704702174809e-03
-3.726515162118286817e-01
-3.876417824210411367e-01
-2.669331191086737332e-01
-5.932110888040762475e-01
5.246275450688920872e-01
-7.560830565605183851e-02
4.755215425876118118e-01
-5.167201005257917590e-01
-1.828448983056152888e-01
2.673756352885339194e-01
-2.567176748501912020e-01
-2.064220055682869370e-01
1.930751559420069152e-01
-4.001945687311380534e-02
-1.519585472177461538e-01
6.955014086099026160e-03
1.745987710324496678e-01
-2.790138427303823221e-01
3.913714739442766266e-01
2.844335526940662273e-01
-2.981039187228763931e-01
1.609311057390239441e-01
1.579664918778437288e-01
2.965819471177316702e-01
3.338110187232835868e-02
3.939247525662406546e-01
5.890083498287411734e-01
2.753885505450106574e-01
1.931590537219143033e-01
5.904961223359305178e-01
-2.667200585339372099e-01
-1.565961882880003153e-01
2.489975044435983609e-01
-5.343679446967827262e-01
-2.984600195851486726e-01
-5.971949624364149972e-02
-1.277006433912493688e-01
1.761461788571605513e-02
-4.043824229915403690e-01
-6.518847814546425701e-01
-1.903821890778229983e-02
-2.960027122600284444e-01
-5.600408121852886723e-01
2.609161068422169438e-03
-5.969992646236756961e-01
-7.847815608970298840e-02
3.549579014500285623e-02
-1.026576096376051461e-01
-1.226771287941644389e-01
-8.194136884136593579e-02
2.507947777697456804e-01
3.969892780285598222e-01
1.183536024634838230e-02
3.178050485551213722e-01
-7.966101628859924288e-02
-3.419291733156211710e-01
1.729077275058713281e-01
-1.961845381109815767e-01
-2.611660934055481942e-01
-1.384426988497137190e-01
-1.010119268770765660e-02
2.789276733559931110e-01
-2.067285382002354011e-01
-7.750266783151131544e-02
-2.331434239557264310e-01
-2.876472963969179397e-01
-1.761619319366607705e-01
-4.835207730218783057e-02
-1.711193036084566188e-01
2.481235204557742380e-01
-5.002681942477923416e-01
1.689976239381868472e-01
-2.844536700306434657e-02
-5.794095688766663921e-01
-2.991325938310168131e-01
4.879077864570362522e-01
-1.877063918821523236e-01
-2.110319506638713705e-01
-4.228529453157907070e-01
-3.114466479352225869e-01
1.073672341524395529e-01
3.910347128501927561e-01
2.003253872115617895e-02
2.725366386747506836e-02
-1.863658887090957617e-01
-3.532840178741700199e-01
-3.423025363285858713e-01
-4.437712499115180620e-01
2.216511828661215933e-01
4.600887231921862441e-01
6.965360131809053557e-02
-2.132666912444687313e-01
6.582127918352193019e-02
4.294042085238489181e-02
-7.283967977623108381e-02
-2.171903125262619194e-01
-3.455081171105759408e-01
-3.122646581807331234e-01
1.203064392994506321e-01
-1.032421066759302564e-01
-2.910599296963277127e-01
-3.032507685012979237e-02
2.299077001710756740e-01
2.938964428311330312e-01
1.221342235312120744e-01
-9.513090030033899414e-02
-3.333611962972619636e-01
-3.147291681810581720e-01
2.677786324184648348e-01
3.090160559755116831e-01
4.261950646452720703e-01
4.843515815974756833e-02
1.681659238729578121e-01
3.102430715985806109e-01
-3.264287870963655802e-01
-3.522329583843886169e-02
2.660625497836751618e-01
3.811378941744903576e-02
-6.118877735990159439e-03
-9.248186245421366469e-02
-3.589686215364728539e-01
2.639236996375439182e-01
3.183971131608575034e-01
-1.817739797896266163e-01
3.753033022438573285e-01
-4.335403379053238693e-01
-2.642135483240309890e-01
-2.355204304513343061e-01
-1.900414707438139172e-01
7.412415541314502920e-02
2.321811308152137501e-02
-2.085163561152879319e-01
1.452162671471978750e-01
6.234743679472640188e-02
-2.721010946373075834e-01
5.534344777963828843e-02
2.092025180568481413e-01
2.890334573605698454e-01
5.490034862165384943e-01
2.621087979792051104e-01
2.268327423679433186e-01
-1.750314754212468904e-01
1.549203345219150318e-01
2.062304659465305501e-01
1.754132535289958800e-02
3.498625063558485904e-01
-6.394838909266151172e-02
-1.590778400796841741e-01
-2.014326866369980651e-01
3.002822042108179712e-01
-4.074140910930561243e-02
-2.436027130910608240e-01
1.272114081974103361e-01
-3.842605357819954270e-01
-1.903053569654365729e-01
4.752344921999226979e-02
-6.469201344673014553e-01
-1.171309826789409952e-01
1.110999384247896155e-01
2.341698832721734180e-01
-1.316895132250939238e-01
1.958574069884563146e-02
4.740092004889220334e-01
3.487626800631272311e-02
-2.835213487666657373e-02
1.609382203870450001e-01
-3.053204470342706922e-01
-3.120405116511523191e-01
3.518458313691927852e-01
-4.613361226605007248e-01
-5.530742377871119553e-01
3.421136013374898033e-01
-8.037424559368572252e-02
3.694265634177527624e-01
2.883647069985745270e-01
1.648967481265396773e-01
-1.537395705034455273e-01
-1.216467619926878962e-01
-1.668099455894682670e-01
-3.229684165414516972e-01
-7.152713352927638768e-01
-2.203247787242914590e-01
3.526118144149100742e-01
4.511820667424842890e-01
-2.158475956884411961e-03
-4.379179693183026800e-01
2.892457171491831236e-01
-5.255856964809714205e-01
3.042457228641912703e-01
-4.292949806032156923e-01
-5.917786470184993597e-01
6.097316114782155294e-01
-3.048931859534289579e-01
1.683655691585843328e-01
2.297356337419225250e-02
1.127228164261792065e-01
1.784100449892588036e-01
9.131131726753941025e-02
2.449709856771742356e-02
-2.501234285476920949e-01
