5.543906045549336081e-01
2.235625428520255364e-01
-3.537767448194952813e-01
5.424274396218543848e-02
3.042888451836963104e-01
1.639838319734373551e-01
3.197690556276281543e-02
-3.130622705754356749e-01
2.974944520793015301e-01
-1.689235600474035537e-01
-8.757333050392153151e-01
-2.709100530324616285e-01
4.490289774143328971e-01
-7.571859909686965429e-01
3.290749084810485892e-01
2.044443909654259928e-01
-2.192912970346500290e-01
-4.442039523818236413e-01
4.184104132615590887e-01
7.968235180738070245e-02
-5.368113102290895250e-02
1.207105928733467198e-01
-2.117572766105920434e-01
-5.200527164622845699e-01
-5.255124501541018622e-01
3.964775807124253926e-01
-5.328432638409206223e-01
-3.383517536264615821e-02
-1.893518132362561335e-01
6.162906577087986504e-01
1.179796835852112702e-01
-3.764258671869566975e-01
-1.164821171339435191e-01
-9.663920210993583171e-02
-3.315544809522538022e-02
-5.163657958703913448e-02
-4.628753376704301536e-01
2.485950924258807371e-01
-9.761959122885675855e-02
4.812339721792174840e-01
-1.070767812400398172e-01
3.246224352020891102e-01
3.624527739003922111e-01
7.207877409036332617e-02
-4.596943117455258854e-01
-3.003429593201694114e-01
7.819610604542798216e-01
-4.870611767989430074e-01
2.646988661553402178e-01
1.466299347683190923e-01
-9.080580034637830700e-01
-3.963391250920489384e-02
8.464292622665032795e-01
4.385076996465304688e-01
8.828992343034700596e-01
-2.468140626969614893e-01
-9.078795056020312337e-01
-3.821884039328702354e-01
-4.697880574389412534e-01
-1.053205909978138372e-01
-7.600195758155912085e-01
-5.915841026339134778e-01
2.914266943870633675e-01
7.645154108630958234e-02
-9.630976061461857807e-01
-1.000000000000000000e+00
-5.862961808305078293e-01
-1.000000000000000000e+00
-4.757606261512061785e-01
-5.759347393679470350e-01
7.786587924569432495e-02
3.064638658091696222e-01
2.012963564406533568e-01
-7.444095382043611764e-01
-9.554861586073013502e-01
-6.310164382786043191e-01
-3.395299689558179401e-01
7.838057466677672558e-02
4.406537267374266431e-01
-9.211689941086609323e-02
9.588343262638452380e-01
4.758113106538131021e-01
2.654754136474737347e-01
1.936190094845777754e-01
-4.706465697375050716e-01
1.000000000000000000e+00
-6.245468064463721714e-01
-4.051225723017541913e-01
6.777556419539057520e-02
-6.534286237843380807e-01
2.478714127525565303e-01
-4.560757042039407239e-01
8.546539176921046366e-01
-3.321366062778645656e-01
-3.600859688594038044e-01
-3.064620986511220613e-01
-2.148727226405739710e-01
4.626684933498640961e-01
3.724530515443980755e-02
-4.590442269252381809e-03
-3.137863367892209099e-01
5.407210268496673855e-01
-1.552825710160151418e-01
-5.744911132106030882e-01
5.443780138350607506e-02
1.142351024947699245e-01
1.853596658497800448e-03
-2.968913626843323050e-01
5.416585354062339874e-01
-2.212479322798790171e-01
-5.732698482075893054e-01
9.132029075211532676e-02
-4.305983579241008941e-01
-4.151444545356302029e-01
6.284770651447399992e-01
1.018640482626721223e-02
-2.202477366893867139e-01
-9.090005549628911441e-02
-2.100743566719532815e-02
-2.049768240277062281e-01
5.014900235554783370e-01
-4.473226164496823393e-02
-3.402640738916890006e-01
-4.635799330128555495e-01
4.995005678523957160e-01
-2.654020491953656413e-01
-3.966159011276673696e-02
-3.602786828463706015e-01
7.347672009017376382e-01
-3.964798528394045674e-01
-6.253009291571034467e-01
-5.266968566330291202e-01
1.600076246655782186e-01
2.436498633975953954e-01
-6.419656567825676730e-02
4.577049207946673470e-01
4.315919534989733353e-01
4.036784977694857779e-01
3.085032389312966639e-01
2.437674217552706912e-01
-7.128732874744354853e-02
-1.354988106660805214e-01
1.953260563053796361e-01
-2.951836360961395123e-01
2.890366394829287366e-01
-4.416629080695430032e-01
5.278258912673599035e-01
-1.508500723389258336e-01
-5.718258386061421117e-01
-5.925129866267766499e-01
-8.496646121723896439e-01
-3.796667360261261059e-01
-2.791833082087505913e-01
-5.635486835367452541e-01
-4.931463763196418659e-01
-3.018412187539338820e-01
8.450709762298639349e-01
-7.485204409820625515e-02
-1.391638217506082353e-01
1.177256366072119420e-01
1.339916971474791052e-01
-4.123339023321844765e-01
1.450811200599416151e-01
2.510389559874844911e-01
-5.264053602369372920e-01
5.352332958367236326e-01
-6.056640563772958813e-02
-4.558606391093601440e-01
3.396524862468037198e-01
1.265323474674018844e-01
6.602898915091583998e-01
-5.530194873048793758e-01
8.637598775508012472e-02
1.256004818597002137e-01
-1.453876651721541791e-02
-2.427062627464419142e-01
-6.113975699447997680e-01
-2.391952388961876563e-01
-1.516335307112744168e-01
2.912015532330937129e-01
-1.106712792821133717e-01
3.034636377553274755e-01
1.482869008987634518e-01
3.297768429743877516e-01
4.662378451422544146e-02
6.604875687059202916e-02
1.427285486446019103e-01
4.477969788794598505e-01
1.079904652877478194e-01
-6.459927288446489779e-01
3.222710196792662463e-01
2.838667649367354051e-01
9.701503430450293675e-03
-2.514766658078331218e-01
1.169431146970543733e-01
-6.270579448364768660e-02
-6.142649697737199155e-01
1.135116690607399989e-02
-1.451918313691502316e-01
-1.638035221224645455e-01
-5.589087264614538142e-02
4.677464042056674320e-01
1.821854535731345925e-01
-2.098305736599435922e-01
3.748681141725681010e-01
2.365706054567241756e-01
-3.992378672877525819e-02
-4.113589111519854180e-01
2.681418379721090539e-01
-2.025367929260021849e-01
2.598492817528279542e-01
7.837386209845833424e-03
-1.858348994036985447e-01
5.125276723188919581e-01
4.703652217903073196e-01
5.423740344905416677e-01
-4.905852626516050141e-01
-2.155814760159191212e-01
-3.660905877320269064e-01
6.717065153946111256e-01
1.987640028437167583e-01
1.803873372438703215e-01
-1.717421472688359652e-01
-3.044526626371159006e-01
-6.505399445270454439e-02
-6.165413561522572472e-01
-5.129413349954904389e-01
2.893683960401961519e-01
-1.153876227767119955e-01
-5.541891190960884089e-02
6.729387950158786935e-02
2.080254253590322067e-01
-1.283468371317307288e-01
-4.185800549413903893e-01
-4.377853563327393505e-01
2.719914236982633182e-02
-2.768535327346919456e-02
1.090499145440707446e-01
-2.248452782153166074e-01
-6.039820067283149241e-01
-3.728176245299062719e-02
3.050220876195248731e-01
1.213867628851345165e-01
8.802747567328965406e-02
-3.251584148746547998e-01
-5.443858153861613758e-03
-2.842264482077651033e-01
1.307274315912033413e-01
-4.337604447373460959e-02
-7.626651378453470909e-02
-3.084980526854216309e-01
-1.223337673672026948e-01
-9.841870309803443795e-02
-4.750513077019649644e-01
1.002857298659312474e-01
-3.201316578988564615e-02
2.332536239575135339e-01
4.013489631013764658e-01
3.536599586814266893e-01
-5.787671009927942700e-01
-5.362789591991773408e-01
6.708663982706100093e-01
5.750402031915320400e-01
4.352878838789205895e-01
-2.609967512828070824e-01
