2.153285289554327242e-01
1.010024354499681337e-01
-1.887181272298352891e-02
-3.040685837132333091e-01
-9.106255436182468799e-01
2.664092064338768970e-03
-7.205038919115609453e-01
2.839321367695672033e-02
2.597108862445400221e-02
-7.247461012700283367e-02
-2.124069316111716899e-01
7.142846787151022614e-01
6.547076269543624649e-01
3.436274234402307906e-03
8.273924150413671796e-01
1.354450965129252449e-01
-9.163496349284561138e-01
-9.685862937497901060e-01
-4.355348065152104264e-01
3.054596398657033474e-01
4.625225890056702260e-01
-5.716116065355130171e-01
-5.131114036787030042e-01
6.054474779854117639e-01
-2.077245165903740254e-01
2.416675301660069497e-01
-1.497687124412412085e-01
-7.641726685537489905e-01
5.490619176823273717e-01
5.506141113658100661e-01
9.239683718603950435e-01
-1.170913162326894658e-01
-8.068201147087137315e-01
2.571625259380161954e-01
-8.219131005972420967e-01
-9.721936980458232291e-01
-7.849545903603352137e-01
-3.846542685131104089e-01
2.031516153249676715e-01
7.985885877035432401e-01
-8.490572580283682891e-01
-5.403647939910690701e-01
-4.769315587671040801e-01
-1.565144277821084451e-01
-8.778138245770177317e-01
5.476017320259443100e-01
1.000000000000000000e+00
-2.090290796152216857e-01
-6.431553974535300089e-01
-4.741715953951163853e-01
6.425977461965626247e-02
-9.598809278639572895e-01
-8.833958203971278289e-01
5.580583028114187716e-01
4.948433582943163600e-01
-7.329305898567388677e-01
-9.566259826060515836e-01
1.974614055145440528e-01
-5.347120974072372412e-02
-2.033873265130916874e-01
-6.079979310130841919e-01
8.389095853810012438e-01
-2.059041282125776140e-01
4.631871620662218469e-01
6.574477755627523567e-01
9.306447414545726549e-01
4.184867261002320760e-01
-6.557956950819217035e-01
-9.221062939653972279e-01
-2.469599874239346016e-01
-6.162375671325373006e-01
3.459625915370532767e-01
8.104023782991800484e-01
-7.807167932582208536e-01
-7.251473781392197004e-01
-3.882567179107403350e-03
3.457595557775794415e-01
-5.438849879962455169e-01
1.595252880209254154e-01
-2.009814754202693954e-01
4.344421384164759425e-01
-7.334556490360388814e-01
-8.300789122399442332e-01
8.367271979690507067e-01
-7.325553853550459404e-01
-2.568574130702576674e-01
-4.333604043185190768e-02
-7.224645573852701563e-01
9.347522107405652481e-01
3.360804452084308336e-01
2.435931695452680790e-01
-6.462592277469290103e-01
7.505574012947303641e-01
7.248104797207876038e-01
-6.702314211478879180e-01
-5.518597007784761810e-02
3.744658136580430452e-01
1.631608406057310223e-01
1.554041936075546415e-01
-3.511191507687339008e-01
6.938752441750677402e-01
9.382115495418004159e-01
-8.792972131114109580e-01
-5.377609127774103381e-01
1.412984483820163006e-01
4.903074622825843165e-01
5.621689393481550390e-01
1.050465530954281940e-01
7.151915351797591969e-01
-7.883125349145626570e-01
4.107341283490730244e-01
8.682101480340178590e-01
-8.297871001499275145e-01
2.029219778979907823e-02
9.911578491310376604e-01
-8.802098465694904172e-01
-1.014953089087284877e-01
8.101231781654771869e-01
8.391011234653978912e-01
-3.610166110287240104e-01
4.452339527055491075e-01
9.485447846016489271e-01
-1.320201789768929088e-02
-6.570494522206818400e-02
6.801751262410083987e-01
7.861980350577516541e-01
7.338236011251296764e-01
2.327358648330281332e-02
4.038489756049306600e-01
7.561578067902439138e-01
-5.238095297822578100e-01
9.409085485545638505e-01
7.666702602476753725e-01
-1.029502915445890954e-01
-1.654266845062363767e-01
2.022755219923819681e-01
4.684374341653979035e-01
-1.364642386665899237e-02
3.363560352997820024e-02
4.187458231951516896e-01
-8.103979501375509209e-02
3.349433852279252999e-02
-1.729935152428534462e-01
-3.947626649727905002e-01
-8.972418666380012342e-02
-2.106610648027267829e-01
-2.765398949863462907e-01
-1.678192807697000133e-01
-3.956244632400212624e-01
-2.943577971177921415e-01
-1.417002838853930469e-01
1.467969440424539140e-01
3.840543249505957712e-01
2.941802328016335788e-01
-7.411711453283188755e-02
5.652532486674586298e-01
1.572183486880652792e-01
1.684389143382903908e-01
-4.620690864969291545e-02
1.787763499687467991e-02
8.703894613079458942e-02
-2.856289830195384849e-01
-4.443772691380415418e-01
-4.438065488657650937e-01
-1.826701147746488951e-01
1.332381312624965897e-01
7.008608308819008759e-02
1.601817816112681980e-01
4.145496937805452919e-01
-1.152027772569862302e-01
3.061763640129822606e-01
4.727621561385218774e-02
1.766288543269689537e-01
-2.071046825650486034e-01
-4.201156746439999035e-02
1.080642818036798847e-01
6.322131857495599805e-02
1.392666491856249522e-01
-1.545471412728585126e-01
1.885857762825680073e-01
-3.380350644611673228e-01
-3.900464563699748699e-01
3.783886167878561801e-01
5.560070550690733304e-01
-8.285638682200324734e-02
1.985008254318349208e-01
1.086200761801843356e-01
-4.754401179080179896e-01
1.367451540966666337e-02
-6.525941482855591724e-01
2.451777002032445169e-02
3.520387047004846504e-01
4.386304234852837491e-01
-8.931734799220814036e-01
4.047720763245492015e-01
5.449595955287139110e-03
5.507350007170004336e-01
-4.169244987914743072e-01
-6.000537191186508523e-02
2.081758387780534014e-01
-3.077327784859497650e-01
-6.116576451236632739e-01
1.843652006502888852e-01
-1.291163655988688541e-01
4.808728337490417171e-01
-5.040827167333089553e-02
-2.720059268054400015e-01
3.179267380411592292e-01
2.939766912999255410e-01
1.174344535540714080e-01
7.635545245031941097e-02
-3.312017605544773646e-01
2.136968360703391245e-01
1.070774405436504123e-01
-2.044686699278325248e-01
-1.543047066678288615e-01
-8.587494508003190585e-02
3.376822503610812376e-01
1.488523937282671128e-01
1.108954328895181002e-01
-2.167785467600572002e-01
-1.072362674176467467e-01
-9.028861335338933536e-02
6.382380890849244093e-01
3.076949717508681847e-01
-2.686860446348921516e-01
-9.058261474921294742e-02
-3.047969021663529676e-01
-2.091725790867180190e-01
-1.291788272722527442e-01
-2.092409525811212145e-01
2.895971261833011831e-02
3.186177317645229601e-01
3.819952627617044794e-01
-7.043808028329334725e-02
2.876063725926878978e-01
6.847577592498921978e-03
-1.672568483789729221e-01
-6.071850564966850550e-02
-4.940537066302567656e-03
-3.088626887526991771e-01
-5.344077991773394515e-02
-2.066764596460465009e-01
-3.410775567265326991e-02
3.090397867271070798e-01
1.342333083923920867e-01
-6.232780921352606973e-02
-3.164086987286327673e-02
4.556526297068825837e-01
-1.779718802198332894e-01
3.787132718750797489e-01
6.648333680571520687e-02
4.660617993824066052e-01
-1.090119184476819603e-01
1.552740111786438948e-01
2.408021090378411055e-01
1.877544206178170527e-01
6.561883063043950914e-02
5.319120579089524625e-01
-1.793021685160355386e-02
-4.840886932842306534e-01
-2.535388503952663575e-01
5.484597725237809751e-01
-5.280816603306450613e-02
-2.564631205156546190e-01
