-6.119313343662470261e-01
-3.009437527306803029e-01
9.545592574512209993e-02
-1.745422540599336769e-01
-4.870625588144039675e-01
-1.847553938947301966e-01
-2.609744451324268466e-01
1.601390664150434406e-01
-3.907377494836028475e-01
3.308455736117522639e-01
4.782448716743480377e-01
4.370596918378820694e-01
1.412098874453985298e-01
-3.045073755864933229e-01
6.005329086602222421e-01
-5.724440918983306759e-01
-6.586435740158537167e-01
-3.908103865169365032e-01
-4.566646683613486690e-01
4.791936858746631001e-01
-3.120441122597976402e-02
-3.147189757446758329e-02
-6.361970676335635400e-01
2.235515018893679817e-01
3.662108653402911251e-01
1.822096295712468395e-01
-1.563999192133151972e-01
-6.868617638881687748e-01
-1.727803044025673918e-01
-4.045010241084386893e-01
-1.683607170915385198e-01
-1.987299762959970906e-01
1.971403807907340933e-01
-2.737794413474875510e-01
-4.232600817424887474e-01
-2.427437540555066678e-02
-3.984075415249193619e-01
-1.555337611837165346e-01
3.115755681472519995e-02
7.121298747046890358e-03
-5.028235115698937996e-01
6.214462892674123273e-02
5.900053476734420377e-01
-9.521378845135354541e-02
1.366480892314133055e-01
4.351737191129385618e-01
2.288868742663151823e-01
-2.424189264768557284e-01
1.607404369756051943e-01
2.175121947850178761e-01
-3.913171464817051248e-01
-8.826144983899276986e-02
-2.051342648653404210e-01
1.901518921460577383e-01
2.401525320529585700e-02
-7.402414746703754600e-02
-1.543055036048008102e-02
1.119129680754154532e-01
1.796984097595353824e-01
-1.608249514758858523e-01
6.404458474479090002e-01
-1.795986178257372723e-01
-5.886419512911064134e-01
-1.686980843284002218e-01
-5.503346599850593435e-02
-3.114651498223904302e-01
-9.398523108128936654e-02
1.810960059914707987e-01
-2.050570857819183912e-01
3.961404995838295195e-01
1.647253850602574676e-01
2.968357130665404964e-01
2.649555509877252191e-01
3.301016639016669529e-01
-5.944478396318093605e-01
4.014105037476173310e-01
-1.717225276408379520e-02
-3.522980113461803287e-01
2.128966128751790809e-01
-3.739007325481987221e-01
3.395371033151267648e-02
-1.508918903434033065e-01
-8.752106509822599190e-02
4.299037780925252239e-02
-7.675999839918704049e-02
-2.729003545206415415e-04
-5.753965273426360494e-02
4.052931514581080419e-02
-7.889838159231823966e-02
2.167269076015450047e-01
-8.189505109516971582e-02
-3.661968925398643715e-01
2.866645595996987206e-01
2.799301030133685697e-01
-1.518811828611746351e-01
-1.534139335567288043e-01
-7.815377099860791599e-02
2.506650293458437262e-01
5.916672262252364867e-02
-1.455430976605869564e-01
-8.616498511693571061e-02
2.082752738177186258e-01
-5.244874570360269495e-03
-8.576032930686910971e-02
-4.443679258858233838e-02
1.964598112137511121e-01
3.194009667366600747e-01
2.094825669579926664e-01
3.766653889301695424e-01
-4.344793064494234525e-01
-2.185223167741308647e-01
-4.019818362107871468e-02
-2.753451065154631783e-01
4.269240765195828069e-01
2.874917607352345805e-01
-2.947739349617216620e-01
-1.451471227991266155e-01
4.275229866554792757e-01
2.762517237343584675e-01
1.231349461245552224e-01
1.242202332650030883e-01
1.438417309936910193e-01
-1.338264703964414659e-02
-7.596834070393318483e-02
3.396886743485601212e-02
4.404956748564008429e-01
4.858613914824356228e-01
4.282521574856393287e-01
1.878605316219976173e-01
1.990436362697091954e-01
-1.406083887606505156e-01
1.146726207825317645e-01
5.315480851777866222e-01
-7.371893177359319094e-02
-9.694105217790373319e-02
1.594609733292714215e-01
3.746081674688869212e-01
3.351654214752401995e-01
-2.637740515273895303e-02
3.628770793406535522e-01
-3.181326981269808063e-01
-3.364793695720493805e-01
-1.714694274357148884e-01
-5.810022622223001143e-01
-1.042212753459854924e-02
1.388753639825039965e-01
1.169423741319717547e-01
1.720763759705846718e-01
-1.695981889553847127e-02
2.271866929032784477e-01
-8.628839677740014757e-02
-2.638244841041033073e-01
2.571729736371864972e-01
1.840862906098979790e-01
1.003788373548652607e-01
-1.575157145393618063e-01
3.626247155464895067e-01
4.506982527996964416e-01
-3.405413900178560493e-01
1.800456392847188947e-01
-2.676163497944317737e-01
-7.968969819740713556e-02
-9.697987811786350221e-02
-2.214661870218060380e-01
-8.630693345721612841e-02
-2.268957512734258719e-01
1.721381405917483676e-01
4.674411329266984216e-01
2.080780523291197170e-01
-9.203634263467522225e-02
4.165983416513739379e-01
-1.225059175295430819e-01
-8.185765936123427788e-02
5.124851199482217262e-02
5.019417969746378660e-02
1.420853200220495785e-02
3.813346442188483842e-01
-6.107225490662426814e-02
-9.870900820846632839e-02
1.863457474520343049e-01
-4.161758021035654176e-01
-4.022389817873774920e-01
1.545655875291957748e-01
1.708567368849867596e-01
-2.103661526594154396e-01
1.187894764408315706e-01
2.750001398651637508e-01
2.918331601723860858e-01
2.115765885477992048e-01
-2.253462235148329662e-01
-2.730318573550047367e-01
3.376671708345926892e-01
-6.233055350612257128e-02
-3.164457596153870123e-01
9.393854629584838523e-02
-1.058022951808181011e-02
3.128040398252611154e-01
-2.916909286636949761e-02
-3.042805978505416439e-02
4.067297509658197585e-01
2.120227271019365506e-02
-1.667150580678162797e-01
-1.163978398811378080e-02
2.023666252008088640e-01
2.481324506180290212e-01
1.323353564593520715e-01
-1.376644104290635773e-01
3.783836929753753298e-01
-1.470317542105537834e-01
-2.625959345424989239e-02
1.331579753557181889e-01
-2.640153700928173433e-02
4.737285397651851415e-01
2.452503671319351541e-01
-2.820949238006951743e-01
4.498365375690062118e-01
-2.091368744554319425e-01
2.740406688831139581e-01
3.403780537278652818e-01
-4.375341301216729706e-01
2.603951615246660189e-01
-6.719509978931447435e-03
-2.632477639101829525e-01
4.161706700365490619e-01
1.819714787107637177e-01
9.091462986970780258e-02
-1.117412898085843875e-01
1.032153558980861835e-01
-4.200435258329517779e-02
-5.855730148146794795e-02
-7.488620577987563365e-02
-7.036158566032188477e-02
2.180409097682734498e-01
-2.288040294944649333e-01
2.508736545005347818e-01
1.160194690749312418e-01
8.520886104469818645e-02
-2.034696546148651586e-01
1.563173805922270787e-01
-1.579026035311972553e-01
-2.143876510713221828e-01
1.618992079944145054e-02
-2.136717685149364804e-02
2.788789832698850280e-01
-1.000808805751294689e-01
-2.343971910660100078e-01
7.674517667121211195e-02
-4.354525462748990577e-02
1.312848176154383373e-01
-1.042191097162269153e-01
1.165079445710131001e-01
2.597687663969344782e-03
1.061321800953011069e-01
7.265022852217048466e-02
4.194580008972007557e-01
-3.954325270460996022e-01
-9.106286890098827524e-02
-1.566734061282108181e-01
3.058550748677811848e-01
1.645199495018486169e-01
-3.979565839798272497e-01
-2.401687643051941823e-01
1.855890742824057027e-01
1.771895377480820800e-03
-1.006162151212570133e-01
