6.450074002199952805e-02
-2.083964052948789891e-01
6.163550176385900192e-01
4.131778941452721871e-02
4.553008239779217647e-01
7.860247314885400183e-01
4.240428111341467687e-01
-9.774048026854690319e-01
2.552950679633490816e-02
-9.546539578941509729e-01
1.631885133992478643e-01
-9.332495868039668574e-01
6.808360261926813539e-01
6.297610922585518134e-01
2.486560680432371440e-01
-4.541882547932781233e-01
-6.084034439842431752e-01
3.339025052471046306e-01
4.268613301081969347e-01
-5.170311099711046854e-01
-4.454651579766655822e-01
4.308353612805527755e-01
-1.824215751692696008e-01
8.660694217159272679e-01
6.491224598577453042e-01
4.531419868221823744e-01
2.491836693710881290e-01
-7.114144330157787799e-01
4.648902039553856613e-01
6.347468269624899628e-01
-7.937198988109150921e-01
2.773349230962019463e-01
3.404732508176694372e-01
-6.364295282487826277e-01
-2.727883890717382465e-01
-6.097658054539527583e-01
2.237107010366568005e-01
-8.477195549286952181e-01
9.595519642414820360e-01
4.484669961864812260e-02
-4.671983281780346386e-01
-1.099837188676500432e-01
-6.238941276815741510e-01
-8.640033892740510701e-01
-6.654676296254737888e-01
-1.229128207300191067e-01
-4.580988162063733687e-02
7.330069244143325724e-01
-6.734894050121936759e-01
1.456255326234134895e-02
-6.799980384829344693e-02
7.508243559349992990e-01
5.383534275475400088e-01
-1.426904798808913966e-01
-5.830909549917302481e-01
3.807569940244691087e-01
4.411590022225737040e-01
-5.671606105594064751e-01
1.103112878627419552e-01
8.536258754430876561e-01
2.023889218315536587e-01
1.377853274259508987e-01
-3.286661319804411452e-01
1.191783270291679464e-01
-1.783971650223215855e-01
-8.155341453798721219e-01
2.092964848623260765e-01
5.333820352156809497e-01
-6.953176411307795401e-01
-5.413485265462748552e-01
8.695365045483481881e-01
1.384304858177130004e-01
6.174479450583989504e-01
-8.866985455145088846e-01
-9.158921042858757522e-01
-5.422010447133553956e-01
2.108481395729685792e-01
-3.133996677622937765e-01
-3.506973818171097990e-01
-2.344809203984213886e-01
-3.687799526259776250e-01
-8.050239428858344537e-01
4.658776085431426961e-01
-5.508673224149507330e-01
-6.117794275343447774e-01
7.214988134250438501e-01
-8.830455514245874049e-01
-2.171400262332981168e-01
2.555779427171069873e-01
9.812342342556956698e-02
-6.361923469170639445e-01
5.082659969038693520e-02
3.004976518186701639e-01
-3.612302583312621551e-01
5.611738104066248400e-01
-4.646896395537136043e-02
5.128507668338544434e-01
5.699306707053885396e-02
-4.089153277515806817e-01
-6.486319890791328868e-01
8.789363451595000321e-01
-6.886606450620037512e-01
-8.948491338679284146e-01
-3.283606446187710692e-01
-2.349448313180680370e-01
-9.632543167403528894e-02
6.398584074275812661e-01
1.426877984256959830e-01
-3.462517378286129044e-01
3.311282886273674841e-01
-3.981073879663361570e-01
7.502647175537631163e-01
8.552505945620234029e-02
6.719833281064575836e-02
7.332208625876888153e-01
-4.251909381582030245e-01
-1.225748348438622654e-01
-6.822690647760365490e-01
7.147284516965694001e-01
-4.357343438353007969e-01
-4.673650528889673056e-02
3.500558442346750621e-01
-1.519221310465414532e-01
2.758392463805548478e-01
2.297985487076220634e-01
9.271455690604699096e-02
-6.325042401724223495e-01
-2.692944935960652209e-01
-6.304918776235253208e-01
2.380291813055576133e-01
-6.150423806899643631e-02
1.972940667495123868e-01
8.437026469108930282e-01
-6.293612216749756572e-01
-9.004559776556768647e-01
9.680870777700931740e-01
7.421513969309005976e-01
-8.374248657439815613e-01
7.997861934553456287e-01
-4.690182843090196507e-01
4.997988847586741223e-01
-4.395738327021776054e-02
4.830760431182727910e-01
-8.094838665899540819e-01
2.383632398091020399e-01
6.701265355942381818e-01
-6.739072115915595296e-01
-1.735873295381264725e-01
3.377876851977096306e-01
2.500400264941283202e-01
-3.424564920959272674e-01
5.484425161861478104e-01
-8.066542657619084622e-01
1.105072482207427736e-01
7.343376192383291312e-02
-1.343918224094746428e-01
-5.531490202917075383e-01
-1.602173024593893380e-01
-7.415681611617748192e-01
-4.718059438998198352e-01
5.186332882882116468e-01
5.886889460423298803e-02
1.677686172318993418e-01
7.383530019694740654e-01
5.841671962022101372e-01
4.773755686963347400e-01
-2.597889439040684256e-01
-5.130997122953802059e-01
-9.046150494069712389e-01
8.751848032934635979e-01
-4.695485789614209926e-01
1.466418692093992837e-01
7.984177771081353292e-01
3.778841931698707635e-01
9.073680891020073913e-01
4.915360506371656002e-01
-4.335805531513150513e-01
-6.830020289711291603e-01
-4.853733742489388936e-01
-9.835342964127634369e-02
-5.343122317934689836e-01
1.980201790814226648e-01
2.426928882875572235e-01
6.723054967361158374e-01
7.782300022601680300e-01
2.057480439064293121e-01
-2.958283278846668973e-01
1.849043228532838978e-01
-6.235265644998335688e-01
1.217862876720969406e-01
-7.482596455423647930e-01
-1.821545818520948767e-01
5.767659487523913997e-01
2.404328896079742650e-01
-8.199750750242664754e-01
-2.481264298526272560e-01
7.887172317363559948e-01
4.529988230337492205e-02
-8.464880511859217416e-01
6.439109551206682047e-01
2.873357103861445827e-01
3.124158271987719782e-01
5.543147348315714817e-02
-5.379858294372185101e-01
-5.523325598191293484e-02
8.156075955794649390e-01
-8.765939319382426431e-01
-7.607646897779711814e-01
-7.001199594569114115e-01
2.620848496003826966e-01
-4.615618617879256869e-01
8.728728034513888456e-01
-6.955564129687566988e-01
9.397512298590723345e-01
-8.709530517297660035e-01
6.239311283093310762e-02
6.885341783102734425e-02
-8.667253203633429326e-01
4.737905710421200789e-01
-4.092247978143486176e-01
6.298049723047893789e-01
-1.203617772172504291e-01
8.123976708975696459e-01
2.637544155581402205e-01
-3.942227988270808337e-01
-3.761295104882394491e-01
-4.892774137110790789e-01
5.145298137561318264e-01
-2.491262835260072694e-01
-2.463574277456953010e-01
-7.394284903515844221e-01
6.077163418833717579e-01
4.349104516881791005e-01
8.497950137291158113e-01
4.128975929989822102e-01
-5.603238089445219394e-01
-7.605213600964640941e-01
-8.431217499300767138e-01
3.447342435764625401e-01
1.184664596399251368e-01
-3.645248990011064061e-01
-7.912688328164299012e-01
5.692123394121886282e-01
5.989191812506786672e-01
-9.254784527073582900e-01
-3.987234189537661178e-01
7.659325551324365211e-01
6.953638445423999670e-01
-1.835188217058811577e-01
-5.285463296674006717e-01
3.249812438379618973e-01
-6.221114747875923223e-01
3.198100468743240721e-01
-1.361768449008730619e-01
-2.431199718115530095e-01
4.853461250296193380e-02
3.989689617233157515e-01
3.384852969264087186e-01
7.613940832522885227e-01
9.358333583438278591e-01
-7.754059150583912929e-01
2.763435919563106968e-01
2.730570921821992569e-01
6.181719031158835476e-01
-6.354682505350943700e-01
