6.947032319807591172e-01
2.147814119740437122e-01
-3.857487759127998794e-01
5.496634420722187886e-02
3.125571340098939888e-01
8.880443451542596733e-02
-3.600104221866690102e-02
-3.475372229082833719e-01
2.644660982021227458e-01
6.739544182212571510e-02
-2.149769514070805354e-01
-6.698169009495164028e-02
-3.499998973426593496e-03
-1.178572835350940318e-01
-1.847932825718861805e-01
2.660356459798367545e-01
-5.426599904243540884e-01
-3.972687577637324940e-01
3.185004762497781194e-01
-2.360206423272791509e-01
3.515580498737669868e-01
-9.326642400592029258e-02
4.642548299147140900e-04
-1.923521420036013452e-01
2.640486088053456970e-01
3.515957961454831970e-01
4.677512916255535114e-01
-4.910712828427743482e-01
1.957280143735933842e-01
-2.682732396375361317e-01
-3.101190890725933347e-01
-1.536667130326513364e-01
4.030445075955323975e-01
-2.415185995746879366e-01
7.771407090464427236e-02
-1.445309400397179478e-01
-3.056855848459172353e-02
8.758120875791425286e-02
-3.586267610966489827e-01
3.294653681746254059e-02
-2.322372777061408600e-01
7.281622405118506891e-02
3.958944544966823131e-01
3.101999199801699358e-01
1.719054389646404446e-02
2.240412468274673441e-01
1.903407627821494530e-01
3.013765634012868233e-01
3.961616045516226370e-01
-1.349057920523670517e-01
-4.195448568588959759e-01
-3.529277224772838228e-01
2.380804015085016823e-02
2.756983469033454093e-02
6.290284378532816356e-02
5.649384353473680953e-01
9.010109279551901940e-02
-1.589444353513924379e-01
3.244412688179854065e-01
-3.127828431602809323e-01
2.767547721261160998e-01
1.042540975334926290e-01
-1.049282667845647249e-01
1.394800430309309780e-01
-2.653352121721950369e-02
-6.891253386901508016e-02
-7.593432003482121495e-02
-1.053633464372827344e-02
-1.798739266896473010e-01
6.405883104789669158e-01
-9.054186163744970539e-02
3.724610592747520932e-01
-4.986891736858051205e-01
-1.672198088680895423e-01
6.879081798344890974e-02
-1.631966829284690612e-01
-2.647257650649073590e-02
-3.111794961500802259e-01
2.676761579947434244e-01
1.306695561827267704e-01
3.113849621566854853e-01
5.091063230425034725e-01
3.150616470382344714e-01
4.378125018154273573e-01
9.859307348361651124e-02
3.752300975331470112e-01
-3.649395383418698180e-01
2.525609170237461121e-01
8.218329247741765209e-02
2.835500265561934907e-01
-5.446090233361189359e-01
-3.118133300074947822e-01
1.752037169399586758e-01
-1.388523518488337660e-01
-2.174114309663856826e-01
1.234318931595650010e-01
-2.776065522369084576e-02
-4.814647903144400609e-02
2.406954534755052777e-02
1.932747706981186031e-02
-3.190502915856836541e-01
3.024677118638156026e-01
-3.968236984751392082e-01
2.451302964013874486e-01
-2.898734500540849912e-01
1.184605462295741513e-01
-1.923586358841504751e-01
4.480696179876982321e-01
3.364310811561934678e-01
-6.824179350092708374e-01
-5.471336353991077539e-01
4.902977811995333224e-01
-9.950830517215465687e-02
-4.813996052355409283e-01
-2.750645939469638090e-01
-3.199005051894698859e-01
3.170225972939484937e-01
2.881187143306148668e-01
-1.204588269733638806e-01
-5.071852701983600165e-01
9.495782395212636409e-03
-3.247580829349142051e-01
-1.119827400767037240e-01
-3.557123574088341678e-02
-4.105568381881936069e-01
5.147475015699288364e-02
-1.837548584423752129e-01
2.955014961657538297e-01
4.439833705003564113e-01
-3.492362458213105203e-03
-8.923555192328998242e-02
-2.148682491408778206e-01
-5.875374818814150385e-02
-2.390019402533137827e-01
-2.362338093258982141e-01
-1.449468662687722516e-02
4.201961591771476989e-01
-7.029725246175148046e-01
-4.575693909273347293e-01
-4.193578600389212541e-02
-3.747876323980674218e-02
2.439574241332166937e-01
-4.993548333846430098e-02
9.932446272022449341e-02
-8.135498412307172467e-02
-3.869458894692085482e-01
-6.960198749317419997e-02
2.655489080216163339e-02
1.442351444196293409e-01
-7.935589436008944064e-02
6.754828885938508609e-01
-1.263555878296992452e-01
1.082862536521591104e-02
6.092495045609542040e-03
4.374208945309082663e-01
4.413920722169029087e-02
-4.416457493053753680e-01
1.939835129197897343e-02
-1.172537144618118754e-02
4.567278634548268546e-01
2.864280995354409054e-01
-2.692874020293721804e-01
7.888047447214835417e-02
-9.165998696523536271e-02
1.846139791711970402e-01
-3.123212595195775654e-01
-4.695488525606725805e-01
-2.256096721255646531e-01
3.635854827292915314e-01
-3.839984958053266340e-01
3.918550107127286575e-01
-1.157129010444976625e-01
2.512462711856038866e-01
-3.702593006052696256e-01
3.075479177876457304e-01
1.342408687737011996e-01
2.975149329376663432e-01
-1.061255720097628447e-01
1.497955319387800910e-01
-4.353512382988752871e-01
2.395625529367708395e-01
-4.030539767842543364e-02
-1.783267445159969489e-01
-5.455422708006071875e-04
-6.495614994222377314e-01
1.502385349366779088e-01
6.370364392355174488e-01
5.748648551742898682e-01
-2.193990451500593963e-01
-1.469914634202334203e-01
2.706919554579195197e-01
2.841519856331676253e-01
-4.259971278469237288e-01
-1.677095965671776545e-01
-4.771956834940022790e-02
-5.424863876267037588e-01
-5.663320663614558326e-01
7.124006412139423094e-01
-4.850328458116791586e-01
1.499107795152077871e-01
-1.099189229314764954e-01
3.822776269349771328e-01
3.743515197175127374e-01
2.659955123024832502e-01
4.216415922816220685e-01
-2.110968083712249158e-02
3.794682182006305360e-01
-6.128478303659973259e-01
-3.329581649534548715e-01
-1.352366075548236402e-01
1.138190723828765016e-03
-1.286127419499323854e-01
4.527092221381116000e-01
3.709655342341733331e-01
-4.386346410444556115e-02
-3.799860940030732048e-01
1.512578221919370081e-01
1.180174127299540437e-01
5.483707887586081881e-02
-3.432407337872647735e-02
3.745233889928536314e-02
-2.559306420932423720e-02
-3.954159066644906129e-01
-3.169930610849501229e-01
1.192515316893403426e-01
-3.068885667944709073e-01
1.821425870626887100e-01
2.151096014038538229e-01
2.261267125418736090e-01
2.128074477080110216e-01
-5.960861598681159446e-02
1.167801512971314154e-01
-3.202481038500615274e-01
-1.743527102932324879e-01
-1.422629893222263631e-01
-1.679310704183821779e-01
2.247466377496681045e-01
3.667363659490756600e-01
-9.046061998202231669e-02
3.595010242642407428e-01
-5.162985752682149876e-01
2.882331268884616438e-01
1.985006242908338436e-01
6.133883755675237914e-01
5.170300183466696176e-01
-1.837741210189112462e-01
-5.921900673249675950e-01
-4.775411978526193368e-01
1.128994940252789625e-01
-4.821954234202330825e-01
-1.646626773238011043e-01
-5.080609413514960981e-02
-6.008367666848561939e-01
2.302759445145907968e-01
2.287242870268250128e-01
1.583892547082795532e-01
-2.052995122221810409e-01
3.071030747985362130e-01
-3.005715154198655009e-02
-5.574901656138726569e-01
-7.496272754317351295e-01
1.881115374001221807e-01
-1.911414351956051416e-01
-9.235587410046866008e-01
7.316311843782181967e-02
