-3.053550946261302523e-01
1.015329979712333019e-01
-5.732225078816776537e-02
3.190337514895067450e-01
2.607782168679509405e-01
-2.152138521318023023e-01
9.530510332844929419e-03
-2.587467621960770070e-01
-3.906971102112096195e-01
3.620850074267745189e-01
2.198993833113393748e-01
-2.079560865897059699e-02
-3.377897315520374533e-01
-1.464874382889484183e-01
3.076184317492867693e-01
7.620065598699984899e-02
1.124562677137583150e-01
1.770596290768254311e-01
3.939748829572009003e-01
2.083469349948726679e-01
2.500065831027220575e-01
-2.330369953351267287e-01
-2.225524628449562781e-01
7.844277462327561845e-02
6.359604481404165788e-02
-5.639411364432623391e-02
1.236992896870502123e-02
-2.409560626221799451e-01
-5.753769158281621388e-02
-4.318249011936954318e-01
-4.397851326290774798e-01
2.889942322544487019e-01
-2.777828270158653190e-01
2.168150201326778381e-01
1.575117879897629525e-01
-1.777055330221158636e-01
-3.678588811460166141e-01
-1.229342105323573964e-01
1.688103463276167393e-01
-4.758486057392402602e-02
-3.011623502610270564e-01
7.690911918803575165e-02
4.897940399928458199e-01
-3.508671971632309344e-02
1.769776100097925076e-01
2.207271355455228956e-01
-1.805446871123176159e-02
5.619753288360311849e-01
5.264834084216278853e-01
-3.159409441197854607e-01
-2.312648473306404273e-01
2.765343373441764285e-02
6.482619579406979637e-01
-3.627466633810975116e-01
-5.925073370314856147e-01
-8.478791340844271662e-01
3.056473338712534793e-01
4.463684169979918459e-01
1.654548728836867655e-01
6.377977368890715981e-01
-4.913312024513457055e-01
-2.406022629034549887e-01
9.538594202909863595e-01
-2.832847816374926136e-02
-6.084260639396599224e-03
-4.543576147857423253e-01
2.607961123561913785e-01
7.065330790012873674e-01
-4.082571633806281186e-01
-5.191265241912564887e-01
8.930531677138145441e-02
-5.763351097970305092e-01
-1.371108115026730689e-01
5.158404208769880039e-01
2.043908017504601493e-01
-2.445437114959584657e-01
2.187812711212761829e-01
-2.321109774591598174e-01
2.772666853860587532e-01
2.897285288919714819e-01
-5.113786441846059905e-01
3.163700502467323150e-03
-2.614374666986944429e-01
-5.389445216223771873e-02
-1.205183060233421671e-01
-1.919764124662274862e-01
-4.719392730725875396e-01
1.007847286323069330e-01
-1.091578880221607817e-01
-6.213215471100622667e-01
2.666813994645382824e-01
4.037335954026124996e-04
-3.800635138437506028e-02
-4.126586613797132430e-01
4.640201203501198579e-01
4.207744382854744503e-01
-3.715092694897599301e-01
-7.992408452061981750e-02
-3.684165019904483418e-01
2.550643573294391064e-01
-2.198771109976456750e-01
-1.178043322199300302e-01
2.508769856352310867e-02
-2.405222734375082327e-01
4.255610348124458930e-01
2.535226272859242291e-01
2.355568417549598059e-01
7.777298963000869869e-02
5.531454963202090402e-01
-2.969230473170298978e-01
-3.656660752390175628e-01
-2.964589930386437588e-01
-5.011099955314238796e-01
3.121048732113966551e-02
5.866078001525922847e-01
2.459549541646576798e-01
3.379855139075423238e-03
-2.537143636297526372e-01
6.250961195449250551e-02
-2.834815939763292714e-01
-1.537318451748008741e-01
3.773274007685935016e-01
4.334800960401127834e-02
-2.437694293701070936e-01
-1.583736222186692966e-01
1.009896563743535591e-01
3.364496166503485042e-01
-3.655445213388901216e-02
-1.497055679817131391e-01
-1.576323458546146639e-01
1.680218917605702800e-01
-5.152295920701480680e-01
1.937854045410396242e-01
2.104574673733848045e-01
-7.236605863973835095e-01
2.690585672249524163e-01
4.123104277577110954e-01
-2.065487803757579122e-02
-3.426288268141445270e-01
3.233862399498837470e-01
-1.921840458732095858e-01
6.893941765332949057e-02
6.207418473888424992e-02
2.326870629209052965e-01
-3.535625291719002306e-01
9.681932616072182196e-02
1.002437342022417799e-01
-3.714574150065805269e-02
-7.074955245717632346e-01
7.866873325750955992e-01
1.514244626875549393e-01
-2.636043558768338402e-01
1.226604405867255387e-01
-5.546083261637356765e-01
-1.522842926736943381e-02
6.421634030599493448e-01
-1.249844617660697543e-01
-3.481915626043369794e-01
4.639047538092603840e-01
3.155089771826125045e-01
-3.211848350349629788e-01
-2.703881530654563270e-01
5.362751923683301003e-01
-5.914884240198299281e-01
3.164591954249969530e-01
-3.256643643249895193e-01
1.763647584677157931e-01
3.729844617378919036e-01
5.141450748947795635e-01
6.231578949882548013e-01
1.485063238885538928e-01
3.701459890627927241e-01
-3.909577553106976522e-01
4.147255348964354327e-01
-3.747276074486262099e-01
2.106323553967617002e-01
-2.288464277545373127e-01
3.871831272776853905e-01
3.212099438845594790e-01
3.355690395897747980e-01
-2.753138667785794969e-01
-1.417177679336732443e-01
9.271006499634472375e-02
5.677447407177368954e-02
-4.331428421991943001e-01
-5.243356034813483335e-01
3.914692931631875705e-01
-1.293372264119062864e-01
-2.794770469931582846e-01
3.442502971362290665e-01
1.507804319472970389e-01
-1.522077480340549571e-01
4.544184970032901782e-01
-4.016629799019448555e-03
-6.884341183905432482e-01
2.244503058235366999e-01
1.493658953061789141e-01
2.432354834603802363e-01
4.540864111421052396e-01
-3.802364854067126765e-01
-2.076887969727113370e-01
2.054058867981962688e-01
1.667608779167648325e-01
1.757634978379540303e-01
-1.047172568675813764e-01
-5.831361040342596391e-01
2.475381391004753406e-01
4.527390114031811241e-01
2.796815328573926673e-01
3.458154463947114010e-01
-4.014481258797845675e-01
4.602368962430739008e-02
3.758767080499489932e-01
-5.758215575583102569e-02
1.151764934846151792e-02
-1.405343441891958312e-01
3.539096267284480568e-01
4.134281940228802799e-01
2.695212174434633567e-01
2.164519669358222487e-01
-2.121349484750879866e-01
-2.270523869909463477e-01
-1.371426530166464652e-01
-8.996900294043820578e-02
5.056524983224847114e-01
-4.475811614742665756e-01
3.680202808523712621e-01
3.994279825896023262e-01
-1.709758989284137498e-01
5.111201029863907674e-01
-2.039109244921089859e-01
-4.126259063964679563e-02
-4.465145330325479001e-02
5.137526173093344417e-02
4.435015965298911844e-01
-8.252334074354064075e-01
-4.028766008867377679e-01
3.181785192098410819e-01
-1.793474742712167225e-01
5.940553406066227948e-01
-4.098692863861306823e-01
-7.809174858973331190e-01
1.069804050220817156e-02
-3.824861619903888732e-01
-3.186568410318689204e-01
1.076210894698556159e-01
8.998160955576826880e-02
2.753798894577336176e-01
4.009954310912569042e-01
-3.308946939604497928e-01
-1.513066092074817348e-01
-3.798492269346633310e-01
4.585220064852780220e-01
5.985186693036252947e-01
2.313451009264088365e-01
4.325396812858523510e-01
4.838270086583960072e-01
5.823848205985373561e-01
5.044275305956130717e-01
1.660136466898091967e-01
-2.936040752171732715e-02
1.489319340894715293e-01
3.894441739534098557e-01
1.811312435816895827e-01
1.509997205285591171e-01
