-3.675550879971986040e-01
3.160775970848848232e-02
-2.566098683339491093e-01
2.900168522245492597e-01
-2.857718582392132500e-02
-3.754971577738774879e-01
1.044199113377443783e-01
-3.355407763113971709e-01
-5.423703351895793334e-01
6.410225433405070117e-01
1.428488061647809060e-01
-1.567635373070874055e-02
-4.259687712861131570e-01
-2.214854335225162618e-01
4.284735399653243348e-01
1.748199064653108148e-01
-4.356145638405152509e-02
1.975541938958375321e-01
4.126052984395360834e-01
2.444817299923248977e-01
4.028568405597076074e-01
-2.796194758212773301e-01
-4.320814823104535685e-01
4.717906097681590083e-02
-7.945340204767022130e-02
-1.384623959072244226e-01
-2.563194558310412652e-01
-2.820954742642032831e-01
-7.149325361691613590e-02
-4.838151288601335587e-01
-5.510091163095155453e-01
2.841436393255462045e-01
-2.770102863010492911e-01
3.771475503212455838e-01
1.374357302096005373e-01
-2.148242846938668849e-01
-2.722861309310324884e-01
-1.421383750590288209e-01
1.365708805167516193e-01
-1.928960086150233871e-02
-3.275889129768501662e-01
1.107719258388046302e-01
-3.518388537650149472e-02
-8.399174144615036142e-02
2.542398149435276533e-01
2.762154994534929964e-01
-1.108884247985279098e-01
6.379539857454806784e-01
5.611381487637422394e-01
-3.658042337480813533e-01
-2.659992512305400236e-01
4.984543042070407881e-02
5.862721541477893261e-01
-3.827135932756601244e-01
-7.356136156172888851e-01
-7.231978106878445001e-01
3.313828139833691067e-01
4.878193397928713981e-01
2.321917972149957765e-01
7.099388574937323115e-01
-4.353470728613519358e-01
-2.016801880238973665e-01
9.980018496927833827e-01
-1.088818382500968407e-01
-7.599637501488779034e-02
-8.331812898022215030e-01
3.318420114145914090e-01
2.476089129386740972e-01
-4.298136145915404938e-01
-6.879918737287771258e-01
1.000365444685367283e-01
-6.113200519042334413e-01
-2.807566545219987164e-01
6.522650088859919260e-01
2.434899722911569586e-01
-3.170635699672533780e-01
2.914358183084117537e-01
-3.265210601252395151e-01
3.524207779676791219e-01
1.763774694832211665e-01
2.150342778829868184e-04
3.075243065393234998e-02
9.468059916405911769e-02
-2.153039200146496801e-01
-2.577695545794148058e-01
-1.712054008817836259e-01
-4.567485414517170050e-01
2.230417795063614206e-01
-2.379002737691202907e-01
-7.527534735811253208e-01
4.026314970073611166e-01
-1.338988011996132543e-02
-6.712749316442088998e-02
-4.280365785030604830e-01
5.034091760116283787e-01
4.757017163087648437e-01
-4.233166242801075230e-01
-8.110015953460697480e-02
-4.679576004927566979e-01
3.042017243101257096e-01
-2.064910622846987120e-01
2.726982248297737388e-01
9.145702285417312005e-02
-5.535946697144458195e-01
4.831807146153313526e-01
4.426371083089775671e-01
6.678770689142303763e-01
3.963438550220183543e-01
6.170120004664143565e-01
-3.210002645007959954e-01
-6.358951442209676008e-01
-5.873568347209398022e-01
-7.485205765442428660e-01
-4.357902691627819902e-02
7.039329442031367901e-01
5.171861923991291077e-01
-1.264490864017489558e-02
-2.299446562898713187e-01
1.803292046447404484e-01
2.336370812258828367e-01
-1.429745479739816527e-01
5.048662692802572405e-01
4.693118902861596886e-02
-2.308151549408457293e-01
-1.704632163042317239e-01
-6.961239299887903020e-02
4.569718176909093321e-01
-2.495164068277422320e-02
-1.410032508126935480e-01
-1.468340952864112259e-01
5.864089513139937315e-01
-4.928903895561360105e-01
3.725680012485240167e-01
3.670056022863095180e-01
-5.656639869658199871e-01
4.987175330099084536e-01
5.025556167510757399e-01
-4.821768980495779594e-02
-2.941454764748911432e-01
4.132259271191357497e-01
-2.426755423995786143e-01
1.262935133467919802e-02
-1.596263036881781505e-02
2.782619889650176925e-01
-3.062987848525304813e-01
5.109256203190838674e-02
2.523531470001214028e-03
-1.548374247033134088e-01
-5.362626350498820305e-01
8.075676042712996994e-01
1.578410515005621295e-01
-2.671405077061869693e-01
1.459408359456347559e-01
-5.546083261637356765e-01
-1.522842926736943381e-02
6.421634030599493448e-01
-1.249844617660697543e-01
-3.481915626043369794e-01
4.639047538092603840e-01
3.155089771826125045e-01
-3.211848350349629788e-01
-2.703881530654563270e-01
5.362751923683301003e-01
-5.914884240198299281e-01
3.164591954249969530e-01
-3.256643643249895193e-01
1.763647584677157931e-01
3.729844617378919036e-01
5.141450748947795635e-01
6.231578949882548013e-01
1.485063238885538928e-01
3.701459890627927241e-01
-3.909577553106976522e-01
4.147255348964354327e-01
-3.747276074486262099e-01
2.106323553967617002e-01
-2.288464277545373127e-01
3.871831272776853905e-01
3.212099438845594790e-01
3.355690395897747980e-01
-2.753138667785794969e-01
-1.417177679336732443e-01
9.271006499634472375e-02
5.677447407177368954e-02
-4.331428421991943001e-01
-5.243356034813483335e-01
3.914692931631875705e-01
-1.293372264119062864e-01
-2.794770469931582846e-01
3.442502971362290665e-01
1.507804319472970389e-01
-1.522077480340549571e-01
4.544184970032901782e-01
-4.016629799019448555e-03
-6.884341183905432482e-01
2.244503058235366999e-01
1.493658953061789141e-01
2.432354834603802363e-01
4.540864111421052396e-01
-3.802364854067126765e-01
-2.076887969727113370e-01
2.054058867981962688e-01
1.667608779167648325e-01
1.757634978379540303e-01
-1.047172568675813764e-01
-5.831361040342596391e-01
2.475381391004753406e-01
4.527390114031811241e-01
2.796815328573926673e-01
3.458154463947114010e-01
-4.014481258797845675e-01
4.602368962430739008e-02
3.758767080499489932e-01
-5.758215575583102569e-02
1.151764934846151792e-02
-1.405343441891958312e-01
3.539096267284480568e-01
4.134281940228802799e-01
2.695212174434633567e-01
2.164519669358222487e-01
-2.121349484750879866e-01
-2.270523869909463477e-01
-1.371426530166464652e-01
-8.996900294043820578e-02
5.056524983224847114e-01
-4.475811614742665756e-01
3.680202808523712621e-01
3.994279825896023262e-01
-1.709758989284137498e-01
5.111201029863907674e-01
-2.039109244921089859e-01
-4.126259063964679563e-02
-4.465145330325479001e-02
5.137526173093344417e-02
4.435015965298911844e-01
-8.252334074354064075e-01
-4.678710590581143247e-01
3.151102636787783129e-01
-2.079575170412563401e-01
6.143871534914213672e-01
-4.208236637391253310e-01
-7.891225151746212862e-01
6.925998693610342649e-02
-4.327622136942081976e-01
-2.807342472249735321e-01
1.550718302716934949e-01
1.080812214189773163e-01
3.348504708892549586e-01
4.116560723838638136e-01
-3.339267803183664229e-01
-1.271243774834328322e-01
-3.895656444639170601e-01
4.702117587655142428e-01
6.287719384400796141e-01
2.862721381110618912e-01
4.697191331440599971e-01
4.596040947127016940e-01
6.686912011404556599e-01
5.614245335801375525e-01
1.470996550701962891e-01
-5.801340782107917982e-02
1.392941767506694073e-01
4.539038494425341463e-01
2.162287713389611232e-01
1.509997205285591171e-01
