-1.990440654472886983e-01
5.697670463865317503e-01
3.143878733581831342e-01
2.635313668388545305e-01
8.456541194762359770e-02
-5.128882841685279415e-01
4.315745822311994884e-01
-3.165227645974340587e-01
3.020978436115147603e-01
6.338530729476042902e-01
-5.449284738498842984e-01
3.253235438354253328e-01
2.003396263424071788e-02
6.599162505545860258e-01
-4.526727929363083547e-01
2.396331440089710385e-01
1.273999143748569818e-01
8.706118811314945694e-01
6.379419355123790991e-01
-8.746687083582016520e-01
2.391872232179211577e-01
-2.106331435647390560e-01
8.626212035991069893e-01
8.550211137557925944e-01
-1.359256083589761577e-01
3.252420895275422164e-02
-3.592898109895958925e-01
5.184146453032105750e-01
-3.042126391463458313e-01
3.266652210450872729e-01
4.258688256522283888e-01
1.657217767157048716e-01
1.264044637526730297e-01
-1.161727077944375297e-01
3.522287024619683571e-01
3.906030330752239821e-01
-3.388646581850110473e-02
1.935477704649457842e-01
2.230974053311946537e-01
3.890191273092512558e-01
-4.949363083698830879e-02
-5.748630511414049710e-02
3.391941754767261591e-02
1.879935468605244686e-01
-3.224133848667925517e-01
3.481048523043083209e-01
2.657586868788898160e-01
-4.349669647551758223e-01
-3.943046141687551187e-01
-5.110240200273281630e-01
-3.810648117357319231e-01
2.352115295356660418e-02
-6.406984008047671431e-01
3.180823641937691182e-01
-3.105950199655473920e-01
-6.320522746412219339e-01
1.874788428298346243e-02
-1.544333291440426192e-01
4.150435816610708040e-01
-1.839391067193653639e-01
-5.061104955030110153e-01
-9.997747974495478640e-02
4.108363213781302536e-01
5.481613374130610561e-01
-6.715757018650844179e-01
-7.301129329709764582e-01
-7.356524545767695322e-01
4.643524110598868382e-01
4.355438031883914207e-01
-8.676967580243120093e-01
4.064137958272290851e-01
-3.111875809402437909e-01
5.303371812018411458e-01
-8.264346324249989550e-02
5.592931631192596953e-01
7.840789980187452546e-01
1.703456638654596983e-04
6.281656780084408087e-01
4.316950816860133933e-01
3.158846773627710935e-01
-5.273024463074305751e-02
-3.991420244502098535e-01
3.479681981984215078e-01
-5.695497083728239263e-01
8.264848705267727191e-02
-3.485701194476320541e-02
4.288321803451695668e-01
-2.516171948152587379e-01
1.165278817092369468e-01
2.306261031551167240e-01
4.324149739472127330e-01
-3.416151681305507060e-01
1.271339622341299269e-01
-3.459369896312988746e-01
-3.852576332055982489e-01
4.047276611355478115e-01
-4.106831336617788875e-02
1.851603398775543696e-01
1.767932360545499543e-02
7.326473460233400292e-01
-2.090970255130345304e-02
5.112677611777399767e-02
8.065095233031788213e-01
2.042612506190164268e-01
-1.201163444813013875e-01
1.381966092031945426e-01
-6.365391716164845448e-01
-2.961516929443102075e-01
1.035466527725018154e-01
-1.357174122894157786e-01
6.715800667735798424e-01
8.356875585283767283e-01
-3.914988250754979776e-02
-1.064193819936016805e-01
-1.765221202989221139e-01
2.893495186650961171e-01
4.361201607983562767e-02
-4.366037851968924688e-01
4.341713092977990129e-01
4.776659403743764853e-01
9.663935513762887675e-02
3.621564125479907470e-01
-3.923233159958627314e-01
2.909709026373892837e-01
-6.075096002126844086e-01
7.978043245885449997e-01
1.483275296037997737e-01
1.911164935354974781e-01
5.620373948916050910e-01
-2.516810010254872942e-01
-3.459248877249292975e-01
-5.169162599862830998e-01
-7.072703181595801913e-01
-3.769441659199830319e-01
4.361554105334440878e-01
6.017607929944797096e-01
-6.499690314446368022e-01
8.048656839405726737e-01
2.872676904608039150e-01
2.980494657422202431e-01
8.248874755804275205e-01
-5.709042410082344476e-01
-6.670807008501923319e-01
3.477725689575852375e-01
5.198569605810348104e-01
-1.269629361104318288e-01
1.768279388338720726e-01
6.328733884614484717e-01
2.013017447206817134e-01
-5.531360723855820449e-01
1.759205265711343696e-02
-4.471584596231942266e-01
-2.944643784541636777e-01
-6.492596228144055237e-01
-5.614462536008174576e-01
-8.146243516390309081e-01
2.419932843237605213e-01
-6.789517725039592166e-01
-1.252087969754569763e-01
-1.182634374010236855e-01
-6.050000713771016558e-01
3.832543522341251840e-01
-4.348174076442018476e-01
5.581369378947678150e-01
-3.652623245309710165e-01
-3.662684414760762897e-01
-4.426113943301162590e-01
-1.132968401921275875e-01
-3.352792286055049364e-02
-5.944818794414948870e-01
5.087009050223309514e-02
-8.335140511847537459e-01
-6.171759455746564926e-01
2.257294828689198340e-01
8.041566329668622393e-01
4.455606785297712147e-01
1.671358146471508543e-01
3.179039966857358235e-01
-3.623188267363827153e-01
-4.829812985718384133e-01
9.843187546498891050e-02
-4.556338782546047184e-01
4.164898287696257584e-01
5.882821991156782504e-01
-6.196526446643764174e-01
-3.289002247309332772e-01
4.260767567335440043e-01
-4.620187733452701950e-01
6.993866358925163729e-01
4.438274874292708061e-02
-2.724954077884227388e-01
-3.740653567910361410e-01
4.346483758713467482e-01
3.125043288634186123e-01
2.934559268562453305e-01
4.859923418425405317e-01
5.755651472094642784e-01
1.103130158527879934e-01
-2.933157007569867081e-02
3.555199846928459029e-01
-3.052691190355701911e-01
-5.567037220724688762e-01
-5.133326232457768867e-02
1.416689062626481643e-01
7.483055612968341208e-01
-7.920930030699188107e-01
-8.476566834521595539e-02
5.380369379068223878e-01
1.805461067965023481e-01
-7.969694362630317386e-01
4.516014255456398674e-01
1.720213840166451014e-01
-4.639700155051577207e-02
-8.190318221150627576e-02
-5.024687954196628281e-01
-2.443299233069993748e-01
-8.107009294500905350e-02
1.523294212142668469e-01
-2.029520212087188025e-01
-2.379666383491225445e-01
1.756668230319461121e-01
-5.994789060531138247e-01
-7.297834593486163257e-01
-1.600716671235878352e-01
-2.530208524080540533e-01
4.595322955642473506e-01
-4.563086787224245322e-01
6.273447546685262388e-01
4.813150840390720275e-01
5.282297812005726234e-01
-3.421879958819151746e-01
-5.942533243051342229e-01
7.789995663298826534e-01
-2.279988749841917184e-01
-8.674719154709955582e-01
3.101578988630321332e-01
-5.922351286153753058e-01
-8.003847495819860214e-01
5.738849087865244974e-02
6.726642263646367415e-01
-6.592286202977404308e-01
-4.110967061480459983e-01
-9.635014140089836338e-04
-2.101628077293187791e-01
3.754352917583122368e-02
-2.527904486181763999e-01
-8.770384997435199947e-01
2.626092704386949195e-01
-2.572470012443560106e-01
7.778650182739399455e-01
-3.174781663335411452e-01
-9.157698087950638666e-01
8.308808585088806042e-01
2.966693909212408387e-01
3.543699015467681179e-01
-5.170911058997736953e-01
-7.817206178832506458e-01
9.577931746583093764e-01
-8.580309467135729951e-02
6.723640140417413980e-01
-5.679014096501754372e-01
-3.999392850426207180e-01
5.577953267401699611e-01
5.909662231018012468e-01
-7.964997163184356355e-01
