-3.675550879971986040e-01
3.160775970848848232e-02
-2.566098683339491093e-01
9.111816523427002101e-02
-7.627943899926220572e-02
-3.754971577738774879e-01
3.391467972040901335e-03
-3.328106754700536629e-01
-5.423703351895793334e-01
6.410225433405070117e-01
1.428488061647809060e-01
-1.567635373070874055e-02
-3.393100882325099654e-01
-2.214854335225162618e-01
4.284735399653243348e-01
1.748199064653108148e-01
-2.161190405316808227e-03
1.975541938958375321e-01
1.469955348408800155e-01
2.444817299923248977e-01
4.028568405597076074e-01
-2.796194758212773301e-01
-5.216446625393423853e-01
4.717906097681590083e-02
-7.945340204767022130e-02
-5.767682160349499876e-01
2.609836805879747201e-01
-1.827973304542807598e-01
-7.149325361691613590e-02
-4.838151288601335587e-01
-5.510091163095155453e-01
2.841436393255462045e-01
-2.770102863010492911e-01
3.771475503212455838e-01
1.374357302096005373e-01
-2.148242846938668849e-01
-2.722861309310324884e-01
-1.421383750590288209e-01
1.365708805167516193e-01
-1.928960086150233871e-02
-3.275889129768501662e-01
-2.215724593299366885e-01
-3.518388537650149472e-02
6.875987227134215674e-02
2.542398149435276533e-01
2.762154994534929964e-01
-1.108884247985279098e-01
8.104488804161527060e-01
5.611381487637422394e-01
-3.658042337480813533e-01
-3.783957497737642783e-01
4.984543042070407881e-02
5.862721541477893261e-01
-3.827135932756601244e-01
-7.356136156172888851e-01
-7.231978106878445001e-01
3.313828139833691067e-01
4.878193397928713981e-01
2.321917972149957765e-01
7.099388574937323115e-01
-5.780180229839930739e-01
-2.016801880238973665e-01
9.980018496927833827e-01
-1.088818382500968407e-01
4.971248487502563651e-03
-5.684260696955061309e-01
1.624419600863861723e-01
5.834706603613086517e-02
1.646760747665972358e-01
-1.911972838582113865e-01
-3.434749057638252223e-01
2.189012077163970393e-01
1.801627984154328121e-01
-2.159386205775062906e-01
1.486267948789590787e-01
-2.748719783044410447e-01
1.554945825561545314e-01
-1.375236298706121185e-01
-1.365108726162468922e-01
6.590888581446761874e-02
-5.156451982441838389e-02
2.601658308146527765e-01
4.111921238504576692e-01
2.217618408918891060e-01
1.902195080028775409e-01
-5.470677234044966225e-02
-2.069374482230030288e-01
2.087733432336971728e-01
-2.500227370833466578e-01
-2.084791798668078067e-01
3.148345988325932376e-01
-5.566433851203728828e-02
-6.929364688216138601e-02
9.932918044489290332e-02
6.754398805084971258e-02
2.436226192541246782e-01
-2.529379894953489583e-01
1.249240200437183174e-01
-1.835313086428981832e-01
6.065082024899176583e-02
-5.083561720974466569e-02
5.878252286062640025e-02
4.316439169162359923e-01
-4.342106894729501620e-01
-8.363123414041030712e-03
7.791418217548236047e-01
1.304273408075039831e-01
5.479588835829519999e-02
1.468378948034514964e-01
-6.022921044086368414e-02
-1.554965631472801646e-01
-2.553144366853922209e-01
-1.706901967153183208e-01
8.072046466171845305e-03
1.021024629989780996e-01
4.126229862004521243e-01
-1.070412168143100584e-02
-1.138225176520941684e-01
9.730345894090647318e-02
-1.070947404065041020e-01
2.055902769559192489e-02
3.008758243591859172e-01
2.784958314816150457e-02
-1.646365651083077641e-01
-2.711946724394729280e-01
-1.116427512257001098e-01
1.871532686008602619e-01
-1.036073770126910848e-01
-1.267149537418218452e-01
-5.858376737879472662e-02
3.826275383519913698e-01
-4.381909709967701794e-01
1.044415266357871103e-01
3.123305907686182992e-01
-3.975457703823465083e-01
3.120952747688106044e-01
2.306555868936786824e-01
-1.173310984701563253e-01
-1.175393416649232609e-01
2.429892913321880510e-01
1.302169967357530156e-01
-7.923452073934653117e-02
9.288524580930851426e-02
2.363099194996795549e-01
-2.588220554101076654e-01
-1.567618574757822236e-01
-1.233384235389782257e-01
-1.667377753563235032e-01
-2.594352069153313955e-01
3.666180114364234743e-01
2.294224883016056649e-01
-5.988019568079014365e-02
7.080604462746642458e-02
-5.875177474796017263e-01
2.232439209844964620e-02
3.577886472407960650e-01
-1.203142699229591411e-01
-5.603715315790404328e-02
4.628765987425564332e-01
2.140271819566124667e-01
-1.359784575424869968e-01
-6.739644055726037863e-02
4.616148968623932092e-01
-4.041765032727229756e-01
2.467133194074488944e-01
-1.599267333850143691e-01
-3.616055482013051658e-02
2.112405803890577138e-01
3.799736883767410589e-01
2.800073395939303156e-01
1.826384104083043081e-01
-3.617316147759161438e-02
-1.522813325099658111e-01
3.536425031740490499e-01
-2.115624134326023198e-01
1.543365794989273176e-01
-1.784708153907636485e-01
4.063120374017016312e-01
1.331900284924623645e-01
1.643415754894402836e-01
-3.819578222344530705e-01
6.230673545156031889e-02
3.347627020671646580e-02
3.608261856219824315e-01
-3.425727651042632105e-01
-3.732535709073330210e-01
3.399003880898798791e-01
-1.028824925093628356e-01
-2.929109151721429605e-01
2.273529689962353328e-01
7.683216049520320834e-02
-1.844013731541543633e-01
4.073517805999339880e-01
-5.543198434236557698e-02
-5.389063528270693348e-01
5.322597886319857530e-02
2.317710692171121856e-01
4.008982828499859652e-01
1.279156694620166013e-01
3.061189887785482622e-01
-1.972514883956270615e-01
2.457749177424948250e-01
-1.991437254939593116e-02
7.408573161710209354e-02
-4.096990402388697161e-01
-6.212256684141909124e-01
-1.481594798518300338e-01
2.973690945424770637e-01
2.950628331090708878e-01
3.979217370361599060e-01
-9.586096570478691570e-02
1.261675902274156380e-01
2.292029383803309006e-01
1.442777326335581700e-01
-1.349231165340238625e-01
-2.807364470414076552e-01
2.510167593168124434e-01
1.783512335917886715e-01
3.015290985932390644e-01
-1.045324617873445716e-01
4.163607574095479213e-02
-1.736524388097677452e-01
3.220169596127885336e-01
-3.283784012739622282e-01
-4.890027906947688741e-04
-2.136880775975342206e-01
5.519205479705092954e-02
1.755676179940637294e-01
-9.172491343724906154e-02
6.621347087624769312e-01
-1.281567380818531277e-01
-4.813394135456400963e-02
-6.298017446840115108e-02
6.510378143310811827e-02
3.743058616391862353e-02
-1.589177676341554935e-01
-6.906288520272130249e-01
1.139874530357930932e-01
1.895395512431165275e-01
1.297265188893580168e-01
-1.540356533363026470e-01
-4.938076746116428772e-01
-1.524275097712423366e-01
-2.606648570391338349e-01
-1.698195245574241757e-02
-1.462612126172533333e-01
5.174156391759363732e-02
5.056899326534148448e-02
2.820329174273526474e-01
-1.068399751250321689e-01
-1.557754420218220304e-01
-1.473148167832342148e-01
5.327347941509144036e-01
5.254625605428093760e-01
2.233733604724885136e-01
-1.497815895888151838e-01
1.667539607615916852e-01
4.993077408866383182e-01
3.496695363448708016e-01
2.079510568057972297e-01
1.269441100463457872e-01
1.984362063496987738e-01
3.947097555504364141e-01
1.081181087270870478e-01
2.073329981143531842e-01
