3.523864788359929445e-01
1.781985937133657993e-01
-1.961836134789016750e-01
-2.770332507883944140e-01
1.045610058054893682e-01
5.761856324265102192e-01
-3.115823094841814744e-01
2.185062262500255814e-01
7.643787196625066727e-02
5.851540103833323681e-01
-1.898555005554962427e-01
4.936572018234659520e-01
-9.073964739926587697e-02
1.858159010449566828e-01
-4.750750146568309962e-01
-2.778162348159192163e-01
-2.529469022923638288e-01
-1.246277228996016118e-01
1.160639531116752221e-01
1.430142419229515904e-01
-1.568930060776208002e-01
1.392812312890569140e-03
1.653012478854315737e-01
5.871882884626216104e-01
3.846250074563422605e-01
2.478462289794204076e-01
-2.435258920208021038e-01
-5.960578636366466697e-03
-2.919910210053252575e-01
9.507395219465877845e-02
7.480366817966030979e-01
-1.745749453064021628e-02
3.651545449646092512e-01
3.289933036889537421e-01
-1.837919540644924465e-01
-4.535055984754220448e-01
-2.696956500558425063e-01
-3.193770467856789363e-02
-4.452428162778606507e-02
-2.491139979449961128e-01
2.536518894475551233e-01
-1.813954967711293720e-01
2.956538320144045939e-01
-2.534305452016886173e-01
-4.312004471159719965e-01
-1.549459900356699171e-02
-3.394662297558612152e-02
1.809672527024863697e-01
-1.217624658936594662e-02
8.924219532435435920e-02
-1.846535839179783423e-01
9.477625944441010752e-02
-2.803903791311692095e-01
-1.021530017130673762e-01
5.112407005945825977e-01
2.334896455485753752e-01
-3.827020772479602373e-01
2.233205396078473126e-01
-9.612668274982411054e-02
2.661323710940084464e-01
3.339892400452062482e-01
2.683080069001819029e-02
-9.265252839250268102e-02
3.605277254976382850e-01
4.316300336093123469e-01
2.302947082814398583e-01
-1.557771150068012755e-01
-1.596378928126027663e-01
-7.113430523623523460e-03
3.714712651394556642e-01
5.309476927985473660e-01
-1.287714906391116132e-01
6.297404136258946128e-01
2.117321657743892471e-01
-3.403011404729336387e-01
-5.171641626743019859e-01
4.553110660334800941e-01
1.801160056644555141e-01
-6.093162020354320196e-01
5.378716477787182093e-01
2.810734044158747502e-01
-1.531471712545188213e-01
2.117846645651754733e-01
-1.183086439855752653e-01
-4.600005138797726434e-01
8.718802612651407880e-02
-4.444526619980634224e-02
-5.715476292867314179e-01
1.124568425329728304e-02
3.750218214368749026e-01
1.452804414267011568e-01
-2.299516534693574199e-01
-4.233648009227368725e-01
-7.461142836032910730e-02
-1.431450700018547795e-01
-1.831173962740101913e-01
-1.194398013438887074e-01
-5.223079053742266109e-02
5.150914477852061024e-01
5.202502004041265060e-02
-2.393132566990907595e-02
1.389687343878006631e-01
-7.036867397971638960e-01
-1.331192568831037204e-01
1.471189171293506570e-01
-3.349916935357038494e-01
-1.896235495963693313e-02
-6.547692462808862857e-01
-3.656623149011010154e-01
-3.566877639339500750e-01
-3.714731760895162438e-01
-1.445476941573279606e-01
-1.165591487096361012e-01
-4.038837877072797844e-01
-1.438105422714891501e-01
-9.172333987298685321e-01
3.134561465889004750e-01
1.338111166270468666e-01
-2.240803955317268725e-01
4.976254512605318703e-02
1.543742217108787784e-01
2.975070683010637707e-01
-2.431182763553052517e-01
1.784469535388177597e-01
3.887479496019458081e-01
-3.038004682794956390e-01
-6.419884781600454504e-01
-1.764818222649019996e-01
-3.549531011535822511e-02
-2.019542722210104224e-01
2.442793804176834893e-02
-1.244480202920490199e-02
3.145659317416307221e-01
7.909480222374004610e-02
-7.638467446842501785e-01
-4.273855963674287883e-01
5.090483944030885777e-01
-1.354602827980361524e-01
-4.740999675810801950e-01
-2.684151136147438499e-01
2.126083323719390461e-01
-1.247455800250698577e-01
1.000000000000000000e+00
1.875116970211148093e-01
-1.000000000000000000e+00
1.000000000000000000e+00
-5.420508305896667434e-01
-2.995496575330802713e-01
-7.559321805583973930e-02
2.690456960948022225e-01
-5.307930204484407888e-01
-2.598518120620257887e-01
-3.711648226254755656e-01
-9.224664839852585452e-01
-3.325691961772920813e-01
1.000000000000000000e+00
1.745997350202433407e-01
-3.678713107686162331e-01
-7.127969806178624523e-01
-6.794765265410649402e-01
-6.069245734639046042e-01
3.373174975852863411e-01
-6.352944505567615918e-01
-2.124591571285546210e-01
3.713231019681864642e-01
-3.271828258949090462e-01
1.262915311840312471e-01
-3.120342013649521906e-01
-3.001302897272301734e-02
-5.178162809756924334e-01
1.602732805528365445e-01
-1.289295624623904013e-01
2.712111474507648556e-01
6.777792507132787692e-02
8.121565774155242723e-02
-1.266393754332786337e-01
-6.392788022116250302e-01
2.573715852728871711e-01
-3.985663515759866327e-01
-6.545595054558761561e-02
5.333291030204266869e-01
3.152302146258805227e-01
1.923450989843632220e-02
1.691096057220045634e-02
-2.394262504516652679e-01
3.842004201913442052e-01
2.788278249450495960e-01
1.250269614969751475e-01
-3.440864792978970965e-01
-2.174895066889913908e-01
1.692527472089558893e-01
4.070484340388356714e-01
-4.623837805299593762e-02
-8.868423492935333108e-02
1.680779446738716633e-03
1.351303555437627923e-01
9.934519835043218450e-01
9.890751599463869503e-01
3.815917436384453354e-01
5.226633129697959568e-01
-2.379863883436504624e-01
-6.555030610567613714e-01
1.677757413529686326e-01
6.071406485938908304e-01
2.094916212476744255e-01
-2.050612001641698989e-01
-4.736669846287967084e-02
9.798864772499999987e-01
2.314551068472735229e-02
9.211825364858881871e-02
-3.884940934220867947e-01
-2.732968973216775566e-01
1.420071543023055938e-01
9.601322306456033795e-02
-7.691597893633406180e-01
-1.286910772438526473e-01
2.526485018388874293e-02
-5.287225020061155079e-02
2.615384382807675046e-01
-6.200508168227549799e-01
6.801019781642104745e-01
8.146869104234385484e-01
1.000000000000000000e+00
-2.730000855153801309e-01
-5.594147014283828989e-01
-9.161757639421308497e-01
9.674023999103719129e-01
-7.644685945252901460e-01
4.949032556394064586e-01
1.691798779913358530e-01
-2.999445572424261908e-01
3.904036987933610092e-01
-1.445077828839327061e-01
2.531023798369553823e-01
9.392697276603123591e-01
3.327005777553388999e-01
-2.383972450791309039e-01
7.010659926935016717e-01
2.180386087962766783e-01
2.036603270543138333e-01
-6.353328899837656918e-02
5.479042325730361374e-02
-5.056044786580223827e-01
6.551782192784565417e-01
5.454910808987460946e-01
-6.450552917097099881e-01
4.008131155676263324e-01
4.432364873256992022e-01
-2.536832902966774661e-01
4.064228744243001956e-01
7.306441059910500080e-01
1.129392375252052938e-01
-8.565684233980814799e-01
4.802206615372160980e-01
1.147562826731096247e-01
-2.380783959010862871e-01
7.696414407847964601e-01
2.540048980692562464e-01
-1.835718449137964114e-01
-7.090406325913164443e-01
-1.603080669634739802e-02
-2.652334020813293947e-01
-7.137918904136807130e-02
3.831262007145153636e-01
4.699340022744703527e-01
