4.610294138613875159e-01
4.723748940639463934e-01
2.799497507325701684e-01
2.374609037413103751e-01
5.115255477416492946e-02
-2.662147288814608603e-01
-6.922047479768139722e-01
6.241118276578349472e-02
7.164794073010355424e-02
3.196147982549704114e-01
3.179232044302766069e-01
1.094565625519711149e-01
-1.046370047810774584e-01
1.649243394802530072e-01
-8.419316712497561250e-02
1.734186257155385380e-01
1.041597941319465648e-01
2.756784275229602899e-01
2.782822444703603737e-01
3.822385427580558548e-01
-4.240812979983815123e-01
2.590401033682310922e-02
-1.315662974416343875e-02
-7.121217428496846857e-02
4.693513053625839732e-03
2.906272994921648700e-01
4.639633952521566851e-01
5.654222859084097053e-01
-2.422872054781212980e-01
-3.662531570142045778e-01
-8.927029616335537682e-03
3.036193678753110192e-01
3.967245233821325434e-01
5.107525658993647411e-02
-8.738657637508988330e-02
-5.754522831253499476e-02
-1.187231981411725618e-01
1.408581574274948567e-01
4.222131832393593576e-01
-3.264824830952638979e-01
2.024713308476054630e-03
-1.224964108334306856e-01
-3.806199960574404573e-01
4.225097369315924251e-02
-5.192366070228152108e-02
6.137194331968693906e-01
4.639811715222564303e-01
1.640161773205370543e-01
-2.388029977320566266e-01
4.133703899941786886e-01
-2.710419919231826236e-01
3.267773425143691846e-01
6.712366302915349081e-01
2.438026872124780808e-01
-1.764320124218725361e-03
1.316352556913090999e-01
2.111656962245360772e-02
-2.599818212133505613e-01
4.179757931867761900e-01
-5.275263072661542374e-01
-1.064252427838972004e-01
1.071139168011406989e-02
4.936084619454292333e-01
-3.017134557126249783e-01
-5.321525113926282025e-01
-3.599998555616458207e-01
-6.306196576033503698e-01
5.574989887473088754e-03
-5.638139611000075185e-02
-5.060243464125461221e-01
5.784179031245358926e-01
-4.000340157566567023e-01
-5.431474097249694433e-02
-5.482284222492888048e-01
3.813112605599276450e-01
-2.251668069156322616e-01
-2.239543088626670397e-01
4.309895650135263101e-01
-1.643540596795478592e-01
2.474918220607915387e-01
2.127543842404705787e-01
2.242020750392538508e-01
-1.507609533925889089e-01
4.626003280570333831e-01
2.213350619095608152e-01
-3.183196384882018559e-02
3.447497096884027945e-01
-3.727945678532347262e-01
1.896623839697100522e-01
4.556960200619316614e-01
3.717590110206170917e-01
1.789731969217099317e-01
-1.657810602815005252e-01
-2.399086344724125075e-01
4.204309381071969498e-01
-1.120211588292587684e-01
-9.308540641825122086e-02
-2.828768584357372329e-01
8.372091889997564096e-02
-4.120048665767908069e-01
-1.598406833723015896e-01
3.390753004784400337e-01
5.295056221647329031e-02
1.842279086364435325e-01
-5.588264137703722323e-01
3.636848682134535271e-01
7.070094136970972443e-01
2.161820269344158496e-01
-3.388183736732798823e-01
3.431800782921267529e-02
9.783076678219052025e-02
5.172499316191475627e-02
-4.527396644088159672e-01
3.702788937512843876e-04
-6.317783185295623716e-02
-1.950354980003034255e-01
6.217647865670227203e-01
-6.638442209703122876e-02
4.613166808390952722e-01
2.904415874265742215e-01
1.096772170079889919e-01
-7.415543407040511847e-02
9.561194863356352325e-02
5.541109148303682286e-01
1.236922038815959635e-01
-4.068017953375237944e-02
-2.762557006791004355e-01
-1.039521687554135765e-01
2.446530871538405427e-01
-2.552282320457693269e-03
-9.359917625483560322e-02
-3.273973667447893643e-02
1.252164483795014938e-01
-3.040177250593627534e-01
-4.323715735929598569e-01
-2.715228614144973157e-02
-4.882790496436197891e-01
2.008547194891494025e-02
-1.211911954843081923e-01
4.205299775182052002e-01
-2.323225948246512573e-01
-1.050597313482032891e-01
2.052967174681334661e-02
3.194217398849837908e-01
1.336793921715138077e-02
3.635220629536041748e-01
1.142480195001169957e-01
3.630318466189355053e-01
-5.248853320360703512e-01
-7.602007343172348386e-02
3.812306257648180874e-01
2.466866798130137595e-01
-2.898805460483576679e-01
4.694124899173939269e-01
-6.066003960619125168e-01
6.538935154643448211e-01
-2.770302611131044701e-01
-6.455579525162576104e-02
-5.239337665484750106e-01
-1.510231413123077626e-01
4.269886766900029551e-01
1.205477401416392702e-01
-3.094481882651779481e-01
5.542598692170684627e-02
1.571245586570556019e-01
-2.172721951775545279e-01
1.730871970294013407e-01
-5.858824255458158214e-01
3.390149429453277463e-01
-3.688856194160492485e-01
4.605240366348802294e-01
-6.549020975809682898e-02
3.637492117203127706e-01
-2.769248878510935929e-01
1.839621084351671931e-01
1.660277834522944362e-01
-4.735954737913013468e-01
5.423020003722381910e-01
-2.892395628847331812e-01
-5.518408567457235014e-02
-5.220988259892773709e-01
-7.080601594130653265e-02
6.115742387277433023e-01
-8.062122576177083166e-02
-1.260899852485352080e-01
-3.296017734140839206e-01
3.939351934402345878e-01
2.371281504357673209e-01
-6.153176165798021069e-01
-5.646928811751817934e-01
-2.892072006634563985e-01
-3.201700296419670577e-01
2.815406246375328214e-01
1.500041011883675168e-01
-2.590478942937921025e-02
-1.751600366182276547e-01
-5.145033142029804135e-02
3.783681063859329896e-01
-5.374569653232320610e-01
-1.986683626749050635e-01
4.932954891614195481e-02
4.383737070210810827e-01
-2.596945430481618633e-01
-2.652692904387140005e-01
3.537534666140766948e-01
-3.422801718994782916e-01
-2.070667958422629240e-01
-2.395275374479764741e-01
-5.713786173796103762e-01
-3.816502448606188258e-01
-6.330480094892438903e-01
-3.576467157601426750e-01
-2.536531630314404762e-01
4.421205066638658199e-01
2.283311114919276685e-01
2.344480519542301022e-02
-5.007806426038841074e-01
6.219533957459414397e-01
2.860981036761853225e-01
5.653711619769315883e-02
5.084580470092997517e-01
-2.326344846431951385e-01
4.950758242605688420e-01
-1.729715774810737516e-01
-3.348004904154238681e-01
-4.516926704689593342e-01
3.292053429780878449e-01
-1.023200524902543596e-01
-2.168217933988983992e-01
-1.377977134279990135e-01
2.208663828876143154e-01
3.589711641853576274e-01
3.591873567436449366e-01
1.980045486180171677e-01
-5.711904774439437865e-02
4.934017580309942308e-01
-2.116164859696499992e-02
-7.980180456707577363e-01
8.693147297347062485e-01
-4.482100454240252607e-01
4.195784779654906926e-01
3.330173357216710261e-01
5.440541182317455426e-01
-2.197604369796919421e-01
1.430888521585300110e-01
-4.744152865504686067e-01
-3.413046176218339361e-02
2.332524215589585059e-01
-6.187604458568728150e-02
6.606371287822349059e-01
-4.031186589537398279e-01
3.196372157968794814e-01
-1.959082186397394787e-01
4.593899433507257490e-01
3.452117217742128874e-01
3.830388762546668713e-01
3.949006766027852167e-01
-2.444533883734425345e-02
-1.802160852158337101e-01
-4.419045358064012663e-01
7.793787586055599126e-02
2.255102977352717863e-01
1.337241031244217060e-01
3.759953069085945204e-02
-1.515067274896758076e-01
