-1.426490071328748721e-01
6.047357967029287629e-02
8.258005094653553257e-01
6.195321283520787148e-01
9.047058305491173513e-02
3.414864895666989142e-01
5.220481862830994579e-01
2.664803519493914585e-01
-2.208577086821920110e-01
-2.468559710937398288e-01
-4.447857537724753119e-01
-6.330590240487077303e-01
-1.209904508118505306e-01
8.966105016931837923e-01
-3.391652737756085667e-01
5.848260370902842453e-01
1.616482464403830033e-01
8.762927801837934183e-01
7.307521690372291712e-01
-2.466587814294518566e-01
4.452171854893804959e-01
9.080978697205790429e-01
-3.269379476969473952e-01
-2.105636670531558785e-01
6.072097767465636231e-01
-1.169467548587634909e-01
1.769655654311597104e-01
-5.901418170773430338e-01
-5.177448660635830535e-02
4.842406849099187838e-01
-9.974510358585515490e-01
8.589351607891035911e-01
-7.769995580887227860e-01
9.953545528762517414e-01
2.951121328421122403e-01
6.437855243354368984e-01
3.806921352633445554e-01
-1.953205025946835871e-01
6.750226748136332056e-01
8.076584358993277313e-01
-1.000000000000000000e+00
-3.139396186766307828e-02
5.727544126256924883e-01
6.507559032352779049e-02
-5.995093384253163959e-03
7.941583455087481980e-01
5.433818934226839481e-01
-1.493402714195904146e-01
-4.771718615200579161e-01
5.299124191166519893e-01
-1.967848949312618057e-01
4.953011114990303332e-01
7.767098061839570189e-01
3.300016958207421247e-01
-3.451831276373324986e-01
4.688445399479091585e-02
-2.659746709515446728e-02
-5.708915468866539999e-01
5.793179554206191462e-01
-8.037453787129179572e-01
-1.138562561124954187e-01
-2.020183270860899383e-02
7.032371439727538309e-01
-4.798218317852476211e-01
-6.580787952787492401e-01
-2.842238300211704649e-01
-7.351178013775016007e-01
2.449195248388038593e-01
-4.910230540057401727e-02
-7.313032445900278233e-01
6.645105408084583942e-01
-4.138277503348299913e-01
-1.334053458838051764e-01
-7.603441346730845929e-01
4.964482323119482898e-01
-2.651253095254670344e-01
-3.892401812631127167e-01
5.124120912414527051e-01
-1.204159880906321700e-01
2.874788424640223328e-01
3.709598578646950973e-01
3.534577109632339176e-01
-1.259293542977441838e-01
6.989543755013197801e-01
4.343894399809941076e-01
9.793039867326833181e-02
4.583762388471059879e-01
-2.725194529789067843e-01
-4.719472619286685378e-02
5.745170154322704059e-01
5.486466707063764048e-01
2.607676698739324062e-01
-5.581735681837957791e-02
-1.079379623669090987e-01
6.615371575384230152e-01
-4.014085660193418559e-02
-2.016207721630177141e-01
-4.039833354094457540e-01
1.947218188591649524e-01
-4.618547309672911827e-01
-2.601199579138410156e-01
4.753620125352057690e-01
-3.783715451585734080e-05
3.238451108629512021e-01
-6.498138525756643746e-01
4.836866205762412885e-01
7.921558171996341269e-01
2.943483991661590138e-01
-2.835581561569660569e-01
-5.225041523518166031e-02
2.119166649750791331e-01
-1.470106617286548456e-02
-5.172339579354355843e-01
-1.120311032495794057e-01
-6.613187333965897530e-02
-1.475345812203987805e-01
5.779820521186650462e-01
-1.014049708358112298e-02
4.920980320259671914e-01
4.044039395596741859e-01
1.828280658747754445e-02
-2.456560545490708014e-01
1.860159860438442003e-01
5.902238915980790868e-01
6.448947216244561853e-02
-2.177717875662099623e-02
-3.731706971586615795e-01
-5.741760013310770461e-02
4.655267800245571630e-01
1.055448724601050908e-01
-2.247229751995485914e-02
1.002587282030172333e-01
9.453543349306461896e-02
-5.096044960146506320e-01
-6.607744156825138271e-01
-4.245722781438553139e-03
-6.033903556057650386e-01
-1.433521762889857498e-01
-5.286629052469116880e-02
5.250580035583882754e-01
-2.033752424996866370e-01
-1.309864404754281231e-01
9.993085312877643400e-02
3.802010386181529089e-01
-1.518111329446720885e-02
5.097827670240941966e-01
1.587831587829997837e-01
3.230278955148664921e-01
-7.348811265385339908e-01
-2.109409991482147917e-01
3.980506168201653483e-01
9.165053061303712889e-02
-3.073841914990097512e-01
4.414582252018299791e-01
-7.200547810219860567e-01
7.644901502740401034e-01
-3.961432277353564291e-01
-1.934983266649618616e-01
-5.209634907553757355e-01
-1.707366092668722024e-01
4.945871801459981176e-01
1.325835582942348490e-01
-4.798073304949596607e-01
1.320520635857277414e-01
2.490966497605694441e-01
-3.006094074976145003e-01
-2.945777764035914514e-03
-5.918867693684644049e-01
4.640671830816053278e-01
-3.886903252790542829e-01
8.784499589227094951e-01
2.670691519963815930e-01
1.925446876616949687e-01
-1.118749921415813642e-01
-9.420088528363637637e-03
1.737599087971977152e-01
-7.251434124142304150e-01
6.267128466976865653e-01
-2.644588077126865944e-01
3.871923169217163924e-02
-6.391419782746409206e-01
-2.357158170837859168e-01
6.409494690792536531e-01
3.068304758539660004e-01
-1.810425087602590133e-01
-3.964144339049681109e-01
4.673033764311416149e-01
-1.814296479338776691e-01
3.655106982564737539e-01
-3.817834039116289602e-01
2.453361136837717629e-02
-4.446553159491259954e-01
-7.840464344274802877e-02
-1.025336659798656569e-01
3.623990953851478208e-02
-1.424835767154596922e-01
-1.040713785971066341e-01
1.510898727207766190e-01
1.577155884053886570e-02
-3.674635367433356503e-01
4.724366620947557660e-01
4.133816542539101579e-01
-5.283258831907624575e-01
9.207048082006481504e-01
-6.699290128700263747e-01
8.976361381029911435e-01
-1.007210915314691313e-01
-7.892701154952148634e-01
-3.220903504809045081e-01
2.301942884365726361e-01
-7.634997275116828241e-02
-3.913019739917296125e-01
-5.806948508282947508e-01
2.512096953815279310e-01
4.729423723007584179e-01
-8.518301427307808371e-01
-8.309283096018436066e-01
9.586862059033414152e-01
-3.124861854241494097e-01
9.997936264640261417e-01
1.835540522189198498e-01
8.534219891087606591e-01
6.650838105037968351e-01
2.012584912135443604e-01
-7.763912859612611683e-01
-1.000000000000000000e+00
9.144010517764018520e-01
-6.532884620509860074e-01
7.824025567144494708e-01
3.442435595514137248e-01
-2.999445572424261908e-01
3.904036987933610092e-01
-1.453101110420473852e-01
5.696013748570671886e-01
6.453952078105034129e-01
3.327005777553388999e-01
-3.134960830891826422e-01
5.164637089216477239e-01
2.180386087962766783e-01
-9.113711112858169372e-01
-8.873682761373820060e-01
-5.712347712398258004e-02
-7.265203556100678917e-01
-6.732491378468878906e-01
-4.874712923276534049e-01
-6.637651375753554905e-01
-8.833579177442969499e-01
2.205745045583282771e-01
1.000000000000000000e+00
-1.041217471672271078e-01
2.130023855898921514e-01
-7.261609772313957212e-01
8.708243789220819764e-01
-5.142864833450124795e-01
7.764646174073863705e-01
-2.411981633846811413e-01
6.902111212537447305e-01
-6.478669717177916176e-01
-7.157050217118614555e-01
-8.333881189004415102e-01
4.332156397171285644e-01
2.385369793137459560e-02
5.643724497105007121e-01
-4.658805263852114908e-01
-2.420964658734252595e-01
