-1.426490071328748721e-01
6.047357967029287629e-02
8.991957151015874672e-01
5.531211038944902070e-01
9.047058305491173513e-02
3.414864895666989142e-01
5.220481862830994579e-01
3.404548837268394079e-01
-1.743337179691879513e-01
-2.468559710937398288e-01
-4.447857537724753119e-01
-6.330590240487077303e-01
-1.209904508118505306e-01
8.966105016931837923e-01
-3.391652737756085667e-01
5.848260370902842453e-01
3.180445316911940101e-01
8.762927801837934183e-01
7.307521690372291712e-01
-2.466587814294518566e-01
4.452171854893804959e-01
9.080978697205790429e-01
-3.269379476969473952e-01
-2.105636670531558785e-01
6.072097767465636231e-01
-1.169467548587634909e-01
6.939180490078022956e-03
-4.628867562064307162e-01
-3.597022772444459227e-01
4.842406849099187838e-01
-9.974510358585515490e-01
8.589351607891035911e-01
-7.769995580887227860e-01
1.000000000000000000e+00
2.951121328421122403e-01
6.437855243354368984e-01
3.806921352633445554e-01
-1.953205025946835871e-01
6.750226748136332056e-01
8.076584358993277313e-01
-9.316030812756863622e-01
-3.139396186766307828e-02
1.205580485367617194e-01
6.507559032352779049e-02
1.333124118471187836e-01
7.941583455087481980e-01
5.433818934226839481e-01
-1.493402714195904146e-01
-4.771718615200579161e-01
5.299124191166519893e-01
-1.967848949312618057e-01
4.953011114990303332e-01
7.947298763391235088e-01
3.300016958207421247e-01
-3.451831276373324986e-01
4.688445399479091585e-02
-2.659746709515446728e-02
-6.424635011954116237e-01
5.793179554206191462e-01
-5.540244147489687965e-01
-1.138562561124954187e-01
-2.020183270860899383e-02
9.454107255221052553e-01
-6.781493740470939668e-01
-6.580787952787492401e-01
-2.842238300211704649e-01
-7.351178013775016007e-01
1.400695433828683389e-01
5.938726448427204818e-02
-7.408758331470312042e-01
7.195691710411658004e-01
-4.138277503348299913e-01
-1.952929916555723455e-01
-7.603441346730845929e-01
3.442534823813024891e-01
-2.651253095254670344e-01
-3.892401812631127167e-01
5.124120912414527051e-01
-1.158087871761650373e-01
2.874788424640223328e-01
3.709598578646950973e-01
3.534577109632339176e-01
-1.536820360924479045e-02
7.986537813862908397e-01
4.343894399809941076e-01
9.793039867326833181e-02
4.583762388471059879e-01
-2.725194529789067843e-01
1.381929607216359213e-01
5.745170154322704059e-01
5.486466707063764048e-01
2.607676698739324062e-01
-1.302881046008185217e-01
-2.284429954775247240e-01
6.615371575384230152e-01
1.556299985865983171e-02
-1.049169566214950694e-01
-4.039833354094457540e-01
1.947218188591649524e-01
-4.618547309672911827e-01
-2.601199579138410156e-01
4.753620125352057690e-01
-3.783715451585734080e-05
3.238451108629512021e-01
-6.498138525756643746e-01
4.836866205762412885e-01
7.921558171996341269e-01
6.847038899433826042e-01
-4.615449332643110081e-01
-5.225041523518166031e-02
2.119166649750791331e-01
9.898074396476685965e-02
-1.436494452130830934e-01
-3.668775638339191042e-02
-7.578810258633237318e-01
-1.475345812203987805e-01
5.779820521186650462e-01
-1.014049708358112298e-02
4.920980320259671914e-01
3.633935125921403664e-01
1.828280658747754445e-02
-3.904583171763584271e-02
1.856241452286309102e-01
5.902238915980790868e-01
6.448947216244561853e-02
1.172380685908362419e-01
-3.731706971586615795e-01
-5.741760013310770461e-02
4.655267800245571630e-01
9.836110374182947119e-04
-2.247229751995485914e-02
1.002587282030172333e-01
9.453543349306461896e-02
-5.096044960146506320e-01
-7.087872651288391612e-01
-4.245722781438553139e-03
-6.033903556057650386e-01
-1.433521762889857498e-01
9.611490762968033508e-02
4.580687844382572149e-01
-2.033752424996866370e-01
-1.309864404754281231e-01
9.993085312877643400e-02
4.484549174656881632e-01
-5.841212230255118931e-03
5.097827670240941966e-01
1.587831587829997837e-01
3.230278955148664921e-01
-7.348811265385339908e-01
-2.562605002527466591e-01
3.980506168201653483e-01
9.165053061303712889e-02
-1.172036101980032663e-01
4.956171895636418689e-01
-5.766153304295454918e-01
7.644901502740401034e-01
-3.961432277353564291e-01
-1.934983266649618616e-01
-5.209634907553757355e-01
-1.707366092668722024e-01
4.945871801459981176e-01
1.325835582942348490e-01
-4.798073304949596607e-01
1.320520635857277414e-01
2.490966497605694441e-01
-4.463601276406513607e-01
-5.529685092012447123e-02
-5.918867693684644049e-01
6.807267166711108985e-02
-5.110285601682549306e-01
1.000000000000000000e+00
2.670691519963815930e-01
1.925446876616949687e-01
-4.632996674000355863e-01
-9.420088528363637637e-03
1.737599087971977152e-01
-6.867486441092798266e-01
6.267128466976865653e-01
-2.644588077126865944e-01
3.871923169217163924e-02
-8.559046586531046108e-01
-2.357158170837859168e-01
6.409494690792536531e-01
1.000708993360576449e-01
-1.810425087602590133e-01
-3.964144339049681109e-01
4.673033764311416149e-01
-1.814296479338776691e-01
3.655106982564737539e-01
-2.244330601388354052e-01
2.453361136837717629e-02
-4.446553159491259954e-01
-1.432991466429932581e-01
-1.025336659798656569e-01
8.321799006057069292e-03
-5.279970148808836861e-01
-1.040713785971066341e-01
1.510898727207766190e-01
1.577155884053886570e-02
-3.674635367433356503e-01
4.724366620947557660e-01
4.133816542539101579e-01
-5.283258831907624575e-01
9.207048082006481504e-01
-6.699290128700263747e-01
8.976361381029911435e-01
-1.007210915314691313e-01
-1.000000000000000000e+00
-3.220903504809045081e-01
3.309169959884322720e-01
-7.634997275116828241e-02
-3.913019739917296125e-01
-4.349107652760070275e-01
2.512096953815279310e-01
4.729423723007584179e-01
-8.518301427307808371e-01
-8.309283096018436066e-01
9.586862059033414152e-01
-2.449590058078089938e-01
1.000000000000000000e+00
1.835540522189198498e-01
8.534219891087606591e-01
6.650838105037968351e-01
-2.919980251085219081e-02
-7.763912859612611683e-01
-9.161757639421308497e-01
1.000000000000000000e+00
-5.228453891096462858e-01
7.824025567144494708e-01
3.442435595514137248e-01
-2.999445572424261908e-01
3.904036987933610092e-01
-1.453101110420473852e-01
5.696013748570671886e-01
6.453952078105034129e-01
3.327005777553388999e-01
-3.134960830891826422e-01
3.729046593632903139e-01
6.054211753801802542e-01
-9.113711112858169372e-01
-7.694395760991104005e-01
-5.712347712398258004e-02
-7.609681170275357509e-01
-6.732491378468878906e-01
-4.874712923276534049e-01
-6.637651375753554905e-01
-8.833579177442969499e-01
-2.172688325552801225e-01
1.000000000000000000e+00
-1.041217471672271078e-01
3.979858349846328025e-01
-7.261609772313957212e-01
8.848870197744991284e-01
-5.142864833450124795e-01
7.764646174073863705e-01
-2.297387845320613131e-01
6.902111212537447305e-01
-5.273609118393406403e-01
-7.157050217118614555e-01
-8.333881189004415102e-01
-8.488579563686171614e-02
2.385369793137459560e-02
5.643724497105007121e-01
-5.810668633336268929e-01
-2.420964658734252595e-01
