6.514908411164551660e-01
4.652876058055279707e-01
5.706643400307952474e-01
2.458912360604452452e-01
1.814972320967785102e-03
-3.250765261349478075e-01
5.963180056371947257e-01
-1.059124712100340260e-01
3.047475280835409972e-01
-1.860726457123979549e-01
5.212777025238407580e-01
4.883390371872632363e-01
4.774291379212583508e-01
4.596891244993408510e-01
5.713659416088637810e-01
-2.446476210404296137e-01
-1.009776805533970923e-01
-1.337516162897692262e-01
3.853468430082840346e-01
-5.509454355526260949e-01
5.365535453486589557e-01
-4.293765632500094742e-02
-8.161189357361946575e-03
-4.668523699325350385e-01
-3.944266663017092500e-01
4.056541049265812715e-01
-5.901459258813651632e-01
3.506020466595242135e-01
3.114628333828148854e-01
6.040351493118646387e-01
1.266407777206604579e-01
-1.224531366054803921e-01
-4.914568576919995380e-01
2.776249647063638859e-01
4.150268450980083013e-01
1.408548873807813524e-02
8.298877178377800368e-02
2.931822211100483244e-01
4.459318068088565790e-01
-3.728721837278640705e-01
2.011909414075720715e-01
1.780258565739659682e-01
-4.991156612544359050e-01
-5.255156786193859036e-02
7.217712792922202913e-01
5.799895197122461460e-02
4.072861085156164740e-01
-5.511192239149212968e-01
-1.319603977079845392e-01
3.882437465091397033e-02
-1.024033560457868197e-03
1.781911809254427825e-01
-4.781142833500630351e-02
-8.225598226126722146e-03
-3.513038715017957614e-01
-1.177788735406518766e-01
-5.907470643489768358e-01
-4.938288026389382468e-01
-3.344179687585490113e-01
-3.566421134285353567e-01
3.271859797871928821e-01
1.123845216693134808e-01
-5.977677186184641167e-01
5.110089348041181312e-01
-2.232528351278664780e-02
2.430047731803669231e-01
-4.387203269978150466e-01
5.111139842425091451e-02
-2.761322149261867254e-01
-2.707835894898234091e-02
3.973756961551151434e-01
-7.173608952064701727e-01
4.001733477564325403e-01
4.037739246829756268e-01
-4.775232815922195173e-01
-1.996998140418681789e-01
5.165102260922858068e-01
1.416437551391008104e-02
-7.416397769715013522e-02
-6.873031401238512972e-01
5.730589254660211074e-01
1.753636636499599499e-01
-2.194971701782911511e-01
-6.369868131835186853e-01
5.233597514758960845e-01
-1.655472274495292384e-01
-5.714603581914575736e-01
9.113167584882714278e-02
-3.609726386773133289e-01
-2.585574431298312548e-01
4.162399437830622828e-01
-5.888539090401194720e-01
-3.150386342360682601e-01
1.181471124379280535e-01
-2.959943871349678957e-01
-6.622085503500178827e-03
-1.647434224670223935e-01
-2.369362060510915302e-01
3.665502358220457113e-01
-2.955321190732334569e-01
-4.119806851493700850e-01
-3.912831465382103913e-01
-5.743056937761815278e-02
1.213698284199075106e-01
1.484674286147713296e-01
5.524578776733715668e-02
2.956282526030408128e-02
6.759405085532599333e-02
1.797628138033295075e-01
-7.352228863449150609e-01
-4.523045979705713759e-01
7.445468490624694569e-02
4.293743507681397897e-01
4.211435100510882434e-01
-2.536648408253185938e-01
-4.594222616903953504e-01
2.321311601400987690e-01
4.333841447265637803e-01
2.660541953720229613e-01
-4.479485665064258382e-01
1.052460750616380780e-01
1.959976345221465244e-01
7.206442336618595901e-01
-1.017272039137686462e-02
-1.212203531919861244e-01
2.840383355392381293e-01
-2.341699770645239431e-01
-2.942720982817516040e-01
3.119573587898557543e-01
-2.417273725820444710e-02
-2.955392727265179209e-01
1.300584427767753348e-01
2.413250711190225162e-01
5.209129878505425887e-02
2.885495842364228097e-02
4.612651290330840315e-01
-1.579964293940478437e-01
6.398906300939788405e-02
-3.449345363928001396e-01
-5.061668610481429020e-01
-2.530310035087309228e-01
1.660274658873346076e-01
2.446523774563844761e-02
-5.076819818939390938e-01
5.414883901816111011e-01
1.440018538675000292e-01
5.367941555577733226e-01
-6.551005334787375345e-01
6.276818720417982611e-01
2.723488114121206949e-01
-2.359309536837942423e-01
5.356534660619625132e-01
3.850970251367936137e-01
-2.064443537662920547e-01
2.819997477897085436e-01
4.335162557304895747e-01
2.352826992074706358e-01
3.573952500941406929e-01
8.060527998467517663e-02
4.488061472462420709e-02
1.993267042030057168e-01
5.742754562042350353e-01
-8.326721290348056137e-02
-4.788492891480145008e-01
5.483470541415247368e-01
2.603486861469081481e-01
2.483814865129256311e-01
1.326330742816331579e-02
-2.167160394307421911e-01
-3.754213280664305818e-01
2.853404072757249055e-01
-3.776320044348475957e-03
-2.776518984068462870e-01
2.528045228847023984e-01
2.549493213556940918e-01
2.265514790085147168e-01
3.534366633572867955e-01
9.571923284078770466e-03
-1.103759948604626437e-02
3.061950531115929797e-02
5.736503417325324872e-01
-2.183521211166974257e-02
2.707525356439392794e-02
-4.205277078045374650e-01
-2.336959135387688957e-01
4.389058668300215293e-01
-1.546001503677197908e-01
2.655991605822581869e-01
2.488972670910835350e-01
-4.351307737381376328e-01
4.038758601400507797e-01
-5.775148103368207830e-02
-6.746627387356393668e-02
-6.066098594410704314e-02
-4.054842977410592908e-02
2.066860660836125352e-01
4.338274246279461566e-01
-3.212492242443006907e-01
2.015655428109057734e-01
4.766498110725883031e-01
2.558421290131161485e-01
3.936160303258324777e-01
1.857663538260297120e-01
6.386387806933515598e-01
4.504842791347292708e-01
-2.307273431490588222e-01
-1.346093772168805713e-01
4.489755535772459172e-02
-2.072620883945660575e-01
-5.287790085194503387e-02
-2.069413528673144376e-01
1.932326071839787218e-01
-4.063454589170041875e-01
5.138440406579553033e-02
1.740674444984334768e-01
-4.617474998282094512e-01
7.676252919221314419e-02
2.819290948327453084e-01
-4.466596819714171995e-01
-6.313758953753859648e-01
6.532388608483272741e-01
-5.442324855732322275e-01
5.315688611819429088e-01
1.242641721749352807e-01
6.871012230982955771e-01
5.235859096250194966e-01
2.527072432321141315e-01
-7.432289088996604232e-01
-6.097185118059466058e-01
5.742163945502084532e-01
-1.704107627770095890e-01
4.120497836053738094e-02
6.335509492345648974e-01
9.246205567147554316e-02
-9.100583021839886433e-02
-4.882835751946213998e-01
-1.655243115365790940e-01
1.966605697632496652e-02
6.989658542218468718e-01
-2.745661244263008505e-01
-5.663535291489152357e-01
4.222147547211846375e-01
5.784551644241117119e-01
-4.771691722732387397e-01
-6.381720837590020290e-01
-3.731887219440266357e-01
-3.683245403622742442e-01
-5.518678264255076904e-01
8.264849390458773870e-01
5.515468957334567213e-01
-5.084787111661326353e-01
5.377655304644709533e-01
-4.707139145173622197e-03
1.290077427896149098e-01
-1.111843165257262872e-01
6.434907798552160774e-01
-4.895424350097147270e-01
3.860598452491549315e-01
2.233844917343643377e-01
-1.130672230398816203e-01
3.623972131446457356e-01
1.603949054129958501e-02
-2.147834580698070039e-01
1.691936697249977473e-01
-2.138250427714070978e-01
