-5.918874654500869692e-01
7.822578329284973764e-01
-5.866443818039512870e-01
8.478116890219355994e-02
-5.977601133391530208e-01
-6.407531835624211691e-01
2.927045485790036317e-02
-3.786672917413469452e-01
5.345369579088706802e-01
-3.854240390694352314e-02
7.705729340063500743e-01
5.527182157973022925e-01
4.973658406534839926e-01
-1.157549423372177810e-01
9.838941401753547034e-01
-5.208621436474760724e-01
4.933309825562393058e-03
1.000000000000000000e+00
-6.296914367923627243e-01
6.686977274121297388e-01
-9.248631920801237971e-01
5.924801911047352654e-01
-3.572847320524943360e-01
-3.564200306388725092e-01
-9.926144820648423739e-01
-4.013790693994079284e-01
-8.463998497650893071e-01
-3.967377284716122610e-02
7.404081377548138443e-03
-4.041839870925774125e-01
8.929453432090728171e-02
1.306057341454132104e-01
-1.214879168069971094e-02
-1.615856802212756183e-01
-1.875913522006192324e-01
9.044728351385029619e-01
2.813745226818282763e-01
-6.371365936383406314e-01
-7.067039824256107217e-01
-8.177752068294945609e-01
7.318159360538341041e-01
9.110064331063789655e-01
-2.917696130218327966e-02
9.346077277237392344e-01
5.824546241267662960e-01
9.531555929336750221e-01
8.506001228020254601e-01
4.797207102700418169e-01
2.895995342820263385e-01
6.985795137407813105e-01
1.112759171163562044e-01
8.852931970700035347e-01
-6.792779527251930904e-01
-6.200765469554609943e-01
-8.084477349338929919e-01
4.494631180130683745e-01
-8.043749569923239751e-01
7.653483351809724500e-01
4.772277878442736654e-01
9.435340759357035978e-01
-2.304062243629512174e-01
-5.957050944144004490e-03
-9.891010121366499153e-01
-3.728579931239515144e-01
-7.322795926097014352e-01
-9.485132814376115440e-02
-7.348734047832643501e-01
-4.031396272684277804e-01
7.874502281232063083e-01
7.713855589611211538e-01
7.832469303764821866e-01
5.533156594137134121e-01
6.324748822645627211e-01
4.413513818406860079e-01
4.445096273057611569e-01
4.107733382654910059e-01
-5.109412349871020886e-01
6.629248164906620389e-03
7.695053009836081426e-01
3.947983619914394726e-01
-1.941651321495465599e-01
4.376221538391000809e-01
4.624879967697794747e-01
-8.308836182738945642e-01
-7.767009076783366606e-01
-8.449778893656159084e-01
8.280723262996099177e-01
7.107747129445762813e-01
-7.337464118583243433e-01
-9.552081503819680464e-01
-2.735200127388881519e-01
-7.307288177143642649e-01
2.977468206422098085e-01
8.246232294876578717e-01
-3.640138493465696623e-01
-7.441908922334836696e-01
3.166350001491902155e-01
-4.415281999487836728e-01
3.402519865061963689e-01
3.234462889754257109e-01
-7.901434085301470844e-01
-8.891211311763900227e-01
9.789161841742615167e-01
4.149923457630526613e-01
5.662150504096590264e-01
-2.490312516748538485e-01
-8.489606499122275274e-01
-8.587091087046760940e-01
-9.081777477900647710e-01
4.057902708394148794e-01
4.713549511057113506e-02
-8.598926158429640587e-01
-5.020741651843623199e-01
9.324061801437384389e-01
1.232330307038298489e-01
-1.116341795280657856e-01
7.377739710944437590e-01
4.542820921681136603e-01
-9.135148484077506570e-01
-9.883876796102674112e-01
-7.847779744141910596e-01
-2.394199120886246202e-01
-8.800640078427195423e-01
-7.958369735256627386e-01
5.617886657536761419e-01
4.266551062811247963e-01
9.136274139891937818e-01
4.218529987248784696e-01
2.945166699836957447e-01
-1.350174882398240683e-01
-1.000000000000000000e+00
-2.910360013809707436e-01
4.687406398535669538e-01
-9.270242007793497163e-02
2.043290291131893976e-01
-8.172577796816946627e-01
-6.077543940324141580e-01
5.473114099979399239e-01
-6.699145600731830630e-01
-6.978259571328804256e-01
6.578581048239489082e-01
6.451743300720571561e-01
3.412375156960667510e-01
-1.872644704985100272e-01
6.674800045551148031e-01
7.418713662950446874e-01
-7.786108698167877318e-01
-3.743655255342526189e-01
-7.577173765932372351e-01
-5.595756157405940012e-01
-1.201976122116577006e-01
-8.728019443483354678e-01
7.166959905833322209e-01
-7.487928890649697689e-01
-3.095281597623926739e-01
-7.107406518005594531e-01
7.497084330021739351e-01
5.975181172923701434e-01
-2.821764503111917066e-01
4.543830198429819056e-01
2.358177835750081552e-01
2.899281802765614202e-01
-2.020324263288051370e-01
1.707249014718614788e-01
-1.951734744233193375e-01
4.570459384406395653e-01
-4.189351530340261753e-01
-9.714725588309142124e-01
5.646817408595341536e-01
-7.553610712321696674e-01
9.986545790452572291e-02
1.572191145908286014e-01
-9.236280756233063993e-01
-2.348652933611734550e-01
-5.994289748344474589e-01
-2.041299622043412643e-01
-8.185063235411242921e-01
6.419427684616851870e-02
-9.236008147022725101e-01
-7.750000524564835125e-01
3.796123772788971840e-01
-4.990754734439131202e-01
-8.938390868786041388e-01
-3.486927418619312213e-02
7.350791691294051855e-01
-1.962848415997258122e-01
-5.879139524049183940e-01
1.396512348536760317e-01
-9.093076000909112722e-01
-9.317019815024150109e-01
3.881902492479238909e-02
-5.543662447128712145e-01
1.034463037825132936e-01
3.971864446893460521e-01
1.932797517888191763e-01
-7.132926809347210906e-01
9.068266788744141493e-01
6.234871745187930969e-01
2.353878908277595716e-02
6.237677155895264836e-01
7.315956570219344091e-01
4.897030061652630772e-01
-7.533375433032600821e-01
4.887406127092077668e-01
-4.594689450638176353e-01
-3.072327553930607191e-01
5.102403436040328089e-01
7.220700712633429941e-01
-7.116324905598991890e-02
6.467949685715972397e-01
-3.216015368548488240e-01
-8.122752312907866035e-01
-6.599299021282516442e-01
8.621849927470550679e-01
-5.076765465761057250e-01
-6.229189923275058050e-02
3.114919196539465140e-01
7.189450270839519153e-01
-1.851435687198603741e-01
9.423421142773138470e-01
8.250763223538530866e-01
6.124115181723759349e-01
1.805281816119590488e-01
-4.280359755248235309e-01
-2.729608988416949433e-01
4.226433293702884786e-01
8.006278902210062220e-02
-1.731210749494861145e-01
5.814196689781070404e-01
-5.439425347388953114e-01
-9.700801495303807975e-01
-5.278264925738329616e-01
7.931009540123489243e-01
-8.473478753031549182e-02
3.894581746614081963e-01
-9.595452024562831639e-01
8.218529659061724058e-01
-7.024132595789887024e-01
-1.158785222213396943e-01
-9.700474966454002423e-01
-9.394429079175738995e-01
-6.346990191046977259e-01
-1.277629310523968886e-01
-1.316221322498434265e-01
-7.706092875829351208e-01
1.000000000000000000e+00
-7.217984846068592475e-02
8.601522131633547730e-01
-3.288574396622858664e-01
6.072548544338242371e-02
-3.969681142803060947e-01
-1.491613366041852906e-01
2.081946865945420999e-01
-3.273733657121382645e-01
5.606943573774401113e-01
-5.093875813944337416e-02
3.524912923297340850e-01
-7.625084899517242665e-01
-8.617101328997117671e-02
-2.274573450518122542e-01
-2.011469452804193203e-01
8.047275872244918915e-01
-8.199405743558616511e-01
9.344834500606724603e-01
3.351104127818047562e-01
