1.631302345647592800e-01
6.127655885344260311e-02
2.199904989392593990e-01
-3.280065549493475785e-02
-2.030510282907272909e-02
-3.221904547155556298e-01
-5.750451389770284694e-01
-1.824665961007354842e-01
-2.387145409798612783e-01
-1.850261992206709838e-01
3.148231765872847032e-01
-1.091320817791308628e-01
-8.440681305761746356e-02
-2.263988614706079483e-01
2.207742781628330153e-04
-4.043199075163631667e-02
4.157279562818128604e-01
-1.932678576962578998e-01
-4.037709873037888947e-02
1.930231256865283240e-01
5.229014310738435700e-01
-2.216838822990594704e-01
5.890381073205951112e-02
2.065605178660769869e-01
3.719788082992580014e-01
-1.008437771798841170e-01
1.221297091258046752e-01
-4.654537939623190068e-01
4.929746905886349395e-02
-3.926126492336669549e-01
4.219641036429260250e-01
-1.026041063894888167e-01
-3.711721621950388184e-02
1.392403526637874533e-01
-5.730998899375807643e-01
1.727514182435275214e-01
-8.019436319479730790e-02
-5.115752481770529103e-01
1.676659065859918418e-01
-2.217911906842270353e-01
-7.128445921802275542e-01
-3.294041544503966135e-01
5.780011892072731694e-01
-7.553510064918932121e-02
3.996640880771396009e-01
1.283082017298403377e-01
-1.789770834112106718e-02
-1.832740289012231849e-01
-4.183234874941519910e-01
-2.978442319917656289e-01
-1.086746982975190234e-01
-3.984292816269719983e-01
1.381579574556177359e-01
7.206369594407860402e-02
7.454277712765221553e-01
-1.826256003145505236e-01
-9.833222558594463258e-01
-1.417149667403779234e-01
-3.128694587085206064e-02
1.411364458195667193e-01
-1.762278628833671978e-01
-3.068962111409372917e-01
4.093949942975787515e-01
-1.388468686750391756e-01
2.284575123549876241e-01
-5.674726815639488109e-01
3.347984584317729162e-01
-3.456954421209197381e-01
-1.573245051642175596e-01
-1.475786015862133316e-01
3.494558199088664691e-02
-6.430637318432040894e-01
-6.267991688691357255e-02
7.367018839291158416e-01
-5.198284026116164469e-01
2.635768898296874108e-01
-2.989949007658693758e-01
-4.869809459447908551e-01
7.396933408573876101e-02
-4.086827162705451433e-01
4.466762617668683100e-01
-1.607777882977718120e-01
1.978642114450060441e-01
-7.847517400678326316e-02
7.062823419251320622e-01
-2.783323196829879387e-01
6.602037157232903963e-01
-1.528734621407906724e-01
-4.968985108768812498e-01
-6.048552807863170067e-01
-3.902925144544233116e-01
-3.978104141462766585e-01
-2.521580770854904285e-01
-6.873778740500801065e-01
5.173473191520788772e-02
3.012735754911528840e-02
4.048832831518343056e-01
-8.952501315372706978e-03
-4.966448037117268122e-01
-2.599784767406052716e-03
-3.273718986138842713e-01
-3.925190733363375650e-01
1.612093480296578063e-01
-2.775538021594827764e-01
-5.474088860994299338e-02
-1.317769904439440587e-01
-1.524983040246839228e-01
-4.746491730437156220e-01
-1.109304553703855667e-01
2.569986603874893083e-01
4.436013242263979195e-01
3.497467107995416713e-01
6.582507481231286706e-02
1.847668066991890456e-01
3.595035843543142873e-01
1.000000000000000000e+00
-3.636745045577223778e-01
4.523651273407627849e-01
-9.534686785543992904e-02
-4.326636890386847956e-01
-1.724711096450001757e-01
-3.050697651173419067e-01
1.154175494846693267e-01
-6.030897335191318653e-01
5.644218332028403395e-01
2.353225584072816123e-01
3.601909596683367520e-01
7.970701986435969610e-01
-7.543260582999432307e-02
-1.464143315427736125e-01
4.234145868808347202e-01
-2.825740563781479753e-01
-3.766063936850149729e-01
-2.493284649612407533e-01
2.805768975535595788e-01
-3.817786255630458703e-01
-6.368140148621644903e-01
6.834807943384078044e-01
-5.241299027446692099e-02
-4.814115290878853148e-01
-3.015312553979261345e-01
-5.906344387856931055e-01
-1.788855173307918878e-01
-1.348730164952944566e-01
-4.049309598327542892e-01
-2.139732671958387289e-01
5.351108767329173510e-01
3.559761614717751876e-02
5.708609879887653615e-02
5.550336737913127427e-01
-1.393004208201187866e-01
1.183571810214951309e-01
1.424497950873105379e-01
4.118816325831710090e-01
6.921905144758603301e-01
-1.722444399209897281e-01
2.224966966772025101e-01
6.948656635308539942e-01
4.628972172763896609e-01
-2.704984364526150098e-01
-2.175933100524106156e-01
1.227570734547095976e-01
-2.114206894820907234e-01
3.007930804295985139e-01
-2.491841069800651218e-02
-5.809292459169734801e-01
5.290102725137504347e-01
3.605165068095448344e-01
2.300867222529406342e-01
-8.445530723701695497e-02
-8.484299472731873237e-01
5.819028371659301646e-01
-4.815039663251158841e-01
-5.755085164653060970e-01
-9.825043178200310034e-02
1.073663792819282287e-01
5.106717578254162948e-01
-8.653634956563754921e-01
3.729399884917058428e-01
-1.050602523694609963e-01
2.470996218233565966e-01
-3.200101423437006765e-01
6.660036751233063823e-01
2.341446469538434050e-01
-3.375463763425533559e-01
-1.481649010933410171e-01
-8.074123447704426582e-01
3.293634000488767644e-01
-1.917574392141252471e-02
-5.220948524465548468e-01
-5.903255060653547215e-01
-4.410240060451793287e-01
-6.093508762218236008e-01
2.498739090564054965e-01
1.560634903960178010e-01
6.834395428307963316e-01
5.911173078264719827e-03
7.306230534267409427e-01
9.690690955580176791e-01
-1.830667448491456462e-01
1.238375077979674832e-01
-2.939471824676567757e-01
4.832546610287880573e-01
-1.949088976111748861e-01
-5.510518445126660891e-01
7.360933158336466775e-01
-4.660646266189582554e-01
-1.429452991091787195e-01
-1.352328902961859036e-01
-1.405067887804341276e-01
3.372919541045651393e-01
-1.904562826076273974e-01
-8.743884512814856236e-02
-4.062969249800230109e-01
-5.967604772838204230e-01
3.042809992607665714e-01
8.342656569548807799e-02
8.580589550841748459e-01
3.360457444357706769e-01
7.286984053884927592e-02
7.310460107104393979e-01
-2.754962056390435343e-01
-7.157918289192746197e-01
4.236139395087267778e-01
-3.502366961079745877e-01
5.189783900394762117e-01
1.390928488727914969e-01
2.303997905468957164e-01
-1.097032930456699473e-01
5.037053690489378122e-01
-8.577167645258825246e-01
-3.143302160210666996e-01
-2.920280044960286148e-01
8.523913311044590824e-01
3.773766891746019869e-01
-4.999489575501410710e-01
-3.710824946727428464e-01
1.155511390935077265e-01
1.261806392599449655e-01
-3.392198675914090966e-01
1.351270899638631548e-02
5.671091943515671474e-03
7.290998119571378000e-01
-2.753317551935893781e-01
3.333085242619617805e-01
6.465480513830504927e-01
7.806430006965251467e-01
-6.543839745000928909e-01
1.471427440153725841e-01
-5.317233604745362774e-01
-7.077272686720568196e-01
4.945725765132442664e-01
5.636283147465530607e-01
1.696249335699333005e-01
3.193977759693344964e-01
-4.024830733594053078e-01
-1.187157162984462944e-01
5.135085443714164644e-01
-1.419666309638012436e-02
-3.462601781775304643e-01
-1.277566800744887321e-01
5.704123639088826137e-01
-5.347119895796801359e-01
-1.572159529950004075e-02
-3.071790028898228886e-02
