1.226901475022537935e-01
7.092333517691526423e-02
1.527148241820645569e-01
-1.627144528212975949e-02
-2.477862213565115365e-02
-3.238749752754901956e-01
-2.038740600978309336e-01
-1.956566152914255285e-01
-2.370303411764441148e-01
-1.809125087166195689e-01
3.041047161885208627e-01
-9.802199160655718224e-02
-9.019816424621338036e-02
-2.168823956549598697e-01
1.786145663697149069e-02
-4.677830996603481173e-02
4.050432086698740330e-01
-1.768865419666150185e-01
-4.526444896604877449e-02
1.943980255286068548e-01
5.165895988786439741e-01
-2.112105244019746308e-01
3.575119237760713414e-02
1.816778257208098712e-01
3.512727246480986665e-01
4.043552079529355026e-01
1.020434000517354001e-01
-4.486253888697618875e-01
4.323632684321983277e-02
-3.897310323819417888e-01
1.631881201881107413e-01
-9.991554234531421774e-02
-1.988205087509206659e-01
1.399844146105121978e-01
-4.383771798596292069e-01
1.672948827109261571e-01
-7.388754335777034110e-02
-5.071240478472354152e-01
1.529386461049332402e-01
-2.369149477280215188e-01
-7.114301785793473165e-01
-3.051952701680143987e-01
5.607132998479618102e-01
-4.467795012670518207e-02
5.066860696041970424e-01
1.093599483212731593e-01
-7.759318056351985349e-02
-1.567723710185535690e-01
-2.878988024206165508e-01
-3.025236818024781837e-01
-9.796381775458995467e-04
-3.893045437220726823e-01
1.326502967285211332e-01
5.585156620155433405e-02
7.434532592137398366e-01
-1.614719205992766193e-01
-1.000000000000000000e+00
-2.173084804670137316e-01
-3.870786250700291031e-01
1.201624099575384907e-01
-1.819399976668135688e-01
-3.220913005527709094e-01
3.945188787732424318e-01
7.999188955077424223e-03
2.448794076857482294e-01
-5.927606633839955785e-01
3.323779532185023866e-01
-1.564606035571008968e-01
-1.498534534270966889e-01
-1.558368454375049783e-01
3.833040007108974578e-02
-8.073401380091400625e-01
1.700261171380047787e-02
7.051153537458756393e-01
-5.043123847854218411e-01
2.681355073069671135e-01
-2.805606439290958543e-01
-4.699783683253455635e-01
7.832609849062335816e-02
-3.972152967940217883e-01
4.544365671753511360e-01
-1.625713525892386602e-01
1.838318287382658123e-01
-7.666160564816112966e-02
7.160815273325513708e-01
-5.862936361040034239e-01
6.309870553363323697e-01
-1.152773791957325267e-01
-4.765462127121165015e-01
-6.014225954338481284e-01
-3.870689100890181145e-01
-3.792736756526764452e-01
-2.419366951468920890e-01
-4.953526800446019229e-01
3.960530395628837630e-02
5.041858272614449521e-02
5.392772914861256872e-01
1.324319792034623494e-02
-4.887367025065083581e-01
-6.690481211673954265e-03
-2.678704503818462035e-01
-3.719144767901783610e-01
1.655950301857445350e-01
-2.803339229445467873e-01
-2.373353028762026362e-02
-1.659576948447917810e-01
-1.290424100737805335e-01
-4.835227237166493941e-01
-1.054809483428901379e-01
2.536305518348418997e-01
4.282075887633735034e-01
3.219101215604402988e-01
-8.013623781727222117e-03
6.537727458482689435e-04
3.567704789480852234e-01
9.633530146697074636e-01
-3.687190234083705942e-01
4.142162577826602465e-01
-1.126394273230675314e-01
-4.105153236475239664e-01
-1.279383901684957581e-01
-2.544360944088781551e-01
1.125596418507712054e-01
-8.868091136953075715e-01
5.413720508317563240e-01
6.045585302236544667e-02
3.318670543807015760e-01
5.532842845180467872e-01
-5.199426905346284794e-02
-1.300881890873287206e-01
4.129135071497122000e-01
-3.142875786703376306e-01
-5.014502827661464490e-01
-1.991592601379051919e-01
3.674053752983593157e-01
-3.528122506471422781e-01
-6.343875785261542388e-01
6.716755520490316211e-01
-2.233982721778056402e-02
-4.801374329149876163e-01
-3.356122249244497535e-01
-5.916871877637227550e-01
-1.516336131845125168e-01
-1.625508352088834152e-01
-4.160455173267432749e-01
-2.206813729117315381e-01
5.558466403121472554e-01
4.124133251417878149e-02
1.810391179583434665e-02
5.626123814601475814e-01
-1.218405159187483933e-01
1.299483865794294757e-01
3.317567085415750738e-01
3.525458391070186437e-01
6.849835921688072204e-01
-2.476494923506947499e-01
2.622555044420609160e-01
8.953418755914577254e-01
4.674036392224955039e-01
-2.791086087491232437e-01
1.139946084225179623e-02
-6.075588548338839434e-03
-1.968177308263290015e-01
3.169650998446790768e-01
5.513336722426750991e-03
-5.852519196000245394e-01
7.111578964434893679e-01
3.633217986409246758e-01
1.834243484506077604e-01
-5.782794365678569498e-02
-8.347780507708216780e-01
5.058395941560122067e-01
-4.708820119409536376e-01
-5.673889653187995652e-01
-1.289523890554368224e-01
1.020057021368408201e-01
4.860323845517663388e-01
-8.568477305574827563e-01
4.208118441146886379e-01
-2.904869333108987470e-02
2.369573319381935439e-01
-2.742685144392221219e-01
6.769702784750966096e-01
2.865903040672051483e-01
-3.554042222916631300e-01
-1.514671779296752341e-01
-7.954039323771411318e-01
3.014927767579452800e-01
-2.342519496510346577e-02
-4.735645489541170372e-01
-6.191451270384424888e-01
-2.075314245481630349e-01
-5.961682777545771472e-01
2.176198589773581382e-01
1.720946988333797445e-01
6.981792679902717458e-01
3.649134513402217672e-02
9.307718250982253139e-01
9.673791137855163313e-01
-2.360727063777581791e-01
2.873199461222060713e-01
-2.664814273884898443e-01
2.739506422096985583e-01
-1.812424552143329093e-01
-4.798728020735477662e-01
7.419234083399681712e-01
-4.730917650831022447e-01
-1.968008608356165423e-01
-7.937275352228796710e-02
-1.162900436844437474e-01
2.898224673056465361e-01
-2.220980080635653608e-01
-8.981749305244549064e-03
-3.661654232905954265e-01
-6.068355508654539321e-01
2.860446453299400615e-01
7.677782081688080962e-02
8.610591386183104046e-01
3.565192186315414569e-01
4.283110028686834547e-02
7.074643014995427581e-01
-2.853739219459898724e-01
-4.903372764352663671e-01
3.922340150126627512e-01
-3.932400326851777650e-01
5.519397739221446608e-01
6.673081381991330385e-02
1.673806491849023637e-01
-3.090669805997474373e-02
5.394037767085356760e-01
-8.592891579668350266e-01
-3.138149708862680853e-01
-2.765606339438478889e-01
8.395292953162982741e-01
3.552481732063317299e-01
-4.461770841472116889e-01
-5.547544006324215404e-01
1.265146450973136660e-01
2.023245524863896416e-01
-3.613425628934994194e-01
3.429668655076847927e-02
3.499807967631965999e-01
7.099483244775601776e-01
-3.370364992890129696e-01
3.022775947654740003e-01
5.612186340653126937e-01
7.084355496285231757e-01
-7.638679894474484922e-01
-3.950829946533956916e-02
-5.398509748397892771e-01
-6.945491796728473499e-01
4.730715685964149708e-01
5.768207869055187453e-01
1.398290411980948889e-01
2.453649063192975543e-01
-4.219667502234809575e-01
-1.630881657030107679e-01
4.925276902139978930e-01
3.534622627735842237e-02
8.993363750496480291e-02
-1.164558840604996703e-01
5.585416948937609316e-01
-5.483124267359265058e-01
6.901970621645357046e-03
-3.048473563534409569e-02
