2.542130743950472560e-01
7.573414206944848459e-01
-5.825027476418138672e-01
-3.081382221805890609e-01
2.918944082460118716e-01
-6.471976810121433665e-01
6.598675838168256425e-01
3.424439551140019411e-01
-1.000000000000000000e+00
2.803329308121876307e-01
2.651925472971103925e-01
2.959891870232957967e-01
-6.980828108536920595e-01
-5.678214126409789619e-01
3.497355079715740445e-01
2.694786975545352403e-01
-1.697614276294162616e-02
8.064048602312717806e-01
-7.538597937441510188e-02
7.220184307696214665e-01
-2.157439023563507974e-01
-9.784305636695422859e-02
5.309383774375748821e-01
1.620253106947326660e-01
-5.923554368833339190e-01
-6.708569785495361870e-01
-4.960364163663569248e-01
-4.824154827277871149e-01
-6.600522247839806234e-01
-8.164562124434955326e-01
5.450603850828426022e-01
-2.579307652764589731e-01
-2.860617692258542455e-01
6.056484734544788084e-01
-3.906933499126367115e-01
-6.484587994958137536e-01
3.633634029954890265e-01
-6.437903566425977608e-01
6.419611943152186972e-02
6.096848633625938652e-01
-4.486957916670928359e-01
7.030265679642756504e-01
4.357914170801955867e-01
1.997600064949370813e-01
-7.798398269782361170e-03
-2.543958864955497279e-01
-9.129676383208652490e-01
-1.056039682316693429e-01
6.866626382164281450e-02
-1.606564581597860197e-01
6.010636544147997945e-02
5.035018068716536899e-01
1.565419916137672507e-01
-5.765035280629022818e-01
5.528214426190597441e-01
2.111264238392024373e-01
5.702351282881783501e-01
-1.743273774917154795e-01
1.882194163936791176e-01
8.241462494070087574e-01
5.662012729350435203e-01
-5.534523325650754222e-01
4.397406859064831308e-01
-6.958643034332352428e-01
6.454694128841410583e-01
6.706890208737106285e-01
7.530392093725750691e-01
1.462780480741274897e-02
7.921650787550102990e-01
-2.227690446954462555e-01
-4.297876719716824945e-01
3.521768104908169078e-02
3.354470446975014730e-01
-7.702876039556191268e-01
-7.324927572963513267e-01
1.756539774972432355e-01
-7.321068662609573341e-01
5.126839125285651555e-01
6.385769454995562366e-01
-1.037636847138313223e-01
-5.823541001258269317e-03
2.594467267317066561e-01
3.419612449835638390e-01
5.598520583604666978e-01
-5.902851924666437933e-01
-1.371211861407097277e-01
-3.100880606105477777e-01
-2.617021814729076357e-01
-1.361790943048770408e-01
1.749577096162692122e-02
-1.648222044605711922e-01
-4.720942814804341969e-01
-1.092397553306554553e-01
6.494321385550344550e-01
7.401547146177802627e-01
-4.515079146395690746e-01
-6.293864963791802047e-01
3.188595547079320358e-01
2.492114487964500746e-01
-9.293161014829125488e-01
8.093999893184116168e-01
-2.533187500525097557e-01
-7.343661811851890375e-01
4.209640483852071791e-01
2.866447122452048246e-01
-2.663306923330843734e-01
9.119280235338680374e-01
7.861725689422541796e-01
4.301390828475827321e-01
1.154565653683295168e-01
-7.111075531476394040e-01
4.781025154061619986e-01
4.978079529406799209e-01
5.047570226998103760e-01
7.125817530095903685e-01
-9.288436991570013790e-01
-5.996347050681647417e-01
1.639218771409632069e-01
7.876059216200315127e-01
-4.084420066528597348e-01
-1.457771460772995520e-02
-4.683511234314683414e-01
3.422165823026127596e-01
1.170849873071271863e-01
-6.584332031254118700e-01
8.297675522931287073e-01
7.204182763205504436e-01
3.626252460030870983e-01
7.463567191712328075e-01
2.061583891387335499e-01
-8.545434871860327908e-01
1.991266040830386164e-03
1.163558575534369005e-01
3.440984037316158761e-01
-1.574014093947365134e-01
-2.448555914916366594e-01
-9.266828858327130769e-02
8.679258778870303503e-01
-3.945124789654497199e-01
4.533298458764244421e-01
3.296522746045044139e-02
-5.243375986496394692e-01
1.000000000000000000e+00
-2.883023727838559536e-01
-3.954550693821748952e-01
7.142383162138938868e-01
1.285889234633179057e-01
2.403629319220376426e-01
5.029108289951479405e-01
-2.311109667849677862e-01
-1.612141051690893501e-01
-1.168139844900507734e-01
-1.530481743032195141e-01
1.967694178096897617e-01
1.564565474480587581e-01
-4.508332955238710249e-01
2.635453722709928392e-01
2.242346013277013994e-01
7.924539156405479012e-01
1.812075752183060495e-01
9.355240927011690411e-02
-1.372153927208875634e-01
-6.713573776459991205e-01
-5.370878282971500717e-01
-2.133779545375200093e-01
-4.858076648200997938e-01
5.603559641010653625e-01
-2.614374118637289302e-01
-4.346792732889233069e-01
-1.512645319411638767e-02
9.493256873599706935e-01
8.419848702684185060e-02
4.113647291139569395e-01
-8.378603985696814194e-01
-6.335109223531069089e-01
-5.622091074487728379e-01
-8.116221906270226771e-01
1.000000000000000000e+00
8.570764898875319338e-01
-7.600716816796823094e-01
6.418709517268872400e-01
-3.730272523803817575e-01
4.606224228724931646e-01
-8.437265365693598085e-01
-5.577107937211897015e-01
6.696606936675614241e-01
2.215286100224155008e-01
1.000000000000000000e+00
-5.312187302440037895e-01
1.405129072455757466e-01
7.692025187812292497e-01
8.523540777420473002e-01
-1.649914302158567991e-01
-7.428497197105787819e-01
-6.094425305656833713e-03
2.355480827257377396e-01
8.566038445176040739e-01
2.092998036936818407e-01
-3.355578531725439406e-02
1.778773043188570380e-01
-8.991674761382968395e-01
-6.714964333729619428e-01
-4.762546521929256205e-01
7.212672845253990106e-01
4.778600313169750757e-01
7.448759872525170245e-01
-1.598678949246007397e-04
2.191103359773640125e-01
6.341267846510711959e-01
-8.553913569657958793e-02
6.887091339675438517e-01
-7.458943548176574234e-01
1.728026408845700079e-01
-6.099990385335980481e-01
-2.846300958263374425e-02
-4.582909233867143994e-01
2.368737571741991871e-02
-7.138940950942411767e-01
3.526043474246597920e-01
6.224324273585118972e-01
2.962839350024386587e-01
-3.283211597957178540e-01
-1.270189187304324452e-01
2.391964360987812177e-01
-6.218464388215076966e-01
-1.924188623358452643e-01
1.438897522622381298e-01
1.255247978762680794e-01
8.197709280762683903e-01
-6.446696258042408090e-01
-1.482886402701867334e-01
-6.595249232549754703e-01
-9.000094975118144713e-02
-4.312090844166121539e-01
4.152723518686737281e-01
-7.001119065695735610e-01
3.680965491881619256e-01
3.310175618098384343e-01
5.247219043954497453e-01
6.880219104464875279e-01
-2.161445110387236745e-01
6.358203517968548102e-01
7.015771092194522662e-01
-5.231197451200974013e-01
-1.934137894442403416e-01
-5.323084507549923350e-01
1.525535911604207762e-01
2.642703927901338123e-01
9.394666423583554193e-01
2.979175314460454360e-01
-1.538749047349878829e-01
5.276632023161145768e-02
6.509153839408962083e-01
5.130211486456450753e-01
3.407745641465098618e-01
-2.965632644836214138e-01
-4.597024020020295532e-01
-5.485959464205906189e-01
-1.547251546243839579e-03
-5.499778081556809806e-01
6.588239363261687576e-01
2.646858755018298148e-01
-5.890799781679463276e-01
9.010305275666111169e-02
1.141380874048850830e-01
