-1.070605996401937515e-01
2.755305434659002239e-01
-1.424670735985335279e-01
4.166300122447751941e-01
-8.213337153540840596e-01
3.629297748263227708e-01
2.314309509020847644e-01
-2.687340688208270101e-01
1.144174207484684735e-01
-5.264404470233594591e-01
-1.411975014306250109e-01
2.525745609230478639e-01
-7.750688763745268352e-04
-2.187323381140733602e-01
1.797509262332644409e-01
-1.391838509679496072e-01
-2.019139303356295989e-01
-4.269441924924133325e-01
-3.589101978253227410e-01
8.356449013387476921e-01
-3.293987754757161657e-01
-3.883984489684035868e-01
-2.585099739480780090e-01
5.013511943142175964e-01
2.681505330202786919e-01
1.710872637009559216e-01
5.550075789996069542e-01
-3.735254168428859267e-01
-6.804058590549635355e-01
-2.219722636178700914e-01
3.464823646214476582e-01
-8.497428143477980811e-05
-6.147041794533734116e-01
-6.832783708704329162e-02
-1.878571857099400055e-01
3.061276146936586784e-01
-2.411798596629074476e-01
1.055311986457172779e-01
1.183186062456835635e-01
1.823887874327042025e-01
-2.175823502087125549e-01
2.412271545675845896e-01
-4.012967443226032049e-01
-7.491227182593604983e-01
-1.379027405418942753e-01
-3.008377920985504383e-01
-5.147454122467186588e-01
-1.962577689690473415e-01
-6.756345094741116331e-01
3.241192114781900058e-01
5.497980000606465800e-02
-7.825772889512547237e-02
-3.563089700926236891e-01
6.681030382990628402e-02
-5.523667183416245408e-01
8.075826204773252082e-01
2.622462064956067040e-01
1.487399891424432546e-02
-7.509786548010365381e-01
7.388511701040906265e-01
3.832245035347798257e-01
-4.592015937705378748e-01
-2.653712585619525388e-01
5.583046754198035533e-01
1.782089053898420206e-01
3.232101141089308571e-01
1.043078304736121120e-01
-1.821963725506718645e-01
1.965696736487868579e-01
4.952302318576411455e-01
4.114746217838113340e-01
-4.100459741121307289e-01
-6.167965155241237341e-01
6.182067430001537689e-01
2.749234318204200056e-01
-1.000000000000000000e+00
-2.188660864571393416e-01
-5.228942270666261383e-01
-5.068903833548010773e-01
6.033645201590219775e-01
-6.686759005122699592e-03
7.745390798289277789e-01
-3.131534897169864218e-01
-2.753581173349421984e-01
-3.674928656925052772e-01
4.188138038340550456e-02
6.742839437400100118e-03
-4.958787751268231569e-01
3.318021651451246723e-01
1.258711940402487406e-01
1.403082738554157494e-01
4.840908056143534977e-02
3.983088428249871860e-01
-1.495847524036087728e-01
4.748839128188230840e-01
8.424173491122249890e-02
3.637535344414937755e-01
-1.170947842120656918e-01
-2.946202408866566147e-01
-2.987777268189610869e-01
-7.871073192200752633e-01
-6.253449380609350516e-01
7.272038144817034588e-01
-1.421483299423508262e-01
2.392725800307002604e-01
-3.787652436367274777e-01
8.360157255582130187e-01
4.097756100289130510e-01
-4.052541823246456065e-01
-3.449086657751169183e-01
-2.629309847845731074e-01
7.595462909418473907e-02
-4.230111368491612511e-01
-8.241921177592368419e-01
-4.856747935098023605e-01
5.169584460411330573e-01
-3.871515305394860329e-01
-1.891323764469450275e-01
-1.170919519370874490e-01
-2.933649152812806138e-01
5.979621258287545205e-01
1.427823845131211827e-02
-4.350737244250654084e-02
1.220237184302844641e-01
-7.442014684564178806e-01
2.271061713204610422e-01
1.232790047269448630e-01
6.705780840332392634e-02
6.148195659992308215e-01
-4.356447431595039110e-01
-1.226249492996085155e-01
1.251076247971140976e-01
-3.746199701391738079e-01
-4.190769365232617782e-01
-5.306867017538194897e-01
3.426774951512117640e-01
8.769630957571338259e-01
4.935434421183479969e-01
5.886331308751993063e-01
3.774420722562115138e-01
-4.602904621471503588e-01
1.613700659502903534e-01
7.012124297509150228e-01
4.075683289506366602e-01
-8.000539361912720193e-02
-2.006478969636317222e-01
-2.784880813594997062e-01
-5.041542084253061023e-02
6.504016505912846302e-02
5.892762840893176479e-01
1.029169299295642215e-01
2.238084894032268124e-01
-2.917291873242486844e-01
-1.788701493941673992e-01
-4.688887222858508785e-01
1.246766837004227857e-01
-7.306257761505745296e-02
4.887047041728424523e-01
2.876680853560884543e-01
6.794731006320401390e-01
-3.644116951443498453e-01
6.262826518337869519e-01
7.694614993409190085e-01
-3.980549211066780058e-01
-2.334969117143912698e-01
-8.562952327526522911e-01
4.983513340962384408e-01
9.479425492477421000e-02
-2.090713677576703511e-01
4.217319737828747472e-01
5.613872051478099312e-01
2.401520809912185972e-01
-2.727832146248991840e-01
7.880731416711680981e-03
-3.650287736445387843e-01
-3.745351428128818050e-02
-2.143033509494329247e-01
3.205449457310530770e-01
-3.115945209904112945e-01
-5.616861950149273364e-01
-4.960655013284794718e-02
-1.792964863942514975e-01
-2.142675583201490430e-01
1.007529927303811440e-01
-6.592564971859901646e-02
-2.214377606964605394e-01
3.369958612997396574e-02
-1.181464298043348460e-01
1.866948171146132762e-01
-4.533815418145623749e-02
1.107091755443216988e-02
-2.941504916573060568e-01
-1.609596952831683359e-01
3.712393143576260268e-01
-2.188279769096546645e-01
5.151705444390299871e-01
-4.858376697632101893e-01
5.983386884031419162e-02
-5.542892412776238009e-01
6.285266542202472273e-01
3.012593574933522533e-01
-1.625690562623360591e-01
5.437240714952282783e-01
-3.745835414372719607e-01
1.137948807950288910e-01
-2.785051660081641067e-01
-5.421588561797860972e-01
-4.234744996409313122e-01
2.612827438013556325e-01
5.409951448463271584e-01
1.538812370238678839e-01
5.777371207051849034e-01
3.329234815824320126e-01
1.427957413148986665e-01
-2.369708103185067527e-01
3.792192181707055298e-01
-3.220302717234607703e-01
3.284702647057636815e-01
2.539046782964639315e-02
-3.675714183833894144e-01
-9.053528711869773815e-02
-5.206609141777637229e-01
-4.609399558960229348e-01
-2.850853715679876194e-02
-4.495120658477994025e-01
1.379458751514336945e-01
2.838132505064677735e-01
1.388009551411865661e-01
-2.472820941345102996e-01
2.249732044671994835e-01
-4.343915075524831804e-02
1.927757722882806890e-01
4.115665516791369716e-01
5.898979091333305114e-01
-3.526984113019072109e-01
2.498101648176651035e-01
-2.761235501451809737e-01
3.671202263272133060e-01
-4.857560723218291160e-02
1.149596849853740527e-01
-2.064244072239717898e-01
1.411336101016002174e-02
-1.855969053893924414e-02
1.234981260593002658e-02
-1.491270493750792292e-01
-2.076793044885354433e-01
-3.600259801532665338e-01
-2.772166455288299636e-01
-5.518781802661973934e-01
-7.576688748767190784e-02
6.035884887819555900e-01
6.732964930749307797e-01
-2.402571288984415854e-01
-4.139442349824173362e-01
-1.829102723328250302e-01
-8.311897226389021176e-01
2.785697067450376152e-01
-1.322381818480627136e-01
3.331290241654185080e-01
2.205796590684431235e-01
-7.546127140182492532e-01
-4.520545511007282302e-01
2.392875436145895929e-01
6.376556876286725295e-01
-2.423676672484402495e-01
