-8.522452410572930459e-01
-5.687724009074579534e-01
-5.938394736203209678e-01
-2.129966781560450051e-01
-4.473354302513992131e-01
5.687395516485633795e-01
5.896815781385151833e-01
7.703200593223794579e-01
1.511403808384619019e-01
7.555263916316588002e-01
8.737086643266251951e-01
-3.208241931805844160e-01
-9.873512994367935613e-01
-9.160967149801109155e-01
-5.064420311274140385e-01
-1.759115024923420811e-01
1.055193536429315793e-01
1.197829943315067425e-01
6.749004419536146493e-01
-2.937955020574505305e-01
-8.616955785989823813e-01
-5.154439797366139331e-02
-8.078965281433732049e-01
-8.928401358000801480e-01
-1.095730216049598249e-01
-8.897073678655762485e-01
5.547735280465004859e-01
-2.797743761111450844e-01
-3.759619823487883039e-01
9.276230810124782566e-01
-6.020000137237516702e-01
-5.940650630993450365e-01
7.828878161110862655e-01
-4.779850789903079544e-01
9.932110588803786388e-01
-3.378423763535016167e-01
1.759772009539399829e-01
2.473086235741827899e-01
8.876359424391131459e-01
-1.690534464986714891e-01
2.136145566305479859e-01
9.626578077342070605e-01
-6.020627946945658060e-01
-8.251014501215956365e-01
-7.758072910568896141e-01
9.979189707641338281e-01
-7.311463561877766804e-01
-4.501671372232118884e-01
-8.195793017500108135e-02
-1.958345687984155425e-01
8.393818353104935681e-02
8.757691059615690943e-02
2.329528993688696759e-01
-1.889757017711516662e-01
1.053315495266718416e-01
2.374624350002930151e-01
5.487219615723127886e-01
-6.152636168938712125e-01
5.220213784477804042e-01
3.514584293598790321e-01
-1.668349683812185846e-01
5.116905955976042142e-01
-4.108994081987854541e-02
-6.860867619757331226e-02
-1.311241464393789469e-01
-5.082430227646579368e-01
2.787924911592548627e-03
-1.059453684830568704e-01
-4.211855501663902546e-02
2.289974961365701112e-01
5.910617422578545721e-01
-3.172575267734824567e-01
1.862803413168077904e-01
-6.145679456311807787e-01
-2.737171471720335481e-01
8.632238981596200844e-01
-1.338491241877973748e-01
3.385205550832826038e-01
3.840724854988097903e-01
2.219997492064434141e-01
5.420950485544213937e-02
1.228094350121394784e-02
-4.764803302873256152e-01
-7.912854194493712523e-02
3.115696303199385619e-01
1.174801957528384677e-01
-4.686120821128089697e-01
-5.076252144658575105e-01
-6.384542965223126698e-01
2.148096331790967095e-01
-9.450558232113219770e-01
7.953682271582334096e-01
4.105259675901422600e-01
3.893538547887100409e-01
-8.572580556918021899e-02
4.075156167758361980e-01
-2.110137014744486728e-01
9.956029861558834959e-02
3.848890511181727869e-01
4.250619807948753937e-01
-2.282617640487502875e-01
-6.111572429453121513e-02
-9.709901179841998742e-01
-9.791953215896709306e-01
3.322380353856720370e-01
-6.192064316448421535e-02
1.080962355954271786e-01
-6.697357913460721957e-01
3.196675502550480052e-01
5.109773749475686466e-02
-4.223414364451310021e-01
3.270353228899684495e-01
-4.581640831327243868e-01
-8.374983827888332621e-02
-8.832928592632285358e-01
7.010388734649293241e-01
2.695168890295441266e-01
-3.330981237001878204e-01
-3.573950139825224914e-01
-5.308630234008668847e-01
1.158189953830488228e-01
-3.353405641674186421e-01
3.884951956573596266e-01
2.913392928110110081e-01
1.972660387252146985e-01
-8.202043912412937399e-02
4.412822612609175188e-01
-2.991710798405936567e-01
-3.564867169393313717e-01
2.196028346853853008e-01
5.352551349433836148e-01
-3.266524024393180348e-02
-3.809720303350580539e-01
1.520909350942867277e-01
-8.476764302120204375e-02
-2.348923797199577168e-01
-1.748623518610529226e-01
-1.567462251929712391e-01
3.202228805327779759e-01
-3.992823800803136369e-01
-1.977435774847180472e-02
-2.090485976353307351e-01
-2.587533320700303729e-01
4.183035431752635258e-05
-1.291421321782985077e-01
2.547195341221622500e-01
8.761617100902160948e-02
1.041901102323001399e-01
-2.887578738606680351e-01
-2.592898180600611280e-02
2.940429724143120080e-02
9.736860025168145305e-03
-1.768983855463545501e-03
-2.525506026408517735e-01
6.380958193514540966e-02
2.490082167275604053e-01
7.444612988640756379e-01
-2.356183158910921116e-01
-1.158421307045762183e-01
2.105767980049496058e-01
4.829977436411770908e-01
-4.309432059444958107e-01
-1.323983206810318003e-01
-4.091727486406261383e-01
9.358075790498687763e-03
2.129437095796031520e-01
-6.488001169007748259e-02
-2.937969214398736262e-01
2.024058398461527630e-01
3.736048925265043619e-01
1.425726963020337024e-01
-5.010942541616000279e-01
2.336533448944365376e-01
6.305078562759584004e-01
-9.793809408880536915e-02
-4.455309088580032550e-02
6.248334042874047201e-02
-1.983196007905989044e-01
3.247544677487431142e-01
2.825026103197459948e-01
1.595652940764047401e-02
7.374552166302157652e-02
3.160200172046924716e-01
-1.776881309233107609e-01
-1.498374712996242142e-01
1.467802707963266062e-01
7.043564660422566015e-03
-7.211492694434572248e-02
-2.054334442568143126e-01
-2.805578862254825556e-01
-1.895245764922122989e-01
1.189004402951998954e-02
1.164827271459421415e-01
1.234746562841583517e-02
-5.115372618557902096e-02
5.374058734108554392e-01
-3.253942671897835232e-03
1.914237817028803246e-01
-1.905127008907907815e-01
-1.615687515901980675e-01
2.460077243816194848e-03
2.939545239794073561e-01
1.148705437076920771e-01
-1.134348563158458362e-01
2.739660075666375816e-01
-1.754803502745678478e-01
-2.905317072143342449e-01
1.697830340855501219e-01
4.742456310029681821e-01
-1.086954175065923400e-01
-2.185195275177477525e-02
-6.412067949204891537e-02
9.029422802502820589e-02
3.442356643935484684e-01
-4.561457532737693277e-01
-1.266615216597187787e-01
-5.448031062047131723e-01
-1.126337943264990038e-01
1.272306243241335122e-01
-6.728482681815650679e-02
4.685703495377467609e-03
1.488401931754025631e-01
-1.475795115156152415e-01
6.921366209740567599e-02
-4.351317197095652123e-01
-3.322868278364219941e-01
3.333212062120789465e-01
9.119132896632796415e-02
4.166287351255989480e-01
-4.377342119204361559e-01
-4.030619777987593522e-01
1.854244335883759864e-01
-2.685940599199027057e-01
-3.011669683169598821e-01
4.207652765018307095e-01
-5.826988147118532524e-01
-1.461054960301326755e-01
7.658272178907481187e-02
-5.362894691881892051e-01
3.411352338671188589e-01
-2.725369294788320129e-01
-5.938528647891727630e-01
4.898675413206823870e-01
-2.864636771296182882e-01
-2.426733131750821726e-01
-9.595030270603568390e-01
4.166589886726634884e-01
-9.433116652374463895e-02
5.284320568636013959e-01
-3.469690757460752173e-01
3.773350333531944045e-02
-1.065681345451093137e-01
-3.082843318981555170e-01
-3.171897726153767305e-01
2.136293458741596873e-01
4.386210961424322763e-01
-1.108549795284326372e-01
2.763953013376738155e-02
2.471316267496727337e-02
-4.585783360108267037e-01
-2.011645742463561148e-01
8.157152172591301820e-02
-3.937483576706191091e-01
1.092821080002536749e-01
-4.538921035400690362e-01
