1.746734357806275506e-01
4.962811119868448251e-01
-4.516895217161469578e-01
3.972265476083748914e-01
-7.120465653174421483e-01
-3.805028944191822804e-01
7.129740407497726640e-01
2.615090075186181084e-01
7.334725982658288901e-01
-6.259577219263745551e-01
2.986846201772766496e-02
1.238948489900353334e-01
3.908645423099471050e-01
-6.553089363605322237e-01
-1.000000000000000000e+00
6.245135212178370976e-01
5.203376903460474878e-01
1.250171847109617651e-01
4.240168608380112114e-01
-5.375279079327683895e-01
3.246848751263544108e-01
2.377589688106757360e-01
5.288954362802167353e-01
-4.622348853967544469e-01
1.421045749096739308e-01
-3.314708813855799518e-01
-3.916833765058028716e-01
9.576345968454157143e-02
6.608864874497606401e-01
1.000000000000000000e+00
-5.305246587193725993e-01
-7.428662880798141410e-01
-1.275052556241382251e-01
1.707435205841939252e-01
-2.068915571863061964e-01
-6.487622508691445189e-01
-2.644481299318618417e-01
-2.903112555175928478e-01
-9.235094147574688384e-01
-1.830851170576579534e-01
2.321478802520943185e-01
5.545081823368382956e-01
8.953441554815559922e-01
1.000000000000000000e+00
1.997536555919199874e-01
-8.306302800145418663e-01
-5.232832663635158532e-01
2.886071762072995872e-01
-1.292843564327152972e-01
-4.497111757862120029e-01
-5.939134735669219234e-01
-2.021808644834665325e-01
-9.769198864615206979e-02
-8.931130045276977625e-02
1.434357727898720458e-01
2.192197866858617006e-01
5.270936135263277755e-01
-4.255199464687829392e-01
2.662845741043985415e-01
3.128825135281519398e-01
-6.037514971641151362e-01
-2.230260396962189806e-01
-3.329809969325085994e-01
-2.319291907633510008e-01
3.081166991726686996e-02
-7.821247299286231136e-02
-6.300722543366120698e-01
1.576421936096209300e-02
8.913442495616763495e-01
-8.870626416410226645e-01
3.244033804482497896e-01
-3.858551795455607003e-01
7.368901065771441550e-01
7.396277846088643582e-01
6.456107970017309627e-01
-6.542080709784241499e-01
-8.533730193600198577e-01
-7.963104854238289843e-02
-8.056939566011900311e-01
-1.072935709425000550e-01
3.861003470333966847e-01
-6.824296832855130113e-01
-4.781274203129042832e-01
1.000000000000000000e+00
5.316704875200803926e-01
-1.470441284813932825e-01
-6.398017273236427105e-01
-1.447380324524530915e-01
2.772698389929838525e-01
3.250592160705267353e-01
9.613734569295155907e-01
5.885453958913547945e-01
-7.481899734631076715e-01
-6.576652116218862920e-01
-9.643098631052055003e-01
3.940228918009803238e-01
-9.795659086934674908e-01
-8.414568269267914680e-01
-3.464954739083817015e-01
-6.346784032157211097e-01
-5.015597188877167767e-01
1.657143533181631989e-02
-9.294332872091833897e-01
-1.263048359155633793e-01
6.070254525735576667e-01
2.140771606395435733e-01
-1.081674911297119263e-01
3.396184224409337093e-01
1.190028965601979544e-01
6.691277561986922959e-03
9.924733065928473819e-01
5.834351612317026925e-01
-9.469658282303931862e-02
-9.552412571060547863e-01
7.333179587589649939e-01
-7.787303353884822421e-01
1.316810068016814883e-01
3.234385891477591368e-01
-3.356401509050854215e-01
3.386473650162105109e-01
7.884811085161297362e-01
6.982212597364771955e-01
-3.946575312261437207e-01
6.713758876978582757e-01
-7.541689270349702934e-01
-2.601997670442996458e-01
5.392317497033620732e-01
-5.807913686143945098e-01
4.947050633163764810e-01
-4.020609450154119524e-01
4.778229586664013429e-01
-1.592370950567886800e-01
-7.762383372130392534e-01
4.330704175748313345e-01
7.174952659216682349e-01
-2.334669015325907260e-01
-7.662495198158412180e-01
-7.994235621884747400e-02
3.482098058520832207e-01
-8.073089327131781623e-01
-7.341522131612328028e-01
2.934362656443830208e-01
1.639760443730073070e-01
6.773162739205218497e-02
-4.968484132453343527e-01
-1.455299960809512405e-01
1.472541219445267502e-01
6.627034097465089868e-01
-4.659964428482454846e-01
-4.769234512450415409e-01
1.310071322497730062e-01
9.060289269299555137e-01
-6.997207212980538493e-02
-1.000000000000000000e+00
2.869416991225677283e-01
-7.028153508576194808e-01
-1.891948066465926059e-01
-9.201293418794814771e-02
-5.628105499364661757e-01
5.137021749600017007e-01
1.315173293901833462e-02
-8.352039224321171629e-01
7.891652514075466751e-01
-7.740667099826115116e-01
-3.573658276246696186e-01
7.504318917776719999e-02
-6.644140599029725314e-01
3.363312429717181251e-01
-4.838667401288427872e-01
-9.469242291025409264e-02
-7.903323330752886067e-01
-4.716233773732285695e-01
-1.155023173272497206e-01
9.380490158382672750e-01
-9.092174965045738411e-01
-8.635635255225104778e-01
-9.082178416187319803e-02
-2.323400357552269924e-01
-1.632238828266382447e-01
-7.861613977054210389e-01
6.299686741727241746e-01
4.473863314282395254e-01
2.831071813537995308e-01
4.309538455923740408e-01
4.145010495235366271e-02
3.778081045799939197e-01
2.819070150650866413e-01
5.323843336543482296e-03
9.357069526368405610e-02
-3.198466432731666975e-02
-4.624129159290459867e-01
4.823141375681052612e-01
8.411102101284666510e-01
-8.251678110161787538e-01
-1.826923720097694825e-01
7.930735622252107486e-01
-1.185825085785107286e-01
7.288365132355669740e-01
-5.673897825547946638e-03
9.180799434423572158e-01
-1.229017710678750319e-01
1.084611189140725074e-01
-6.332173038708118762e-01
-1.000000000000000000e+00
6.843380541009522755e-01
8.042635425735195076e-01
4.008032773979196550e-01
-1.323547876938754864e-01
8.587177556861738115e-01
3.593676387583018550e-01
-1.000000000000000000e+00
1.645556098085536600e-01
9.099734175700502359e-02
8.610013736812909269e-01
-2.807927571579497128e-01
-4.507458952591066881e-01
-6.822182265986623806e-01
3.712079852119796741e-01
-3.598849244724510177e-01
2.338579884022614075e-01
1.792007731735872633e-01
1.727936451855312805e-01
5.127439838023566399e-01
-3.740778278213520713e-01
-5.525425518733138031e-01
1.000000000000000000e+00
-5.273042301353303429e-01
2.255721689229805288e-02
1.369866590752946145e-01
-2.327645010415383686e-01
6.424490482388119927e-01
-7.658830435168134665e-01
3.734411851519136016e-01
-3.355289761639136392e-01
-7.731075837103598136e-01
-1.029335176907093252e-01
-5.666775848139952165e-01
1.747016039480117633e-01
7.207318416271852879e-01
-3.386908362331745442e-02
8.671754002151114138e-01
-1.605418103278368480e-01
-3.370122447384608089e-01
-5.437095305476473683e-01
-9.466774853137415180e-01
6.609956634702719436e-01
-1.557301195848060649e-01
-8.678923250239386489e-01
-8.447123427836171761e-01
-6.296274959994674347e-01
-6.604271487232121762e-01
7.808441844258690034e-02
-1.523662910250385416e-01
3.771960213468510958e-01
5.547924594611265414e-01
-3.628667206201319217e-02
8.249747564938523237e-01
-6.190158090320410089e-01
4.190173822246983093e-01
-2.193159281918720116e-01
-4.622324705027567315e-01
5.926868247552045110e-01
-7.104075982004104395e-01
7.224460387565905251e-01
-5.522818570860166254e-02
