2.826857037534274975e-02
1.074584219934235502e-01
-3.829466062637271739e-01
-1.224336235851135879e-01
-1.348897536976156331e-01
-7.110541876914333592e-02
-2.578104124913588868e-01
-6.698617363821475490e-02
-8.071648462895882059e-03
1.637789140513038477e-01
6.280122555670833440e-02
5.013437633762952705e-01
-3.037570653017783728e-01
-2.280325262833396982e-01
-2.402300649991658682e-02
-2.294751875350767856e-01
-3.488442135752332640e-01
-1.956160853174307435e-02
2.738804039554097458e-01
1.335464841815415249e-01
-3.054529819695107062e-01
2.114407037645444076e-01
-4.500040662558115190e-01
-5.167859540224641890e-01
-1.728925624024979513e-01
4.974274819213946042e-02
-1.871401971945111653e-01
-4.977877713756212463e-01
-1.529792342512228398e-01
-1.721257626327370449e-01
6.666341949012805079e-03
9.938592275612354032e-02
1.272627970794406871e-01
-1.300596367502467876e-01
-1.875955102275157493e-01
-2.261464808202579557e-01
-3.041129236362716606e-02
3.331153859472787970e-01
-1.713972369401207119e-01
7.921960349707218851e-02
2.289182306226756336e-01
3.053156108839207850e-01
-5.712652188255442839e-03
2.265495517353345867e-01
-2.738535463546076104e-02
3.206172919231631280e-01
-4.766849752639040760e-02
7.211923101421101323e-02
-3.841676686569694965e-01
1.926012937836773242e-01
-2.448690875167167658e-01
3.028710798679783989e-01
-2.665467904335742655e-01
8.893847888611090824e-02
-6.456422161716608710e-02
1.745374086828518356e-01
-1.879109828959917849e-01
-2.365618485495979417e-01
1.960932040859340864e-01
1.190160056160772389e-01
1.099450393139321941e-01
9.875426235359864580e-02
2.431777023478634003e-01
-3.314212165368833896e-01
4.145643177065402862e-02
-6.238201503924777763e-02
-3.913664750608010223e-01
-2.132800439644500223e-01
-1.331099988402134615e-01
1.562028287948690752e-01
3.614430259281659064e-01
-1.372819939878299755e-01
-2.559890194383552253e-01
1.449054588424770473e-01
4.877156358756432747e-02
1.939636663372849568e-01
-5.401394462317649081e-02
1.412149755367030357e-01
1.702622919746721308e-01
1.611294360411182347e-01
-1.300956146731360730e-01
-1.243751552659998760e-01
-2.769333388016909092e-01
4.379389264175562874e-02
2.353761530469246077e-01
8.762699800730108790e-02
-5.685042262656013756e-01
3.730155960016564576e-01
-8.064713366467904376e-02
3.616047480815362536e-01
1.693316000157288337e-02
-1.345330474916432428e-01
2.609707658379044337e-02
1.459304843432386312e-01
-3.162785284146256148e-01
5.103712511596580903e-03
-5.924902949304015065e-01
-1.635345455214180788e-01
6.139251325190284159e-02
-4.140355600290561711e-01
7.380225975017645768e-02
2.506701657047110121e-01
-9.292492027875232097e-02
7.757889821447067069e-02
-7.763376947412158058e-02
3.718719998508298596e-01
1.453227427920564807e-01
-9.910428487459270463e-02
-7.465153717172560988e-02
-2.449587645327014895e-01
-2.871061472907046608e-01
3.263223806961489115e-02
-2.701939618452746661e-01
-3.052409252060312994e-01
-9.847434176027783370e-02
-2.550924985760364416e-01
-4.840605974267414569e-04
-3.737701744000579418e-02
4.485961754192719364e-01
7.217910338000899095e-02
1.003392550146249840e-01
-3.010148757519441887e-01
5.507268718581940364e-02
1.480202049342106696e-01
1.718371225731929741e-01
2.971687652508125388e-01
3.678277977209168381e-03
-5.738430286404201663e-02
-4.071074685745150745e-01
-2.618904053672922450e-01
8.255457436600836807e-02
1.043653970094703398e-01
-1.732209344763163128e-01
-1.194663326582358909e-01
2.667893904573864772e-01
3.766194930173517863e-02
-2.328870584870733063e-01
-1.702831629201872476e-01
-6.347306914837136382e-02
1.306707582068011297e-01
-1.677079724521253479e-01
-2.596997290967441585e-01
5.155787750979839990e-02
1.795530410887191120e-01
5.410329085953197170e-01
-1.414696403247961698e-01
1.285343203478366836e-01
8.296874236220860843e-02
-1.231112771175207760e-01
-4.339815448921466312e-02
3.717165045056494699e-02
9.135333104306381236e-02
4.264106044151128039e-01
1.794975266199775321e-01
-1.761708986691454815e-01
8.578545844687789079e-02
2.386756316394295085e-02
8.130521037936082607e-01
-6.501066265504421016e-02
1.721187055004598232e-01
-3.813786604050986573e-02
2.180876887228673788e-01
6.006327642967680680e-02
-9.200410554999208235e-02
-1.350977982419094836e-01
-3.805810560784618213e-01
-2.717382219708085467e-01
-4.489441140802247210e-02
1.778527724523665254e-01
6.680383420696220931e-01
1.612150289058425778e-01
2.293013573586291654e-02
3.186550689027246586e-01
6.206367151425501438e-03
-2.444122024011246563e-01
-2.762749422981536918e-01
-3.883118061648187513e-01
-1.325390438692663764e-01
-8.584377301768403301e-02
4.051544228718027552e-01
-1.496608430662911549e-01
-2.918572699371966284e-01
9.289555710756243478e-03
2.785514732616591882e-01
-1.502685668786052919e-01
-6.207722218332738240e-02
2.117215640024695533e-01
-3.216686632961720527e-01
6.187016375119386291e-02
-1.148253993141376827e-01
-2.075051648041515984e-01
-1.781599693336972587e-02
-4.825301689151538787e-01
2.471883986078507456e-01
-1.795382942444588292e-01
4.753303406888437915e-02
-3.281816180215798573e-01
-2.224362226131562995e-02
-1.455327454376806329e-01
3.695131650938820317e-02
-4.362992988190999011e-01
3.439668056392449630e-02
-4.800627989070631596e-01
-1.193977201209655559e-01
-3.265757520789506763e-01
7.665583470708094149e-03
1.128643802602549567e-01
-4.058394265723331840e-01
-1.000000000000000000e+00
-4.077963986332600599e-01
-5.854877426590703315e-01
-1.649558595992367538e-01
3.483134436302482428e-01
1.922794139988378836e-01
-4.623194820360663204e-01
-2.013712059255812759e-01
-1.293017050353447162e-01
6.882609758070332706e-01
-4.275933385736586240e-02
1.243601046243204573e-03
5.874588211080429556e-02
1.139112616436302738e-01
2.252788222850884980e-01
2.362887057745808803e-02
2.616650483853142917e-01
-2.653010802067816698e-01
-1.024775357879292581e-01
3.467971769039180363e-01
3.193797090150453377e-02
3.701518678318825861e-01
1.774125134559174921e-01
7.545379345084285427e-03
-1.268393037080896013e-01
-3.198166828550852436e-02
2.843573199189497469e-01
-6.411102734758505894e-02
-2.350639432189146061e-01
-2.357248035860100288e-01
-1.680389272168278103e-01
-4.126304809084169190e-01
-4.587187293195659210e-01
-5.058774726719217352e-01
1.575646548336348263e-01
2.685487229758202199e-01
1.310490048349495784e-01
9.355041281292403310e-02
4.236162959037844677e-01
-2.060511233033246459e-01
-8.067451185534768587e-02
3.026945885425397220e-01
1.703949769339232201e-01
2.194814098336450581e-01
-4.390537858440559105e-01
2.082201878202522560e-01
-1.589521900128894327e-02
4.110023510086792398e-02
3.026565394527504227e-02
4.336806119856338460e-01
-4.853953862264962643e-02
2.123755124372894432e-01
-1.184340042468856324e-01
2.171963715621850338e-02
-1.440621805025824598e-01
-1.307684481867188997e-01
1.299451012263207472e-01
