1.852892159597490096e-01
-1.703325737039221577e-01
4.461595087342399291e-01
-6.330371609713228986e-01
8.492362433386647647e-01
4.634655392097201121e-01
2.983544234393411543e-01
-2.877321245696919383e-01
-6.239132330328268639e-01
5.184194980084214643e-01
-5.666607590929392257e-01
-6.766438501935118088e-01
1.935227848124147221e-01
-7.783734820491583495e-01
-1.791736442010698482e-01
1.624632323500126430e-01
-6.958416889258575155e-01
2.046486794066984527e-01
-1.629279260651261552e-01
2.262277894743327800e-01
5.609355123197479892e-02
-3.766465819781480429e-01
4.120611012015868435e-01
-1.461298326993579755e-01
4.791158233785610884e-03
2.551615937091514796e-01
-5.514195632110992229e-02
-4.332095276770343839e-02
2.610946352249761127e-01
-3.589274829558825597e-01
4.236644117794273745e-01
-7.584113704393957711e-01
2.796666506216167192e-01
6.289307434519011974e-02
-4.664185033671142122e-01
6.168154913633983050e-01
4.133505126874584268e-01
5.842870423394939117e-01
-7.008507028219865820e-01
1.240974340482423610e-01
3.785643481628169216e-01
-6.002420838891611155e-01
-4.672761457562523146e-01
-4.506686117182516771e-01
-3.111515746285387074e-01
8.722807326542847406e-03
-2.310794831178651920e-01
2.519193110126479729e-01
2.730015948349829441e-02
-3.135436282426248278e-01
-4.056153838497689179e-01
-4.830537493663124571e-01
5.552640943935309714e-01
-2.158696060144551787e-01
2.313329234565420223e-01
2.051666561742240824e-01
1.447924002045700154e-03
-6.497607185781827388e-01
-7.468978739604077433e-01
1.685781234509443338e-01
-4.583266704066813468e-01
5.472093730631018976e-02
1.258032616966912043e-01
-1.000000000000000000e+00
-6.494088792139058874e-01
-2.520550146767846500e-01
5.888991990954863809e-01
-8.568065777855027321e-01
-6.816292989810578407e-01
4.420002773431636056e-01
-6.631663599529120656e-01
-3.422738017901922891e-01
-3.513257811986014167e-01
-6.683300397389826397e-01
4.650438478649082108e-01
-4.855365461815588368e-01
-7.898043706923424390e-01
-3.970310709900413126e-01
-8.812285066165832792e-02
-5.312824557623538890e-01
1.277102058821414365e-01
-6.905730601214916664e-01
-1.807114808615174484e-01
-1.830382666456519813e-01
3.070619959351291728e-01
-6.189263786400782674e-01
-2.453129410091254847e-01
5.628405655852062317e-01
2.216245675762378298e-01
-7.235352008702243820e-01
-4.689984746956265549e-01
1.977482545279944659e-01
-2.371619918659645110e-01
-8.734613622901035157e-01
2.242767484762548530e-02
4.119379558824947107e-01
2.972094711093555830e-01
-3.690950311429263553e-01
4.963928621029577437e-01
-7.838795614936879819e-01
-1.345345687759327002e-01
-3.465906133833577818e-01
1.732953125592121557e-01
-4.219854121582646833e-01
1.128228513284087464e-01
3.014953621446378462e-01
8.513636359833214040e-02
-1.837164122246607578e-01
-4.976910872602081648e-01
1.305431921890554958e-01
6.671541880323090812e-01
-1.285975794798994987e-01
4.841757447772219169e-01
2.197270456616283729e-01
-2.406650176723937051e-01
-1.575986612593695269e-02
1.231314746080696965e-01
-2.871561949066180341e-01
-3.994678361886356832e-01
1.221127240618527093e-01
-2.226909642161186142e-01
2.753319186411633535e-01
-2.698629733797106578e-01
2.140677661472867310e-02
2.419258044435307897e-01
-3.799227002260045505e-01
1.315781562010076393e-02
2.577933564991402027e-01
1.321584816637240700e-01
3.085741603245298892e-01
2.208672847559235430e-01
8.956031414336326213e-01
-5.095303916648653564e-01
-4.655182402424159482e-01
8.176138141466658960e-01
3.613864135494659902e-02
-1.058015050390185563e-01
-2.207632914251392298e-01
-8.916652450850767742e-02
-4.357478671198161679e-01
4.629085552459172304e-02
-8.763449281620643294e-01
-4.678803247481171934e-01
2.410442601732717960e-01
4.275296153025741064e-01
1.892734605317615559e-01
2.854221556504848434e-01
4.773615037272290751e-01
-7.591500036464674528e-01
-8.045981715535441836e-01
-1.609666958803433190e-01
6.746075230911001697e-01
-8.056790165382630153e-01
-5.414210003545072425e-01
-3.585661349336389248e-01
-4.883828126576154616e-01
-5.218974450415263533e-01
-5.173588811427136669e-01
2.665305563076902917e-01
7.626893254180092674e-01
-7.467817684068496220e-01
-7.022582258494425300e-01
8.889695108879155372e-01
5.285408505635330600e-01
-4.889159319616603327e-01
3.139795118144939057e-01
5.461944378874482586e-01
8.286425494866440644e-01
-1.296794725757735023e-01
8.994385128268078677e-01
1.305168582254944420e-01
4.956317810711332594e-01
-1.969144154275568881e-01
-8.521137816332149395e-01
-8.148983399824506479e-01
-1.605596077800824362e-01
-6.451854676304581426e-01
-5.912038293205281736e-01
4.674575399324097935e-01
5.219927740985387254e-01
-8.830745209627580139e-03
4.355867764945103859e-01
-6.968578585854444674e-01
-1.000000000000000000e+00
3.409579675186562020e-01
-2.019293879891873728e-02
2.620929045308362237e-01
-3.538595600320691703e-02
5.040497840322086809e-01
-1.215934942953436487e-01
9.478239399498079587e-01
-1.027436420528951289e-01
6.428187128638663816e-01
4.621074073891651146e-01
-7.569686579201381216e-01
7.603648696493418013e-01
4.385451686737377730e-01
-3.034585724909822924e-01
-1.181629557307616457e-01
3.907075661092150945e-03
7.104641928914074978e-01
-3.659096496267365550e-01
-3.250341486955522496e-01
-1.257944582298979319e-01
-1.302292041619205476e-01
-9.596614938687223484e-01
8.281328436319018715e-01
-2.325899272648317972e-01
8.029010258466485750e-01
-4.707622037073965204e-01
2.409103298526439341e-01
4.050495967974550582e-01
-5.511200034859414093e-02
3.790393856857079968e-01
-5.272652316959985930e-01
4.544205268028329581e-01
-3.014965581383076410e-02
5.581001634619970897e-01
-5.033794855594957846e-02
2.220120091882333557e-01
-4.294049642760873753e-01
-5.791322547007851096e-01
4.103929562688516386e-01
-4.829598985661848753e-01
1.837262083428064519e-01
1.626149687513145092e-01
-5.417497259603216708e-01
-2.670514026478391090e-01
4.127217206606528799e-01
6.057166370257460741e-01
-1.539205995733199384e-01
-2.324823741980125702e-01
7.739651110842720172e-01
-5.011192303650451318e-01
3.063180756349854761e-01
1.550517548374701349e-01
-4.145782023069138345e-01
-1.963331241974510810e-01
-7.100095067700004092e-01
3.121083133259273112e-01
-4.184912731975406475e-01
-9.072211647973945636e-01
-1.627215817167255163e-01
-4.654617218305575621e-01
-1.359088915856633273e-01
-7.593629665050201094e-01
-8.733847434522925557e-01
3.001071622558350027e-01
8.637545526275669516e-01
-8.441976913005123651e-01
8.426734783893927716e-01
8.449566044674733378e-01
-5.756680601178874035e-01
-8.775033665634275337e-01
-6.991077642476547505e-01
-4.839053706780667152e-01
5.902301026127508843e-01
6.648426515990368824e-01
2.636754226743586588e-02
1.411474336728283374e-01
-2.007619570638717876e-01
5.758248986427312588e-02
6.780955165979211108e-01
9.474145175720554146e-01
7.992326457240512827e-01
