2.212011614390117231e-01
-1.136732751860726892e-01
4.360711490844876304e-01
-4.806579242913173733e-01
6.174725729689289899e-01
5.588825388846405673e-01
3.259035794513452378e-01
-4.488536524267122130e-01
-2.014832100179352881e-01
4.347474085807022659e-01
-3.417987218262137916e-01
-5.978276246497498114e-01
2.383242467748890037e-01
-5.310671988403457000e-01
9.456452681982668862e-02
2.960034060306219184e-01
-5.888454571162999862e-01
9.064455416040725910e-02
-2.018221536437963259e-01
1.022673143309780486e-01
4.336434582687981321e-02
-2.785396348664373467e-01
3.424158211804130270e-01
3.742292034130504930e-01
-8.389554689515657526e-02
2.241785819403459001e-01
-1.900472426205977450e-01
1.178709600480202235e-01
1.585260376466155197e-01
-7.052660279471102411e-01
3.728297626083835747e-01
-9.312921368599575977e-01
1.186269695996395590e-01
2.032021190871156902e-02
-7.142689602599839871e-01
8.569881717602116922e-01
4.840146242939149523e-01
6.180724372887781426e-01
-6.399111341995117330e-01
-1.369727034510261413e-02
3.287241822089862486e-01
-7.716770413757755298e-01
-2.578591102401739943e-01
-2.706176633821570920e-01
-1.151309486350974576e-01
1.085048614322105531e-01
-4.799736258309416082e-01
1.325647807671970768e-01
-1.650495073366514132e-01
-6.027787919181191167e-01
-1.924924126375227029e-01
-5.145802562899857158e-01
1.100906987655504016e-01
9.357814689457887025e-02
-1.805954825980365941e-02
9.693879957663784075e-02
-1.361627222324131303e-02
-4.845243868173809698e-01
-8.314793544930429992e-01
5.386068331514254348e-02
-3.961536108086147201e-01
-1.645565438304098516e-01
-9.857364239240648529e-03
-5.697347177422683595e-01
-7.735665630007710902e-01
-1.466231239031947631e-01
3.640191706348638312e-01
-4.854528086237471785e-01
-3.864287764194419827e-02
9.133479313878765937e-02
-3.484309177872244589e-01
-3.431045872240928718e-01
-3.539392948292605090e-01
-5.786398510439072496e-01
2.414907162710278055e-01
-2.325813266785640709e-01
1.433321791563175462e-01
-3.677688037471769228e-02
-1.883888716252762885e-02
3.112566176096636106e-01
-6.743107650654718566e-02
4.726803557040942239e-01
4.970359671027990700e-02
1.734248061341277791e-01
-4.615002385893313130e-01
-4.135539708582551266e-01
3.920371222720093751e-01
-4.331760361965587836e-02
1.696408383892208660e-01
8.491075909337635064e-02
1.525715062658416776e-01
-1.223557777756110188e-01
9.112603796281451562e-02
2.882252464855026286e-01
5.084102544997467499e-01
-3.822511339631080030e-01
5.407535599515205238e-01
-3.886296374319221369e-01
-1.690596286681568250e-01
7.578367340073060010e-01
1.147707651841626680e-01
6.871199306400319756e-03
-4.318182553355445208e-01
5.256594810595915240e-02
6.539774288903020538e-02
2.163579674133824238e-01
-1.652191231871725785e-01
-1.831081069191888289e-01
-3.274821580892350870e-01
1.229366781242212936e-01
9.229791088006098487e-01
-1.020052037518161120e-01
3.175920715563044228e-01
2.007966503920772805e-01
-3.546105748089387610e-01
1.665517909365591964e-01
6.158825020812962181e-02
-1.649098270204991945e-01
-4.065530668799172132e-01
1.078692976557874411e-01
-1.421856452697319584e-01
2.794792360245214047e-01
2.580149796235626791e-01
3.877487572789023451e-03
-2.367212720050819730e-01
-3.389558500589955337e-01
-9.522233491413199802e-02
3.154665588552751920e-01
1.772128174432629488e-01
1.727386486607347116e-01
2.696456462536409582e-01
8.933290406274010387e-01
-4.479000612545892546e-01
-6.456959895328496790e-01
7.312340981837991416e-01
4.902625414257725384e-02
-1.127908059131046692e-01
-2.910617567086005719e-01
-2.107639680015332140e-01
-1.246309805410868443e-01
2.123338083668409662e-02
-8.988584564929432696e-01
-4.380531620358268374e-01
5.582745464077897291e-01
3.736278826341079551e-01
1.779291765315113572e-01
3.883781065463161042e-01
4.940790263786966618e-01
-9.101638361561241730e-01
-7.385275618337333592e-01
-1.309719236095510664e-01
5.853970596731998821e-01
-7.548971826410361130e-01
-5.722808792244242770e-01
-3.442980993529666245e-01
-4.141503512710119628e-01
-8.959964414293800639e-01
-4.688992069802531137e-01
2.321784939855437435e-01
5.847178063534081982e-01
-4.895253062839635683e-01
-4.748318909939130972e-01
6.664625142093953958e-01
9.293984580273642049e-01
-3.437787664313129432e-01
1.956301674812210289e-01
-7.606769555474561517e-02
6.992466492019646651e-01
-2.934168802283534938e-01
8.387838881833949989e-01
1.084321766760061034e-01
7.134429695926290949e-01
-2.055721869026262694e-01
-8.243926750498112854e-01
-7.483609348236235359e-01
-1.955735309994943716e-01
-6.215814447444854007e-01
-5.449059513338839755e-01
4.197047911932706432e-01
4.802016096108044363e-01
-2.273375275417913732e-01
2.970443514619995340e-01
-6.322356013718605228e-01
-8.953187950466888756e-01
2.651845116144707637e-01
2.337970312401284334e-02
-5.067773431235997328e-02
-5.448943688879505365e-02
6.920420591475016092e-01
5.608266855159690922e-02
9.089458247789412582e-01
-2.114462457213190927e-01
3.876978620858654856e-01
6.649575737555779575e-01
-7.765911785621069097e-01
6.631409288447706052e-01
2.874301893424787702e-01
-5.664754139101167985e-01
-1.270247520000332142e-01
-6.385540256831775952e-02
3.747875951232624292e-01
-4.091574007480077713e-01
-3.071727564449056036e-01
-1.122740382317270191e-01
-7.325109602391524644e-02
-8.836690628288220717e-01
8.988585849871801869e-01
-2.143238703663669087e-01
7.519184750035160514e-01
-4.166137424666817024e-01
2.259355247133727485e-01
7.791124585773433198e-03
6.047801456738324810e-02
3.341948760558031695e-01
-5.127214107802788856e-01
3.944302009197085956e-01
-1.783657966598239386e-01
7.557824566635811259e-01
-1.832675744436897819e-02
8.111836949180403766e-02
-3.794608141242332700e-01
-5.339026992299651386e-01
3.608250041882430370e-01
-3.956384145234999039e-01
1.537964133383379339e-01
2.570736921868835290e-01
-1.630103398870434428e-01
-2.258451644511190182e-01
4.317084078614628062e-01
5.409876507835342796e-01
-1.723413335219052267e-01
-1.892986158017057052e-03
5.473394519820277138e-01
-6.716214479075828248e-01
-5.958014268181421880e-02
2.348787015353434871e-01
6.623865983644489086e-02
-2.118670504550260181e-01
-6.664263046317379091e-01
1.344861448263110215e-01
-4.478459657909119040e-01
-7.987118903740401121e-01
-5.104942406149886036e-01
-4.336886128091343995e-01
9.400983993816582063e-02
-6.595914554004741470e-01
-8.059802477352365768e-01
3.065146335573351588e-01
8.124610467164108396e-01
-7.701802184305922561e-01
8.192713803032334319e-01
8.288898667094063422e-01
-7.274424500550055184e-01
-7.579853915061671721e-01
-4.193647639893340884e-01
-5.599011534211143504e-01
7.147935823776079278e-01
6.030427031453510223e-01
9.253508185209259607e-02
1.202809016942124887e-01
-2.213024760570871385e-01
-1.440312075651412338e-01
7.823627325509976416e-01
9.364191348687993521e-01
7.589576775946038634e-01
