1.828596640616042546e-01
-1.688645317676913393e-01
4.415111822119334173e-01
-6.195342802950949412e-01
8.380408435426343061e-01
5.750551684205804648e-01
2.927468773120659451e-01
-4.256009656063266533e-01
-7.510944785719710914e-01
5.138600225358491702e-01
-5.628687041822402204e-01
-8.204837840954253281e-01
1.926356816980267506e-01
-7.717995337090153285e-01
-1.770863341003323654e-01
1.646287763984197183e-01
-6.924144217513190647e-01
2.003852916732316303e-01
-1.626885847532188456e-01
-9.830258490829296703e-02
-2.282348094032330115e-03
-3.091212761816949373e-01
3.336446535581106820e-01
-1.565702205332529240e-01
-2.607503109020406842e-02
2.717035160523311732e-01
1.989375117140889659e-01
-4.376732444202725836e-02
2.595846854705438078e-01
-5.151054999466654349e-01
4.209700522791184341e-01
-1.000000000000000000e+00
2.763947840591257643e-01
6.576170360928987324e-02
-4.651174149279838632e-01
6.157109928784325614e-01
4.129336421455601647e-01
5.836106545331865014e-01
-6.993708444066788488e-01
1.242960760064931169e-01
3.779718123490872772e-01
-5.973103772827841329e-01
-4.672857835493351431e-01
-4.716660000183963142e-01
-3.103044288275919049e-01
2.115698191993556077e-01
-2.313377892743238295e-01
2.511522276542681453e-01
-1.223813962606216110e-01
-1.122944344039982778e-01
-4.050551808524379682e-01
-4.820127903892476029e-01
5.557675743436806259e-01
-2.148486143951230665e-01
2.307661303665585473e-01
2.069979954110576226e-01
2.506455610010747959e-03
-6.446063124509104902e-01
-7.442918560198625855e-01
1.683708936228235920e-01
-4.559631415396087073e-01
5.185083413500676808e-02
1.235375777502817629e-01
-9.962009125624678996e-01
-6.442904229550459050e-01
-2.495418192198356200e-01
5.861005177150605538e-01
-8.492716098018948667e-01
-6.793106825290036177e-01
4.398484933948251241e-01
-6.598371433026638533e-01
-3.427719766108708876e-01
-3.529582331602789669e-01
-6.627935747347182271e-01
4.611724090476456706e-01
-4.851076509088043665e-01
-7.864900218201583693e-01
-3.955335262400422880e-01
-8.708635858601296298e-02
-5.297385884852805482e-01
1.253788450345149630e-01
-6.878841843162413205e-01
-1.793327117533566328e-01
-1.832624229003949612e-01
3.032414214639688188e-01
-6.158467608323359155e-01
-2.413902755454007121e-01
5.572502529947518379e-01
2.206245249648627893e-01
-7.155644067621178550e-01
-4.677247248488167752e-01
1.990110095229231102e-01
-2.361305838052389361e-01
-8.672082671769704154e-01
2.140166507689154896e-02
4.117814677419243674e-01
2.969029706192424234e-01
-3.674305504611211082e-01
4.967201324586721922e-01
-7.791565682493819534e-01
-1.328431124345953174e-01
-3.428870074917521604e-01
1.730735577024657412e-01
-4.188642288921067269e-01
1.092607948327427025e-01
3.013987174278353054e-01
8.516591498702594243e-02
-1.865622708831689291e-01
-4.929923531196881981e-01
1.304812073730326483e-01
6.641480085350208729e-01
-1.285915504075991478e-01
4.820383989809047254e-01
2.210473336697960089e-01
-2.404861871472774304e-01
-1.724009289404684550e-02
1.219347487014634246e-01
-2.847916343291060914e-01
-3.994102657655165256e-01
1.211910144404777928e-01
-2.221470958524013606e-01
2.746740172866763974e-01
-2.671493549538479506e-01
2.107499809113675543e-02
2.399148546483552691e-01
-3.771800982108542422e-01
1.274003481007870975e-02
2.585151604241264223e-01
1.290089512645149483e-01
3.070404057321571289e-01
2.217551290370353700e-01
8.906021104428162305e-01
-5.058897675989799669e-01
-4.639994761950072544e-01
8.197598910938259653e-01
3.622668946741165741e-02
-1.045011823020648156e-01
-2.248978167851651833e-01
-8.815581383907167279e-02
-4.366714168530393403e-01
4.381459434959024402e-02
-8.696557123227943720e-01
-4.624543729209839582e-01
2.400761738327386874e-01
4.248136171230265656e-01
1.895822418535287601e-01
2.876859798616198671e-01
4.741726274203251212e-01
-7.525154788526298155e-01
-8.015306281443801417e-01
-1.614103422654030728e-01
6.708256035173453258e-01
-8.021273296842488243e-01
-5.375336566964937779e-01
-3.566755944695029767e-01
-4.786509084438920758e-01
-5.207296877409668401e-01
-5.153875657689029888e-01
2.638217360111951848e-01
7.592016675044654939e-01
-7.428162986071010776e-01
-6.992969256070595829e-01
8.847564938230281228e-01
5.291066673298371326e-01
-4.873340489616007076e-01
3.126737615804873194e-01
5.439937972407796751e-01
8.254178871360917658e-01
-1.291949038546446604e-01
8.934907678621331062e-01
1.298549144593670046e-01
4.940598325443845695e-01
-1.955752735905887940e-01
-8.491012655536027687e-01
-8.137696764222377421e-01
-1.627154685460695527e-01
-6.393464775209395379e-01
-5.898322556694981511e-01
2.913324730781479133e-01
5.141030055956317124e-01
2.121118879645499944e-01
4.314486992686070721e-01
-6.144736771498103822e-01
-9.347189300247822352e-01
2.778420564296098516e-01
-2.100006793698239171e-02
2.623408961842091380e-01
2.019695891795036391e-01
5.012485909589592392e-01
-1.227121443896140307e-01
9.428489595985163341e-01
-1.007416962259697207e-01
6.403327795951931911e-01
4.604558278764795398e-01
-7.541818090628975568e-01
7.562979573669161848e-01
4.370617508228096249e-01
-2.990810860665748527e-01
-1.190079115321484027e-01
5.140234511574253914e-03
7.104819902229628781e-01
-6.216147476483574463e-01
-4.328602238039363503e-01
1.466548111520946107e-01
-1.300517794891362378e-01
-9.549559670710047188e-01
6.682245017884284044e-01
-2.323060208715054809e-01
9.044275103696858276e-01
-4.649040160667933241e-01
2.398720729918807915e-01
4.041447915944973435e-01
-5.449402208288939287e-02
5.674042440583831892e-02
-5.260056267807908803e-01
5.760848462938105152e-01
-2.962811480509140033e-02
5.589186541289294929e-01
-5.316990920836340423e-02
3.337912021576528998e-01
-4.304102107038296765e-01
-5.748067020074980604e-01
4.062405024135266052e-01
-4.796734193218938902e-01
1.851511585341302224e-01
1.582078994425173968e-01
-6.099493780799918330e-01
-4.714164133413221713e-01
4.193518917030566451e-01
6.026171988998489937e-01
-3.008871723045499769e-01
-2.320940915125926374e-01
7.690859104969118842e-01
-4.987437434027326422e-01
3.052763519648844515e-01
1.528658296384512727e-01
-4.114604924094034666e-01
-1.963405729756008133e-01
-6.039170846248047564e-01
3.113713494849674746e-01
-4.175414081122894028e-01
-9.041348317870894213e-01
-1.625096201247626104e-01
-4.630801187315708445e-01
-1.371483608655502673e-01
-7.568864285692349370e-01
-8.719115225256708346e-01
2.998126620853932556e-01
1.000000000000000000e+00
-8.428975246394921905e-01
8.406626840867257311e-01
1.000000000000000000e+00
-5.730121983717080258e-01
-8.747103264603126593e-01
-6.963323190990335920e-01
-4.803116743386555698e-01
5.653763832691921509e-01
6.628151618567896808e-01
2.895538608558990701e-01
1.447652648562653410e-01
-2.241045377134174843e-01
5.808899460611587073e-02
6.743016068055098788e-01
8.582196200420669774e-01
7.969868299763814834e-01
