-1.870908022616172284e-01
5.098325852260374713e-01
8.403302418607883073e-01
-8.900837155418012125e-01
6.263914180867313775e-01
2.326916632637760773e-01
-1.386217365743093177e-01
2.175427199517002974e-01
-2.274767098098240958e-01
-6.506845590215615260e-02
-2.075472012698553748e-01
-5.872483253988122209e-01
5.763484920926786881e-01
9.348616714641942993e-01
-8.497020299885390537e-01
-9.402527894007104425e-01
2.346791062885103807e-01
-7.472026147037622579e-01
-3.584302652267001843e-01
-3.885300788656388393e-01
-5.805181748058961810e-01
3.773520675730452911e-01
5.763873285442701055e-01
-8.372962752147362908e-02
-6.166955309626693804e-01
-6.405305648709052058e-01
8.056384530862197024e-02
8.473882504728054155e-01
-6.145173224191583516e-01
-1.483295084566732258e-01
-8.005575470116138570e-01
6.597727890313844767e-01
1.582036250322790827e-01
5.231297880444825132e-01
-7.391035135892090602e-02
8.626668253878705395e-02
9.171268256262390395e-01
-8.894977934123047270e-01
-4.094761621165505794e-01
5.035757878549043109e-01
-1.283450399744195947e-02
-5.094475043558388538e-01
7.970418286201140790e-01
-6.779936533367800777e-01
-8.526706685208650383e-01
-4.612734573110108260e-01
5.044830542144111973e-01
5.614897261079780932e-01
6.902439936430855294e-01
7.124618090815164617e-01
3.755842692429912644e-01
-7.126844727111496525e-01
-1.374414077320132432e-01
5.254519853039507638e-01
2.297728068376757304e-01
4.811669621733732360e-01
-3.396267688763158210e-01
5.721881733522319324e-01
-1.101131993224029465e-01
1.782834598386940639e-01
-5.251368453109884760e-01
-5.714647912537457186e-01
-2.261298753464922318e-01
-1.173420620747988863e-01
-2.693408766056700210e-01
-6.178125071912532462e-01
4.398017101382864502e-01
-5.096748118784526493e-01
-4.400281860016219126e-01
-4.991149949315767387e-01
8.220647956980040583e-01
8.386617233737594379e-01
-2.619029293210342058e-01
-2.212876716392289111e-01
-7.687280785019912077e-01
-4.172652532035726614e-01
4.519740110531486055e-01
1.280391349251729927e-01
2.014159538063710064e-01
-6.644707002226792891e-01
5.488796245680793717e-01
-9.730341234174537390e-02
-7.048237750831363169e-01
8.117512799250363731e-01
-8.300235358788494722e-01
9.017271585194098771e-01
9.884618229346563423e-01
-5.417841657423353441e-01
-3.330789256289291012e-01
-5.442225641957019189e-01
2.856031908388981244e-01
7.822396890769817146e-01
-3.262441636132675238e-01
-3.227704179646878613e-01
-3.799854412357545064e-01
1.418077606961766768e-01
1.487104428277127854e-01
-9.182754469918912310e-01
-3.653483695208479820e-01
6.543129121388326919e-01
-8.353831918724255456e-02
-3.079113867848941033e-01
-7.391200359687623012e-01
-1.573616815866451524e-01
2.755754455865838670e-01
2.748049057833517606e-01
-9.235097682077905712e-02
-3.590229378751779721e-01
2.251222977489971133e-01
3.352303777356629988e-01
2.271238350243408588e-01
4.949532080289049119e-01
6.887656485335855172e-02
3.209675968501564669e-01
2.198205788743102795e-01
-4.146736043578219122e-01
-1.271967635323887832e-02
-2.465391133218570174e-01
-2.762469237316086956e-02
3.787511608106271521e-01
-3.248499651236652630e-01
-1.511025123443275782e-02
-9.010663414027637874e-02
4.739293760304763570e-01
-4.174046641051931128e-01
-3.997489074345692700e-02
-1.165205286184471667e-01
4.399445138430054802e-01
6.949106702932791313e-01
-2.626958345640919013e-01
-2.404861668459032653e-01
4.491505718499710920e-02
-3.229984395788506116e-03
-6.177522543699950908e-02
-2.285727415704226495e-02
-2.875649108718043578e-01
-3.078390045717915857e-01
1.500694308836786062e-01
2.927270522447285028e-01
7.275284106887446034e-02
1.942003746438899503e-01
-2.578725341418450223e-01
3.063251092824177402e-01
1.486581577153381628e-01
1.835805171094502808e-01
5.354972070092863801e-01
4.879506107905706158e-01
3.813213214366349413e-01
-3.756428941294956414e-01
-1.747278725793796061e-01
1.094631708099667033e-01
-2.208121511045873231e-01
1.384388607879972755e-01
-4.165470916287015990e-02
1.478451604855001399e-02
5.725160343018464298e-02
5.087897115870348118e-03
4.750012384124346898e-02
-1.101442716909589864e-01
-2.138220760869861958e-02
7.583152066923520840e-01
1.912967051567533994e-01
1.057701979305727819e-01
-1.626783257314213804e-01
1.206833235864542414e-01
3.748681613111659039e-01
4.038776040931929545e-02
-3.318127634228262846e-01
3.170251002049168099e-01
1.950041983726339412e-01
-3.648500105167809537e-01
-3.199340120240909968e-01
-2.222970338419571756e-01
-6.490878632541913218e-01
-3.134534021317873509e-01
-1.517599696647485841e-01
-2.872218257333987168e-01
-3.273879622494716424e-01
-1.399396857354366641e-01
-1.411557305884131586e-01
-2.006826349781705987e-01
6.450043925752606544e-01
3.987638193442170076e-01
3.673693958244357849e-01
-6.890195643723399099e-01
-5.191447903415397080e-01
4.222561829590188998e-01
-5.333031607339833169e-03
-5.170513426205316510e-01
7.513189549244279064e-01
-5.184477626576804443e-01
3.706169717944458875e-02
-5.519380595747185314e-01
-5.760247496791334187e-01
-2.407675963042220091e-01
-6.199405700235902650e-01
-3.372277811865223018e-01
-4.509019466837508316e-01
-6.396726281931853775e-01
2.961571326416315708e-01
7.227842153449521856e-01
5.989275224813083165e-01
7.525553308872791058e-01
3.242542629739750826e-01
-8.409171537397484020e-01
3.838942805243414913e-01
-5.154289807647209898e-01
7.683733376192278808e-01
-1.000000000000000000e+00
1.274331849977335118e-01
-7.076686696575549274e-01
4.214821197619469384e-01
3.315372518981403727e-01
7.993774667545237023e-01
8.992585657597992888e-02
-5.599147633768990495e-01
-8.444636665529933195e-01
4.601416902821630628e-01
-4.348288517836079725e-01
4.732099919484162309e-01
2.044828008680222853e-01
-8.333487756355729692e-01
-3.385877865254813823e-01
6.780263956384511292e-01
-4.257736984160493399e-01
-1.938817067541024897e-01
5.060891719753510820e-01
-9.894769586047025278e-02
-7.624253162547587337e-01
9.608810142782181485e-01
-1.295471717294059411e-01
1.588001291381133662e-01
4.350943940029872170e-01
-8.102887096027284741e-01
6.299448312668289862e-01
-7.339421845648165244e-01
-6.004730749088940667e-02
5.021535468809426028e-01
-6.238173494901655403e-01
-1.000000000000000000e+00
-5.075876054138945825e-01
6.126514796076036884e-01
1.910349537171729950e-01
-5.731613819597024956e-02
-4.870370822592937632e-01
7.531092846261832063e-01
2.661944803498967893e-01
5.788193754325338114e-01
5.381915285534970561e-01
-5.992293339646472816e-01
-3.170305454154537239e-01
-6.833688309503548330e-01
7.677977382953643515e-01
8.044157066507214848e-01
-5.912203030068947651e-01
-1.472002979429320180e-01
-1.598380044216283768e-01
-2.642368533419213739e-01
-3.767556021934785337e-01
6.956999966765780030e-01
5.251475328141386179e-01
-2.363156243984650962e-01
1.879469494625087000e-02
7.504375212951915897e-01
3.160733936156350649e-02
