-1.862217721550523397e-01
8.611935202951890300e-01
5.289162263960757171e-01
-6.635152833763255931e-01
-9.133602039494584934e-01
-4.706861809544398700e-01
1.973481867527223099e-01
-2.315023380465266178e-01
7.965324373984110640e-01
1.812512316884283270e-01
3.789660686988081673e-01
-3.839604373428411876e-01
4.198438460066573064e-01
5.333971058441939750e-01
-8.758605478483921791e-02
-3.673096893514025685e-01
2.603387801209939845e-01
-2.654332519418256542e-01
-2.530695136904648757e-01
-4.109166688502240428e-01
-4.420861193240714360e-01
4.657779060053343634e-01
8.580679675143085827e-01
2.593907447487605045e-01
-8.752713341192218388e-02
5.924111180726563397e-01
3.026977434439189277e-02
-4.325566703460725360e-01
-2.708556688968801196e-01
-3.602965043422673985e-01
7.913704411180021436e-01
7.337786940148183223e-01
7.221910223516943006e-01
4.568458017290654705e-01
-5.624986619228468099e-01
-7.236494090810783320e-01
9.088795441199977176e-01
8.099626389571527862e-02
-3.590846971523659614e-01
5.652158060533047923e-01
-3.595388174284594451e-02
9.442219160424260294e-02
-2.550021432037045122e-01
-1.772339448102379922e-01
-3.867856794028637912e-01
-4.374518621735111745e-01
6.517637600709041967e-01
4.803736058900594519e-01
-2.028446691198231566e-01
2.978367064548733539e-02
8.659016936898843442e-01
9.438474399897062161e-01
-5.280995321959236488e-01
7.896612785453326344e-01
2.385577754689585384e-01
2.101937599571020443e-01
6.914229638488941787e-02
-3.476902260834408009e-01
-3.999197454564503706e-01
-4.532654115669208506e-01
1.008370144615621106e-01
5.221734532223926833e-02
-2.794992932661468088e-01
6.520640892652587173e-01
-6.986307686490469404e-01
-5.726304255335484816e-01
1.099381801877340366e-02
5.788185027819261474e-01
-2.265314025650872198e-01
2.074442435635621418e-01
-3.891184421661063597e-01
-1.854009589227534893e-01
-1.772740592226550727e-01
-1.406765005895912191e-01
4.699982984007905484e-02
3.444762393303551495e-01
-2.232247418865238864e-01
5.048515664079935572e-01
-5.139843442191522893e-01
-4.834874579394673466e-01
-5.144400974981278019e-01
-9.975086364631277625e-03
-1.823668128136558819e-01
-3.248038427542700446e-01
-6.522360884256306335e-01
2.250664381572674566e-01
1.068765449641469606e-01
5.171058908198481463e-01
3.638405894579279098e-01
2.732132772387376174e-01
1.044746644707678640e-01
-3.438010304730347300e-01
2.686692746274228494e-01
-6.459622630968238355e-02
6.052797756020855680e-01
-5.342420760106279115e-02
4.908977853327705088e-01
-3.508526242622365121e-01
-1.870057717235497907e-01
9.576348622372494734e-01
3.265141516323520343e-01
2.326540950447992251e-01
-2.288264096174111861e-01
1.289163513510145909e-01
2.030991832676259934e-01
-1.670998298072722543e-01
-2.366023318078246673e-01
1.453878523704597303e-01
-1.748513267776678065e-02
-4.623901432381665177e-01
1.201100668548329420e-01
-4.329975516430463189e-01
6.705380766191517683e-01
1.768410516799852061e-01
-1.370551647224889646e-01
6.407364977697059538e-02
-2.141068448056442364e-01
1.924227387798163602e-02
4.182663185203525091e-01
7.465881378095917675e-02
6.555148217654260812e-01
5.222343752006939344e-01
-7.854667286185141872e-01
6.836985070645857920e-01
5.827297785120102436e-01
-1.082949564961543376e-01
2.290255287759691560e-01
4.374430966698644729e-01
-1.059002749388299712e-02
5.506450917836404058e-01
-4.217194595567595738e-02
1.512315248047156613e-01
-1.833020328047596514e-01
-4.735427223163535260e-01
3.379800607389772393e-01
-1.805711900536376979e-01
-4.737009670500892389e-01
-5.904454315043632384e-01
2.112369522493854346e-01
-2.187510964505052780e-01
-5.348904837469559137e-01
1.730912808167803518e-01
6.988203149740042364e-02
5.089957408566236907e-01
-3.223670922700585528e-01
-4.770992256314475766e-01
-3.239638200577548144e-01
-1.565681161621558515e-02
1.459537520431628821e-01
-3.601623622467418628e-01
-3.182133319486526446e-01
-2.638164738210375115e-01
5.463675863367470908e-01
1.472059968503781902e-02
3.785108321037157220e-01
-4.356540740887386853e-01
2.405887148724821789e-01
-7.849963399483024240e-01
-1.018755319264557230e-01
4.419530763531251405e-01
-2.409515008221514709e-03
-4.397827332835348990e-01
-5.280960310745759223e-01
-2.655152224787526993e-01
-6.470987745612373498e-02
2.957327690144012089e-01
-4.971475914542525243e-02
4.345327027485509364e-01
2.468470858366487442e-01
-4.610435362529926029e-01
3.068723405625728429e-01
-1.916456765831147380e-01
-5.601044405609773014e-02
-2.156654863045717185e-01
1.582942215948987541e-01
-7.664157632232830863e-01
-4.375458920866871076e-02
-3.032816881088388206e-01
-5.237542570632159888e-01
-3.779199522279776402e-01
-2.210383174688337893e-01
-6.950826394750742043e-01
4.639304492377826494e-01
-4.841224180664188137e-01
-1.244657504047707725e-01
4.764483734843951573e-02
-2.090657564313569972e-01
1.872139514334622834e-01
3.524078288380645407e-01
5.691040705939109934e-01
-4.048290630082128638e-01
-2.677430285828131806e-01
-3.183444529118565347e-01
1.457534396701089252e-01
4.434917340620034287e-01
-2.299177486749237609e-01
-8.153066018223943667e-02
-1.178816808273606687e-01
4.452345405720888882e-01
2.189676433006468859e-01
-2.100834470330550652e-01
-4.314852329003474596e-01
-4.963518161569623333e-01
-8.059038055121781063e-02
9.538955044239154357e-02
-3.736799225752202580e-01
-5.987951895845364803e-01
-5.809325972054156795e-01
-4.590535271520140848e-01
2.172211950192464436e-01
8.869300322875907361e-02
4.002422158580415390e-01
-1.959380710685593996e-01
5.764320446229558720e-02
5.416221782172705446e-01
-2.424149786693650110e-01
-3.772423247819506331e-02
3.488925144478557394e-01
4.182011910491717499e-01
-3.502730631169888587e-01
-2.256271021421200340e-01
2.892154184327734301e-01
4.553589627121295419e-02
5.646929898500386846e-01
-5.439644022832497150e-01
2.026218832067103459e-01
-6.697339334652677723e-01
-3.715139013695496484e-01
3.387981722891506564e-01
-7.101094907653898725e-01
-3.240219025955919374e-01
-4.648953705529362268e-01
5.657143839008835773e-01
5.302089686255762047e-01
2.689358904074560797e-01
7.375079813567189113e-01
6.088366484917921984e-01
5.884588898529646839e-01
3.358567696497566923e-01
1.319616779697853071e-01
2.315858276178463238e-01
-7.602917658367662757e-01
-6.054310060484021649e-01
-1.403865387478998583e-01
4.396757722367938825e-01
4.544719968918078390e-01
-1.907919027919713351e-01
2.459430269895511723e-01
-2.752003730781819590e-01
3.965961653527614872e-01
5.443161821343676099e-01
4.552055409626566407e-01
-2.748581740879162960e-01
3.446781465757139395e-01
-1.059576157770505400e-01
-7.620773777955629491e-01
2.011509485126236896e-01
-8.494694182934923177e-01
5.747322897159244937e-01
-6.075247597265056587e-01
-9.074276277365316279e-01
-6.178447822227999264e-01
7.358254022741173017e-01
-9.513004977806169271e-02
3.187605466985487523e-01
