-3.316385440977294707e-01
5.448339796145087316e-02
-1.161915373475433388e-02
-4.069602220777292917e-02
-1.257111890037524160e-01
-5.329513902297118577e-02
6.266567171471170150e-01
1.255306286048852582e-01
-3.278719593818804068e-01
-1.057892093875219958e-01
1.279840781961329721e-01
3.052507741105077443e-02
3.541414675875747403e-03
1.908975862170452786e-01
7.409090514637205194e-02
2.981699288168894180e-01
-1.813836867382985218e-01
3.701012187015077781e-02
1.551897078989269430e-01
3.646464317196704830e-01
-1.812868428486707206e-01
3.773071108001589957e-01
-4.048036124806989045e-01
-6.136900855832438939e-02
1.158515653161824449e-01
-6.059629294511872377e-01
-2.925666009719385952e-01
-3.188161420362085607e-01
-5.550096981053109779e-02
-7.849821026366030630e-01
4.411735465891111763e-01
-1.336575280265086749e-02
-3.064735074103402956e-01
-4.168014865409510050e-01
-8.515544835981947447e-02
1.366372136806842941e-01
-2.216713562159192685e-01
-9.974243853345375610e-02
4.201808184866920870e-01
3.923356102419703895e-01
-2.320442976317305672e-01
-2.257259958934277611e-01
-3.365083418249706915e-01
-6.729145852876794454e-02
8.703373926594440979e-01
1.058670425670880239e-01
-5.683033065164351250e-01
-2.656871251423524871e-01
3.550016770562441915e-01
-6.205237792481929637e-02
3.954988578329393656e-01
-1.061438805166488308e-01
-7.316878359484699779e-01
4.375352004935875727e-01
-5.797378457176638467e-02
-2.291513447707886064e-01
-3.325021436946111741e-01
5.506871835008594340e-01
-1.753679862847664084e-01
-3.626021347203832457e-02
9.908586780217362722e-02
4.588248514547070833e-01
2.052343979168730348e-01
-2.519501142917838221e-01
1.032610993607801231e-01
-2.556632580050585135e-01
-8.157912950706394106e-01
-4.553656502050484334e-01
-2.563098208428969960e-01
-4.361429100289526684e-02
4.397419071897354925e-01
2.825794461177021377e-01
-2.589887522442467782e-01
2.153879685311566594e-01
1.000000000000000000e+00
-2.500814483156762469e-01
4.913718695495942757e-01
-6.204438305415360677e-02
9.979489854469100751e-02
1.207378984072744188e-01
-5.117485535348088865e-02
1.241891243276458945e-01
-2.588953401644147889e-01
-6.423703475295138299e-01
-2.639095464054604934e-01
-2.788930146338702287e-01
-4.529227427281053431e-01
7.104000756346767753e-02
2.672828270444375653e-01
4.580318732663596348e-01
-2.225722387793191981e-01
-1.578486418860475249e-01
-3.646027650133644160e-01
5.018629488937165206e-01
-1.632518515189592678e-01
6.829136766690127591e-02
1.988862690042093040e-01
9.408747470204756325e-02
-4.036590833393686184e-01
2.294097533167623881e-01
2.209205469054672522e-01
-1.913692337634425866e-01
-1.122174361294099726e-01
-5.187865075317482644e-01
5.264004044343242317e-01
-1.487684658874488530e-01
4.576937552492224004e-01
4.616875167208370212e-02
-1.368002980765108401e-01
3.280492103649900182e-01
3.751103270192951977e-01
-3.514006198499241562e-01
-3.121138522080726396e-01
-1.113604335339146711e-02
-2.416711575785256139e-02
-3.468323209645665095e-01
-2.547488173029854308e-01
2.331013893875790721e-01
4.077102313961164515e-01
3.890990652862942323e-01
1.278174676088308093e-01
-5.288936719632343353e-01
-2.972202166768036502e-01
-4.140797873078488900e-01
-4.742547488300977165e-02
4.740728106939229303e-01
8.687255338532553495e-01
-1.427065540343289141e-01
8.396715520611059969e-01
6.625628326014183500e-01
-2.312918293219810018e-01
3.694383044244725078e-01
-3.858851212121274660e-02
1.918501538154646080e-01
1.324446837384333497e-01
-7.733714434269198801e-01
-8.130871994015895221e-02
1.212724548599387747e-01
-1.183493017561343674e-01
1.023125312965141587e-01
-6.343632815810560377e-01
8.799837214674743890e-02
-2.864779642246523261e-01
-9.200619121637040876e-02
1.538585235772473581e-01
-4.055307029565147214e-01
-4.211407294756809305e-01
2.969170159574874637e-02
6.818503258930663780e-01
-8.531824667047291366e-02
2.113868814793035400e-01
1.000000000000000000e+00
3.264792565888305909e-01
2.784785577435937576e-01
7.072611452169019763e-01
2.514983718811812374e-01
-5.246866198394428693e-01
5.723995619858741613e-01
-2.874360919969272121e-01
4.449110190985813840e-01
-5.067406052101780523e-01
-5.115841904227502734e-01
-1.558240518207498759e-01
3.077356674931326919e-01
-5.362959817103888360e-01
4.305493031029487133e-02
3.857634657253934396e-01
6.136540848608433851e-01
-2.495069273543456256e-01
-3.811161854881738309e-01
-8.958639720786261140e-01
-2.674872956978841532e-01
3.387853083741014792e-01
4.300761338154930336e-01
7.166433313070917910e-01
-2.254338666616184650e-01
5.206437187372897624e-01
-9.240417543630013997e-02
-3.700089825099120433e-02
4.942697421780776201e-01
6.403539762846727212e-01
1.000000000000000000e+00
-3.918863839844847763e-01
-7.830063261054472923e-01
2.881241912118758797e-01
-3.450306542881960703e-01
5.343612746941172054e-01
8.511976370928436841e-02
7.017312916404752077e-01
2.635983721716170791e-01
-4.495080134282718465e-01
-5.759119816867769304e-02
-4.282792598698659803e-01
-3.676458062252641046e-02
3.790961976573832826e-01
3.472346712418621778e-02
4.273625858065852046e-01
-5.566689100592221440e-01
-2.551525741268384495e-01
3.803960825702412674e-01
-3.791446750726334969e-02
-2.833434273671397996e-01
-8.582159667442323947e-02
1.050121024542524373e-01
1.514536775029171334e-01
-2.183064837751246545e-01
3.248982046285447955e-01
-2.002915940650100146e-01
4.237236238250347009e-01
2.206893169213260120e-01
8.265523395525919970e-02
3.911269179162953358e-01
5.488967353986090592e-01
5.185305215332347561e-01
-2.211924974283267509e-01
-2.646240944705213760e-01
3.399132834514478896e-01
2.233627097586675658e-01
8.590478013047006534e-03
3.611949448468689261e-01
-3.640318759361019785e-01
4.060183713940382355e-02
-3.334114871236432687e-01
2.594472822840876436e-02
1.794352104202081855e-01
3.607597937537392885e-01
1.622747863048047134e-01
-1.078286813437431685e-01
5.539090806231942304e-02
-5.508767627324706595e-01
-4.653690745616522184e-01
1.816400065050489121e-01
-1.164003302146141700e-01
3.569095647133328775e-02
4.386836430257282649e-01
-3.361477576320234251e-01
-6.553064950054519056e-01
4.049797099660294997e-01
-2.656926747204977346e-01
6.728207553626082138e-01
-6.003955093248822261e-02
3.872455638058217020e-01
3.172780365453523599e-01
2.919986399255796242e-02
-1.976805046560306811e-01
-3.649016221586087738e-01
-6.485971841747258937e-01
5.456714846799043395e-01
-3.038973310394111338e-01
5.522178729447146245e-02
-3.935531761355263725e-01
6.343113256704088765e-02
2.927235577481772655e-01
3.933537131766405848e-01
-1.962127200261100657e-01
-4.701309761146700295e-01
1.160561339390698068e-02
5.345122147235862320e-01
3.246460344874182447e-01
-3.541712861453401584e-01
4.927293753823233091e-01
9.679536617765596707e-02
-1.193352808133226091e-03
-4.109661260916350756e-01
-4.934162962049892798e-01
