-9.551130855035593059e-02
-1.077547948358941327e-01
-2.467623743574690609e-01
1.933316602610239410e-01
-1.915498050216413173e-01
-1.804315783699354525e-01
-4.253152167982156978e-02
-1.474213851221386207e-01
7.052510274846507388e-02
-1.723620986909848440e-01
-5.971596554846440863e-02
-3.935529590894048524e-01
6.461493846796960427e-02
4.358812523450050769e-03
5.541603622164999188e-02
-1.998573364461635193e-01
-8.264788036753770162e-02
2.971773374225978107e-02
-2.573798967245862213e-01
1.856885457260876726e-01
-3.789915933179033858e-01
-4.103105464267071678e-01
1.948049628267600752e-01
-3.407617975821758960e-01
-4.761899654180031805e-01
-2.177558377411482338e-01
2.860822345931025024e-01
2.855692246160806413e-01
-1.136432318475753545e-01
-1.292734919799273796e-01
-3.234624809399498924e-01
2.775431045166125710e-01
2.924430463274452219e-01
-1.626491164482813667e-01
-3.030801622006127904e-01
1.093727094402931477e-01
1.869304858678324244e-01
-2.274572766600868878e-01
6.914065279849750389e-01
-3.703151765010280760e-01
-2.537872185337836650e-01
2.017695236642819967e-01
-4.968102653002515190e-01
2.804866448604738105e-01
1.064353524965080955e-01
2.827957342672138795e-03
8.812830618390062043e-02
-2.338546066786524880e-01
2.318376228582842979e-01
-1.059414933436742534e-01
-1.299523229619279352e-01
5.334431592310015513e-02
1.815534824359134880e-01
-2.892701888993265413e-01
7.558479992003259984e-02
1.810176425944866052e-01
-6.622205252041490908e-01
-4.607723865478127734e-02
-2.251541060962843344e-01
1.354263513123232510e-01
-5.005488494963806767e-01
-6.259120239370609129e-01
2.258207055824371645e-01
1.977232371790131615e-01
-4.361219925875902681e-01
-6.218946499107871340e-01
-2.989230739162330175e-01
-3.971153116670568875e-03
-1.928321353387687509e-01
3.725675399353306841e-03
4.178606732851137262e-01
2.553646173256017282e-01
3.969171703562629494e-02
4.912672669898339728e-01
2.149725660136112548e-01
3.448590344727898160e-01
5.142253224231500830e-02
5.044291134027927281e-01
-4.552678953340569823e-01
-5.984982445363653536e-01
-1.473220401889087927e-01
3.783181368100156927e-01
2.129470917234204536e-02
-1.758245898307161104e-01
3.195751905765107925e-01
5.178259994641207925e-02
-1.079740623542175260e-01
1.758264023282102850e-01
-2.104547553895552425e-01
4.642824931661926335e-02
-2.691878036280342390e-01
-5.596998267131835236e-01
-3.443081357229097472e-01
4.108818038012600482e-01
-1.688154684563362706e-01
-5.796995319830724330e-02
1.114821946158381198e-02
2.963696187438796467e-02
5.986370344426705792e-02
-2.315087202339296824e-01
-8.766194039618852019e-02
-5.307476611093180363e-01
3.368916902359856413e-01
-7.277796896850524666e-02
5.202535640025612688e-04
2.332409423889318656e-02
-1.032599936426121523e-01
1.919585867343559793e-01
1.204970366143671978e-01
-2.608726073900725084e-01
-6.248181411752289777e-02
3.632403811592391230e-01
-4.871945448847927462e-01
2.783670379798293126e-01
4.379534174086553711e-02
5.639459106816055445e-03
-3.832251439663511561e-01
-4.685239091024939184e-01
6.433057522846841181e-02
1.404271458036846290e-02
3.491368269889343068e-02
7.314217965545742606e-02
-1.337132053229452278e-01
-1.203639294448586444e-02
1.765597467545006460e-01
-5.530812996584360403e-02
1.375363214075411289e-01
-1.383490427839101922e-01
-9.570127111877241299e-02
4.774263003276170425e-02
-2.078600488890693931e-01
-1.186881757924057590e-01
-1.023543547076109922e-01
-1.068674431423205784e-01
8.482125941071574915e-02
1.758329208967239488e-02
-1.033038699100176511e-01
1.601860512355705035e-01
3.844265739488901268e-01
-2.198771057595032274e-01
-3.175043582801447273e-01
-5.737021211925411035e-02
-3.266828623058308789e-01
1.030074821328351986e-01
1.003531495962685371e-01
1.439738419555596227e-01
-3.738103523811874829e-01
2.403671956005185850e-01
2.435296698153181505e-01
-4.398553019983256901e-02
8.559270646010529171e-02
2.114981102655796863e-01
3.835556560910076407e-02
8.578829007415075814e-02
-1.081058980129111502e-01
9.166804165705066954e-02
5.129076744092412321e-01
-5.607209229263024342e-02
-6.544898974248257728e-01
-1.396522317888821973e-01
3.118686096949312425e-01
2.317770534206792521e-01
-2.335186672157561483e-01
3.083160059836577704e-01
-1.241799925590831855e-01
-3.006957168751620557e-01
2.272192364695274081e-01
-3.618762692165364836e-01
1.306972729771067876e-01
2.746100094195128016e-01
-2.222403934912769996e-01
-4.561458159228637399e-01
-1.534485764686281395e-01
2.038318163747914191e-01
-1.901598964872596442e-01
1.899045947455223204e-01
-2.859503069925553587e-01
-2.514588530850102033e-01
-3.393688488324071439e-01
-3.661408085214319930e-01
-2.786746949134710216e-01
-5.798747244223935171e-01
5.666137754921971581e-01
1.077607344290228975e-01
-1.328593246144730844e-01
2.666763169429747782e-01
1.538904065627303211e-02
7.602081497647948660e-02
3.915283994906553766e-01
-1.782509898043782015e-01
-6.156977581122442811e-03
7.802367315753772070e-02
1.671864603674769745e-01
-6.854024366511744792e-02
7.599747174067718325e-02
-1.014750559022769977e-01
-1.566711364373900850e-01
-1.576711426678387845e-02
-4.577354587377857609e-02
-1.464223434716213912e-01
-1.876369563770570736e-01
-1.776068318624658693e-01
-1.238552096151585152e-01
3.310386339216944140e-01
-3.357850917659933043e-01
-2.434535517204620692e-01
-9.067004080225579687e-02
-6.610987016990244047e-02
2.477885479715930817e-01
1.110587792333468660e-01
-3.319693493159222575e-01
1.247821958939562548e-01
1.893296269679376753e-01
2.178048687912334525e-01
1.645288816011977739e-02
2.999721916311551273e-01
-3.477282141700229201e-01
2.221537447641255547e-01
-1.915574635461172182e-01
-5.898277554853392779e-02
2.176102508072962349e-01
2.011003675066668495e-01
5.909844175205072186e-02
-2.453460114387783497e-01
-1.520163927875683441e-01
1.610273039583839383e-01
-1.379766587938756339e-01
-4.819182005603742797e-02
-2.775223514085247145e-01
4.069146743670835620e-01
-3.802512888698929283e-02
-2.715742654639048959e-01
3.394930566083023682e-01
2.075965967335616780e-01
-3.801250848127127324e-01
3.716663432105888898e-01
2.238013800194677827e-01
3.379688336930140036e-01
3.557540891037007103e-01
-9.462897398498655577e-03
5.595639950778096006e-02
-7.484559547875130336e-02
3.087750967906850025e-02
1.959285311242202690e-02
4.319029731094864433e-02
2.515838732158932056e-01
-2.492018468486245086e-01
-6.001971629302244038e-02
-9.342387946802292731e-02
2.039759998485862758e-01
-3.312962704894452104e-01
-4.517238059170130549e-01
-4.627556444509849792e-02
-2.571415094171062288e-01
1.878670863413269831e-01
-6.189368701622997328e-03
-3.669194371377613728e-01
1.632090062869233013e-02
2.636084112404717961e-01
-8.108783396260589582e-02
-1.530806185969829647e-01
-2.226856602120742823e-01
1.751616834322667071e-01
1.069976795706261558e-01
6.066541557366097320e-02
