-2.629891320372120256e-01
5.489028580269007529e-01
2.743078797982531070e-01
-1.387958115197582276e-01
-5.160183071613118691e-03
3.043270896966753791e-01
1.334163921989306445e-01
-1.825389557732249313e-01
4.691568119649264235e-01
-9.391807339382507447e-02
-5.025860810584649174e-01
-1.025442891788583694e-01
-3.932253668166743599e-02
3.059665173105839409e-01
2.740531384760028916e-02
-2.101770976621210318e-02
2.400654484355945195e-01
1.218240340107917541e-01
-2.797300041995820497e-01
2.494326150198240832e-03
5.893192780978427914e-01
2.802902067755098647e-01
-1.591408063831253328e-01
2.745115979643740212e-01
1.580721181144099374e-01
-3.848489224329186276e-01
-1.120315129764827000e-01
3.014052407852009230e-01
-4.195790935247921682e-01
-3.170402634599683300e-01
-3.396010967183378249e-01
5.759053915390007772e-01
2.633168460073246342e-01
-1.094380971062553914e-01
2.058749217383400720e-01
-4.667421850404959022e-02
5.569297783256598189e-01
8.056547653963068711e-01
-1.006134727615396775e-02
-2.548458260871850900e-01
7.020880224850323259e-02
-3.090593612927395872e-01
-2.105035392611412370e-01
1.687922371634306140e-01
-2.884440885315979752e-01
-3.479638421438529527e-01
-4.110747083466200769e-01
6.335186593970602020e-01
-1.577478647053374428e-01
2.534364426208014498e-01
2.981933691819830257e-01
1.989644072026183208e-01
2.696452446637297995e-01
-2.337619712085781121e-01
-2.535788895058618819e-01
-1.511634953057874875e-01
-2.558549129150893831e-01
1.565924586928486850e-01
-1.593136686002319946e-01
2.341273428495697084e-01
-5.806602820495734285e-01
-3.106187524875772543e-01
3.916498817039393981e-02
-1.178076075153754176e-02
-1.717644677588055502e-01
-1.747250528813400761e-01
2.843532372686580212e-01
4.177570924210426417e-01
-2.859291837827424021e-01
-1.827671975105853164e-01
1.946465303608880260e-01
-1.110920083166146988e-01
-3.878078604969770748e-01
6.084463720480872695e-01
-1.534200883621969491e-01
3.688468376697002782e-01
4.180260943877522894e-01
-9.500725314188071535e-02
-2.024551463542079710e-01
-1.963088709252303610e-01
-3.147456028929640492e-01
3.297608189257661415e-01
-1.120789365639481977e-01
-4.259004412621696378e-01
-2.173077387349815481e-01
-6.462841991092433958e-01
-2.719141883766877932e-01
-1.373701847080448513e-01
-9.661212790577938803e-02
-1.098756363705960803e-01
-1.276706596570736374e-01
-9.849438745291629049e-02
-5.721402912925117601e-01
-5.885892693943604037e-01
-1.399218198118538925e-01
-4.545239164683477218e-01
-4.074528717687063151e-01
5.159212029958099022e-01
7.061727566024764147e-02
-1.605732432788350636e-02
-4.023201711947389098e-02
4.298194933815718821e-02
-2.361300445358618105e-01
6.515226390596609574e-02
4.116608173907249091e-02
-4.244588417627039867e-01
-4.716265278197285388e-02
2.596678604291018377e-01
-1.221851338467059289e-01
-5.154727795634214682e-02
-5.494949272861768957e-02
-3.617902570165753562e-01
-1.126547048036548593e-01
6.048619243711992333e-01
-5.216433355106339098e-01
-1.798223651383439037e-01
-1.773856555196550722e-01
-3.768636093366346529e-01
-2.286533474172021685e-01
9.873815336614705229e-02
7.923675637204728728e-02
8.289721197761965032e-02
-1.591051725329521715e-01
3.652582960356439146e-01
-2.403567861105203596e-01
3.027460955017375333e-01
-3.922501423175919211e-01
-1.284312861485140123e-01
-2.864229997969904296e-01
-3.628655870906059844e-02
-2.165437589289289158e-02
2.714041171525644058e-02
-9.287694827599390912e-02
3.542302479137824367e-01
2.084142660221668664e-01
-2.190366093834346384e-01
-5.850950317889357100e-02
3.229557915862890649e-01
-5.567475698491632929e-01
-1.453290734369846460e-01
1.510990174392537466e-02
-1.096291129347569948e-01
5.846323283693447698e-03
-2.943223609124934748e-01
-2.735964772922245269e-01
1.265996717124462378e-01
1.994769247599637862e-01
3.004027609539988708e-01
-1.072612513572551718e-02
3.459414315728506217e-01
-2.395074388227940720e-01
9.588261835784611664e-02
-8.113609293008999801e-03
-3.104755467061744434e-01
2.108675879317344903e-01
1.350558638029984437e-01
-1.264490388060963144e-01
3.212276630673932543e-01
1.463370231722478376e-01
1.447381749596412248e-01
-4.828235250444069537e-01
-2.365727406217633944e-01
-1.705803186924463866e-01
6.131865588076140794e-02
4.683224801697062345e-01
-2.750355496946476630e-01
-1.689493206294424010e-01
-6.702930039340331270e-01
-1.106354798161019171e-01
-1.397923370450794289e-01
2.635286333562197880e-01
-4.055985892298542839e-02
-2.270971951662351107e-01
-3.571714500590305041e-01
-1.775892106938698478e-01
1.656715281267354470e-02
-4.118837327017382810e-01
3.183199765929557445e-01
5.182119167616042743e-01
2.328457905764754476e-01
-9.912750299764461204e-02
1.114095806884281975e-01
1.557613863968871637e-01
2.007812748312062245e-01
-1.854226509910615883e-01
2.065497609464168050e-01
-3.082565131944330350e-01
5.602697696780156722e-02
1.762027012328918896e-01
1.326231413394994008e-01
-1.283669079640544219e-01
-1.250573546667651526e-01
-3.475186514544314487e-01
-1.205026035477184121e-01
-3.233751657493951215e-01
1.819439311494186196e-01
5.098978981785073916e-02
-2.525332593131363601e-01
-2.876667720141547480e-01
-2.261442905091734790e-01
-2.442562260895108639e-01
2.794426744278127872e-01
5.464835330689897797e-01
4.058781136318087013e-01
2.636412480179412543e-01
1.046149329353773111e-01
-4.164371644379213366e-01
4.776063964836753106e-01
1.593699368295451724e-01
2.246246935324464900e-01
-3.866573913002707696e-01
-2.617429043469844396e-01
4.339734792693827892e-01
6.682796966794175564e-01
3.902007963170262550e-01
-2.557072131968186612e-01
2.381551344334585374e-01
-2.129277386109343084e-01
4.735959489864787209e-01
-2.308601995210952385e-01
-2.226157054761901677e-01
-3.312062278783198810e-01
-4.733319276445501628e-02
1.386908510524680060e-01
-4.960539688885673981e-01
4.751084358495035603e-02
2.318660705440607206e-01
-2.718439549740558903e-01
-5.294716399178209937e-02
-4.580421245334537206e-01
2.382541383047374617e-01
-9.594072712423498683e-02
2.840344701692816276e-01
2.753435625277713683e-01
-4.406862890810060024e-02
-4.325175252928362135e-01
3.857573268204668171e-01
-3.490785083696839597e-01
4.516989556501235792e-01
-1.900224133027885454e-01
4.031071739036644064e-01
9.571116172485474860e-02
1.692503927273911746e-01
-2.991741405935396253e-02
-1.231834404083983064e-01
2.966939895942335426e-01
-4.013513048121727378e-01
1.737987996809341462e-01
3.591104717613946562e-01
-5.256524793880265056e-01
-2.594354173072849767e-01
1.958636014371757314e-02
3.128417577910713038e-02
-9.114910448814252941e-01
4.109455350714031480e-02
9.462341759160967924e-02
1.148534246590621477e-01
-6.867961975354466841e-02
3.614083805603462429e-01
2.293325416093173474e-01
1.774542298350816893e-01
5.905470189460200192e-01
3.396777547833559341e-01
-2.620726318590569370e-01
4.260053106915773213e-01
