-2.266096943596238589e-01
-1.597327811204932169e-01
-5.658101731321221045e-02
-7.710103723297376255e-02
-4.422427026872409739e-01
-1.855448900726470174e-01
-2.181747984065772472e-01
-2.740110805684339290e-01
-2.128152177009362822e-01
2.776770188900570258e-01
-1.695760078587083552e-01
-1.222713035458212749e-01
-1.280765328620140642e-01
1.922752233078412754e-01
1.993976499640527367e-01
-1.590121141258434567e-01
3.762696365165940637e-01
-1.248841283370898392e-01
-2.498321307159467874e-01
2.074137852749553534e-01
-2.491393394113079474e-01
2.295640031424126537e-01
-1.768237213904900740e-01
3.438156411536539281e-01
7.528874863881643287e-02
-6.397711489187053735e-02
2.846263203824384025e-01
3.341144182119273193e-02
3.115453083264198009e-01
-2.615945562704423688e-01
5.242900180641243968e-02
1.745669257205162139e-01
-5.002848252850000677e-01
-3.572379605969322469e-01
-1.315908439981166023e-01
-9.406370585639065030e-02
4.545444795657484216e-02
1.792413492640407002e-01
8.040775090905656619e-02
2.478953729693536279e-01
-3.782607381002953684e-01
6.615485060040893206e-03
-2.343709350377569667e-01
-3.291463240088767228e-01
3.817939012224335626e-01
-1.638169700839041121e-01
-3.901958755641281584e-01
-1.483454537802353923e-01
2.006404035691525950e-02
1.185427063456270108e-01
-2.562539868517684227e-01
1.090206177189889797e-01
2.172336356843581895e-01
-3.144067222516374049e-01
1.323009251670793640e-01
-3.844555309872413340e-01
3.200320271739323097e-01
8.676744414844644870e-02
-6.169772260634069916e-01
-3.327871037893662121e-01
-1.422857071797075101e-01
2.288634489090406177e-02
-5.268668794500340757e-01
-2.283613063643967142e-02
-4.085152907538495137e-01
5.172151145440768705e-01
-1.499445329877703015e-01
2.894379373443529448e-03
7.560223944020875997e-02
1.815417270441743725e-01
3.600929071397127590e-01
-1.383956979024067446e-02
4.197588371674570995e-02
-2.013727615966792173e-01
5.978374135611290267e-03
-2.329173764497018961e-01
-1.011884281560293530e-02
-2.544003347557997896e-02
-3.346544132985981856e-01
-2.253081019521806228e-02
-3.971256326170934797e-02
-4.437588103951634055e-02
2.775970237331517460e-02
-8.780410029225942103e-02
1.624325556659024158e-02
4.951486881740400220e-02
-4.134419106423076196e-01
-1.760016135351767097e-01
3.059185383454807172e-01
5.813634825254539867e-02
9.034546635544073168e-02
-4.630095352801334024e-02
-2.865615506156304337e-01
-3.690834638529887912e-01
-1.971622143789563131e-01
1.069750914159976751e-01
1.052803453808604933e-01
3.694310310565536437e-02
2.915112779176207147e-01
2.372856637801348811e-01
-2.193515695371369700e-01
8.938021748220850715e-03
-1.883576933101514805e-01
6.381361984679950750e-02
2.098462533486077919e-01
2.504731768655868995e-01
-3.530541780259524587e-01
-5.293812004704526730e-01
-1.623231763382495252e-01
1.596250169121353202e-01
2.795183804924149529e-01
-3.098442247493841950e-02
1.315016924209622996e-02
-2.038857067183591776e-01
1.881118623917039656e-01
-2.474486729293168610e-02
1.941450851936712130e-01
-1.285414454345090440e-01
-7.818161835831613504e-02
-1.433677869347195766e-01
1.744497469298694481e-01
8.558524169870915244e-02
1.320497904527882793e-02
-2.775882722748289622e-01
-3.836697144032701762e-02
4.483626655834123675e-01
4.821085754712424731e-01
-7.114187764909565836e-02
8.791094000256927110e-02
1.021557310086444181e-01
2.858841580602476951e-01
-1.501426218488526032e-01
-2.648276633075863917e-01
8.654963528176179421e-02
3.899242597152934864e-01
3.399407480719339736e-01
-1.806335333114080788e-01
-4.035857034089874486e-03
-2.349075598413887245e-01
-1.046885960281405126e-01
1.232840472337786986e-01
2.226001206431166002e-01
-2.932317805893465690e-01
1.101960832739214309e-02
-8.217460705461825110e-02
-2.257475663584339876e-01
3.292385306958992702e-02
-3.381552319257434269e-01
-1.006308306247236106e-01
1.896367740902606958e-01
-2.689783643825666148e-01
6.448677587785672793e-02
3.206269957322231412e-01
6.717122743353308445e-02
-5.832023378802797531e-01
-3.941865253665579605e-01
1.541554544346046725e-02
-1.442968062714609090e-01
-1.652543016883079030e-01
-4.221147598284493152e-01
-9.017913255257503646e-02
-2.688286025806117530e-01
4.397634079038017507e-01
-6.369562451505040857e-01
-2.952399370882879959e-01
-3.875444459741037018e-02
-3.411684310289435085e-01
3.928761224284509912e-01
-1.035817967659345001e-01
1.120502417949563456e-02
3.228203248047440965e-01
-5.556489723908664136e-02
1.448701177573498977e-01
-5.435095849603392704e-02
-2.448449457864374512e-01
-7.242103494707092803e-01
-2.261868373857715275e-01
5.677164936943035478e-05
2.187730050885235700e-01
1.189079601079827547e-01
9.889828313271817328e-02
9.217040091303806137e-02
1.895143010032385444e-01
-6.027356103204246640e-01
-6.291463384279351034e-01
4.433460291175958523e-01
-1.145303922157069748e-01
-2.899299642043122460e-02
6.433902099479633652e-01
-3.773743252995270109e-02
-1.584223426239718957e-01
6.296611391507099531e-02
-4.972957367999477074e-01
8.248802985013393985e-02
-3.249622885436627417e-03
3.640260652832942312e-01
-5.164585962197513203e-01
-2.989975470967322080e-01
-5.010253211276924912e-01
4.146063998753161672e-01
-2.510351136318242360e-01
2.174099254603720222e-01
2.757738071000040425e-01
1.644373106575500731e-01
-1.007533498233700170e-01
1.443267603209731076e-01
1.243285276115787541e-01
2.307296072173975754e-01
-1.314572299751249895e-01
-1.361289573062862170e-02
-1.604411363431377524e-01
3.820733849832674833e-02
4.610145382650681634e-01
9.337585007275417404e-02
-1.408561614136203122e-01
2.210498202028170489e-01
-5.271355848896819296e-01
1.319290244918160382e-01
3.039062968687980537e-01
-8.021533502269302673e-02
-2.648239945953929642e-01
-8.780595145381248079e-02
-1.992844231624270879e-01
-1.585003482127632646e-01
4.920738684478228042e-01
-2.572732587483664290e-01
-4.609414085696584840e-01
-2.384577643981481976e-01
-2.447138335022487066e-01
-4.250054030305672192e-02
-4.739707432620555716e-01
9.778677220653475555e-01
-1.077268423791918200e-01
-3.484106438098739655e-01
3.813562532045849385e-01
-4.131295209730546092e-01
-1.367426652151214062e-01
3.709031809839973826e-01
9.236127285938047771e-02
-9.493060413639818618e-02
3.316258631422042136e-01
-2.879148138055016015e-01
-7.668744323228708464e-03
3.820253634794236741e-01
-3.425729153384360903e-01
1.692499547756558809e-01
-4.492091453963776848e-01
-1.519916072057766188e-01
-1.044696080319462289e-01
2.816170445074782647e-01
-3.564859284633763448e-01
-5.898750556719790650e-01
-3.699430766440487406e-01
2.177702190860058840e-01
1.550685245244104102e-02
2.845348317014980144e-01
2.494767585591399148e-02
-5.429428252891972152e-03
-3.415804186668854742e-02
-2.093466905032931868e-01
-1.305073419910952048e-01
-1.468739074363001051e-01
7.557468875240377360e-01
3.333567838103551617e-01
-9.230824281258515063e-03
