6.579334548657634896e-01
1.919983428897983346e-01
4.988858647338847430e-01
5.371384354245274384e-01
-7.168349688344594073e-01
9.849916543260416046e-02
9.412628269582736795e-01
9.393322882386213601e-01
-7.835933298978404737e-01
-3.453061636746326268e-01
-3.400038779324481841e-01
-7.339929849696055220e-01
4.666766110376432408e-01
6.071052771952845095e-01
-2.888794191085130580e-01
-1.330847182114383298e-01
-7.327421066002737238e-01
-5.924382348290353484e-01
-2.069796567235829277e-01
-7.760516290175010212e-01
4.840931666323739502e-01
5.557387375947282493e-01
-1.170523378660793049e-02
-6.759654479526858162e-02
3.323682869652520022e-01
-3.323931034764991965e-01
2.582888857117158210e-01
1.881675661660619781e-01
1.677807595745715863e-01
-1.072968317752220763e-01
-2.574536556910911322e-02
-7.334420777068433317e-01
3.204863690869076964e-01
-5.589541881141247837e-01
5.215721155495352257e-02
-2.911472447209846326e-01
1.000000000000000000e+00
-7.444266166558064501e-01
6.921015569181480087e-01
5.305495499042144347e-01
3.943011077980406731e-01
-3.922180352113828483e-02
-2.364738407803053735e-02
-2.962925293336447496e-01
-2.447615511198576455e-01
6.811414712478497391e-01
6.420947482413386087e-01
5.479825483269671338e-01
-1.000000000000000000e+00
4.450417518878304612e-01
-1.255985329125188510e-01
-2.665749416308591524e-01
7.013674018056325066e-01
6.697651870355928461e-01
3.415744885429902733e-01
-4.842154221715999629e-01
-4.609146069207460950e-01
2.280276912216900320e-01
-1.004109710928404037e-01
-4.084254098374530129e-01
3.583849024321727333e-02
-6.085787919693259607e-01
4.777534846037238478e-03
-4.281997106264748276e-01
5.852412923802736699e-01
1.562938235270788234e-01
8.895934907116912482e-01
-4.640945703220239471e-01
1.550624144257194970e-01
-8.387655412138159683e-01
5.791137303671000103e-01
3.910620560804926871e-02
-7.989614371193721754e-01
-7.296441719381435709e-01
1.228913858890877120e-01
-1.766470489923019915e-01
4.471207617031766612e-01
-2.112273449986639198e-02
-7.488493486245334507e-01
-4.229236749386852678e-01
3.078953104772336191e-01
6.822428244726568280e-01
5.517658699725127569e-01
3.193617633540576928e-01
5.039272574398840909e-01
4.035798262078164889e-03
3.987447046165219777e-02
2.062324147163385468e-01
5.544252246042324916e-01
-1.575066651647957505e-01
6.487562990937373320e-01
6.621100645252866457e-01
-2.850793022926578768e-01
7.476538135496250126e-01
-2.866098267468431549e-01
-4.086821969314791692e-01
4.853094533367318109e-01
1.800551572707867476e-01
-7.364231349209781063e-01
4.776782784702925944e-01
-3.762589946909108973e-01
-1.472130372582063917e-01
-2.699888676540219135e-01
-5.140333114560152739e-01
-4.532492762109530116e-01
-3.310650188899973839e-02
-3.996180699365988187e-01
-2.569653839368047921e-01
7.113880227874701256e-02
6.676791256500771432e-01
1.033634210032453038e-01
2.452746695259924725e-01
-6.171730531611349102e-01
-7.167093734651767134e-01
-5.123641112198877856e-01
-6.170156405127402710e-01
-4.542147754235342227e-01
-5.543330712642835501e-01
-2.597056837034959487e-01
5.955256220971971715e-01
2.869018454901107185e-01
5.353618967007722773e-01
6.626941263611551003e-01
-2.259215821342157593e-01
-1.205591503021132688e-01
3.627339857984919202e-01
-5.242860834371945167e-01
7.533246572209839620e-01
-7.249507814384403837e-02
-4.805497419405708737e-01
-2.328388481248487851e-01
-2.121508921844962869e-01
-3.554962797719080081e-01
5.168543626031022464e-01
9.675125908669401920e-02
-1.383879176889726559e-01
4.910528383752452153e-01
-7.116720645594738492e-01
2.672232296537807583e-01
8.196322212835986942e-01
2.948121798996597431e-01
7.940508960407826056e-01
5.963849526822544433e-01
-4.897587994059814931e-01
-5.517654031709837148e-02
3.720921100798890713e-01
-3.048030885136505247e-02
5.142381562822201380e-01
-4.887011343612074898e-01
5.612005837073278380e-01
2.293566034752227423e-01
4.467204439820171569e-01
-2.884533704228158801e-01
2.171148193169802343e-01
-3.280275275651424738e-01
2.097073096351667609e-01
-3.825744064260276911e-01
-2.437214733129036692e-02
3.553995592699096817e-01
4.237578476819276463e-01
-3.892507748079186980e-01
-2.682336670439220416e-01
-5.012516072755356378e-01
6.805761483185511773e-01
5.375080503221147943e-01
-2.131689196553498700e-01
6.876874483230248636e-01
-1.244408869781980370e-01
3.579838803362756505e-01
-1.153521142975927893e-01
4.751293286581455000e-01
-7.078070507651804677e-01
7.700776121751834458e-01
6.966915140392053729e-01
4.119995755061407056e-02
-6.175614613927753460e-01
1.977903418510948419e-01
5.127672147665228719e-01
-6.529808902012242955e-01
-6.717622733382229150e-01
-8.063614960222614814e-01
-2.566958027448665858e-01
4.769277590463140148e-01
-6.761693098384344847e-01
3.377362303945513622e-02
6.428257221805571131e-01
-3.707037588275474693e-02
-6.408159896408798240e-01
4.665092079811495873e-01
2.172756471879275786e-01
6.694735714936006499e-01
-3.467337100481027723e-01
5.708631264892533030e-01
-6.679590262913146503e-01
-2.994499386681531150e-01
5.812207757708681699e-01
6.394798507152070766e-01
-2.146083687793651773e-01
5.316911319286595772e-01
-8.322742492054074903e-02
-1.338284003361944752e-02
4.884388052579596851e-01
-2.822096691630431309e-01
2.635820119569913800e-01
-2.040431345888404358e-01
-3.197109456122247950e-01
-9.184366465288068548e-02
-2.260661332353901543e-01
-9.049761793414157207e-02
-1.948121010904340644e-01
6.978376257554629314e-01
-3.272319785648718504e-01
-4.383071084678885065e-01
4.471715744349172850e-01
1.000000000000000000e+00
-6.526794655722962801e-01
-2.460257924220668468e-01
3.079011084115386154e-01
5.409207760554807232e-01
7.545061346453996176e-01
-1.975853267488072440e-01
-2.892728344221349168e-01
5.055480774438497749e-01
-4.132513745679377570e-01
-4.462274995604646466e-01
-6.584491339042998215e-01
-2.853969952212060401e-01
3.802440062414318422e-01
8.918583902443241174e-01
-7.340266950948045599e-01
5.494247918334238534e-01
-1.648589261500843159e-02
-5.171868378349507855e-01
-5.043956440369335992e-01
6.523064485918126376e-01
-7.533497914634559173e-03
4.858232834241547060e-01
-6.352190849909673531e-01
2.972431988063379271e-01
-7.422190973548676851e-01
2.011587904190682563e-01
4.177958969004463841e-01
6.194517752841596225e-01
1.689410535056647400e-01
-3.407217259799068532e-01
-3.724773220149983355e-01
-7.345436081313631016e-01
5.637975559532325542e-01
-2.618292939827049359e-02
-5.613704784287953942e-01
-2.396016361127718264e-01
-5.283494962616436252e-01
1.452658184652932116e-01
2.014424568681740524e-01
-5.732420835837560569e-01
-4.260332456424262282e-01
-2.572327015366637770e-01
6.114682543178980856e-01
-6.924318800158653087e-01
5.071701888369688493e-01
-2.744413964976404885e-01
-5.875708243202552028e-01
6.688283012214436551e-01
-5.370495054263336732e-01
1.563133170816882744e-01
