-2.817217311268039870e-01
-5.132315302697156023e-02
3.107946917287882638e-01
1.579804842005907428e-01
-7.510717673780394066e-02
-2.882396518609724456e-01
9.492335404953677891e-02
-8.973965946618508993e-02
-3.191781597645529933e-01
-5.782297327256725739e-01
-2.201814784275320930e-02
3.884614559527259647e-01
-8.954434529730545544e-02
2.207446263054157476e-01
1.646409884230206899e-01
-2.416797119939935456e-01
-6.388900586361508094e-02
-6.569889074366997983e-01
1.398886051869530633e-01
4.168899566647984445e-01
2.143311718331008808e-01
-3.061306637805192299e-01
4.162106690842837242e-02
-2.345299047771408352e-01
-5.009373293214898215e-01
2.140231218226305576e-01
3.000542077713453937e-01
3.600267680706605300e-01
-4.256175696394671332e-02
5.617786145954758309e-03
5.664004141501242928e-02
6.103939862263763061e-03
7.588422496765310221e-01
-4.747998006787739755e-01
-4.362623337132723877e-01
-5.057826377712512089e-01
-2.096846548447455494e-01
-3.662982654610397182e-01
3.551533937918089912e-01
6.030526085716325646e-01
-2.781707851599454773e-02
-4.337282993119517260e-01
1.970919503940509188e-01
3.264081281624116593e-01
-1.563350511029869550e-01
3.003854425169691020e-02
5.354551053790492787e-01
-2.883385290824037606e-01
1.602599467306854708e-01
-2.524576734183126558e-01
-6.539078487644051085e-01
-3.876793734003809444e-01
-2.517103703719241192e-01
3.430417899167897966e-02
1.836359649376405612e-01
3.110510507715708028e-01
-2.250886089361797682e-01
3.636138120354642789e-01
-2.044720841420015478e-01
-3.145355396474479037e-01
1.396367580540675002e-01
-1.313653335240803910e-01
1.114491412269555809e-01
2.364552311492471026e-01
4.381434347383598715e-01
-1.267732473367427504e-01
3.938709459029738347e-01
-3.030776562543291419e-01
-1.129627333290383201e-02
-8.905825716501880596e-02
1.915847885803980133e-01
4.047895038860217509e-01
-3.011240009452609834e-01
2.243835566352382627e-01
1.303024107134878040e-01
-2.899281769206031589e-02
4.117799516998142950e-01
1.555486084477803455e-01
-1.253515931231207192e-01
-5.797200968973743873e-02
-5.223235701474875370e-01
-7.078735007543934810e-02
-1.198400441302281821e-01
-2.294937189298260904e-01
-3.351451719598602663e-01
5.808430488650288825e-02
-1.202046269443666493e-01
2.629237303787436697e-01
-4.369876622211420897e-02
2.604214422190625489e-01
-2.176505881175817003e-01
-2.284243013936628486e-01
3.960687825027939812e-01
3.691635025643529300e-01
5.736247433584573674e-01
4.744138002547876320e-01
1.894311205358656103e-01
-4.170570283890491781e-01
4.720678660862028253e-01
3.614787577466194862e-02
-2.479766623713616780e-03
-4.199511993166301638e-01
-3.204800677111397933e-01
-1.612540421677287339e-01
1.595226624835291429e-01
-1.716830298202236538e-01
-3.548177195765135350e-01
-2.987914213238961891e-01
3.052274490633629656e-01
1.618856924121551133e-01
3.404298380905730614e-02
1.083031729608834037e-01
5.074927450305317667e-01
-3.459798498132510836e-01
-7.499142878618678121e-02
5.236363341608137878e-01
1.251819080484744273e-01
1.801985242595165737e-01
5.869840838081857859e-02
9.464634942206348600e-02
-2.617778390218032936e-01
6.214199455638945713e-01
1.888883742138013355e-01
-7.751346344750661976e-02
-2.034592347102313556e-02
3.225144778377622146e-01
7.812137995236433097e-02
1.302098601810368905e-01
-5.581390269718142227e-02
-8.725273716092443732e-02
6.086268997124137659e-02
2.890251010707874380e-01
2.971916675702335198e-02
3.189760633444939653e-01
-5.882294401381012172e-02
1.638704344976996963e-01
-2.238737393922553276e-02
-7.922304318321082839e-02
1.839055225331329146e-03
8.351329437506019304e-02
1.431734870656496406e-01
-8.876778322313663705e-02
-9.366748991064022256e-02
2.048037188516546869e-01
2.356795377602567687e-02
2.548023194561352400e-01
-6.184565273223634890e-02
1.932326807507384614e-01
-5.456324103816954235e-02
2.874711988932910911e-01
-1.076270779090402196e-01
1.110985416301194378e-01
1.025796796283602319e-01
-3.627262195883650120e-02
2.167656224381398489e-01
2.708796932832135962e-01
6.918460200506725000e-02
2.508514334847204985e-01
-1.554757893814447678e-01
-1.686738881053458927e-01
1.605451267925460043e-02
3.157712901530482785e-01
8.519778612899892023e-02
9.753758806059498188e-02
-2.632584057940832722e-01
2.104732678693032877e-01
1.407443393285907063e-01
-7.065577213720076744e-01
-3.924042323501143043e-02
-3.238939680780940078e-01
7.825457826471032829e-02
1.538651609749833171e-01
1.966664725325708851e-01
1.060432053046745510e-01
-1.514140528295354615e-01
2.434221660069861570e-01
-3.191636692811368192e-01
4.185514323827717320e-02
-7.068498106833562278e-02
2.005108202841062170e-01
2.496700798602755900e-01
-1.093892387129788007e-01
6.195124268821879804e-02
-4.401540890213481716e-01
-2.537507433915437427e-01
-2.986443834648342954e-01
2.456042765492245927e-01
1.282416228175952688e-01
-2.168526357926686965e-01
-7.500302877042945571e-02
-4.403814924915678830e-01
1.529872068691945086e-01
-1.980268174630655797e-01
4.781879754258255844e-02
3.345086058204896351e-01
-1.865310425350272250e-01
-4.074612775308133344e-02
7.620023453125981949e-02
-1.260838171872235430e-03
1.315187703177178764e-02
1.771282076276646245e-01
-2.160177970536107384e-01
-1.096727751705404708e-01
1.025928266543059825e-01
-2.413751191137696317e-01
-1.946780631094166825e-01
-3.200436455313148687e-01
-6.326374935115322562e-02
-3.370020320812259218e-01
-2.099001919520356585e-01
2.856925859857623040e-01
-1.078037928859176542e-01
-2.981974336410740667e-02
4.301324582248229889e-01
2.382279587202436599e-01
-3.327323024490723147e-01
6.823702823123408701e-01
-1.899720609128307536e-01
1.894749095796511434e-02
-4.178715661619776256e-01
-1.751338193449734904e-01
-2.782911821144405662e-02
2.569198729850849516e-01
1.304048549720524496e-02
-1.240994284526857616e-01
-3.113171020333034278e-01
-3.667656139147305178e-02
4.180758592419154818e-01
1.870073366288116101e-01
3.586572089325451573e-02
-2.607278537072671432e-01
-2.448204075260992374e-01
-2.078145582853192785e-01
4.140659232940101242e-02
1.269745624323999345e-01
9.855368785576602841e-02
-1.923058455121735288e-01
3.822887108844142956e-01
-1.016383514145083600e-01
-3.489229952488193814e-02
-3.148005112291499263e-01
7.189150147849537875e-02
-1.257193109643360909e-02
-2.535372704002103114e-02
1.216576032265867524e-01
-2.135157576792786061e-01
-4.711537133341511113e-02
1.364347808454092204e-01
1.718782698974796186e-01
-5.391417034917840301e-01
1.008996114195171018e-01
-2.004036359816194490e-01
1.015918707328257453e-01
-1.722433607548452539e-01
-1.790398431216354280e-01
1.082152558865501907e-01
1.379121534499001267e-01
-9.825023520995998516e-03
-9.248812568230899145e-02
4.818559201981743867e-02
-3.451539746881427950e-01
-4.664996620059055216e-02
-2.372057846619052557e-01
7.659821965360906759e-01
2.515312679911194116e-01
