-2.489918518477190479e-01
3.714560498149369061e-01
1.643864212477118003e-01
2.539148946569123044e-01
-3.549098767474833105e-01
6.542388148609012966e-02
5.203541886031992636e-01
-1.190240002212988001e-03
2.513560340025926543e-01
4.809714806707624524e-01
-8.273553084869114671e-02
2.102190017660042765e-01
1.319723073526864465e-01
-1.770866548840385746e-01
3.623092969230877758e-01
5.894064146568689377e-01
-8.667389931986881069e-02
5.702860176721429725e-02
-3.103803900714493524e-01
5.434497145844884719e-02
4.058095824947360319e-01
-3.025361409274115454e-01
3.202808250642884547e-01
-7.430532909921041540e-01
-4.067755390841689689e-01
4.419685461297335194e-01
5.095141541945849006e-01
1.547119693843999055e-01
5.067203975603422339e-02
-2.044683564257573638e-01
-3.176493344949871123e-01
-8.952502251878580175e-02
4.996384632212943350e-02
4.539747553517422540e-01
3.762629273187542145e-01
3.816972120122176237e-01
-6.036009436742691830e-02
-1.770662767048536423e-01
2.404528162070214692e-01
3.606042837254840039e-02
5.626643362909952151e-01
5.460995970483974865e-02
3.093914292601150362e-01
-8.257897554362653159e-03
-1.048812529060953458e-01
4.863027487980757513e-02
-2.009140980101132290e-01
-2.630613574038067615e-01
3.357938014196146931e-02
-4.418499692830559211e-01
5.519701006439519525e-02
-8.858458181892003847e-02
-1.185626925684097888e-01
2.805171825243679695e-01
-1.480612864400140671e-01
-1.068582644025477257e-01
3.168994090944541320e-01
7.288535003738871865e-01
2.493157486304174997e-01
1.026086707037952156e-01
-3.956865058763840426e-01
2.222399011130198228e-03
2.404182825298900039e-01
1.009716378307852352e-01
2.885702167226307790e-01
-3.816982304219548316e-01
2.155610210990561298e-02
-4.353747379757970659e-01
7.331765140763266131e-03
2.282744453037035826e-01
-5.053680968575588461e-02
4.167263380313304122e-01
-3.481891970002648495e-01
-7.637740995951330936e-02
1.068128153672238401e-01
1.065121684659474377e-01
-3.366530104390705325e-02
4.764636526597945121e-01
2.538396687077488778e-01
3.823992204035345233e-01
1.162916510069095070e-02
3.631676963581195738e-01
-1.062425397725717952e-01
1.765343305863043347e-02
-6.138548470451272721e-01
-8.641581192296368674e-03
1.912236910912004095e-01
7.452359187603398161e-02
6.283526088839751222e-02
3.195579301145918399e-02
3.093164187099268353e-02
1.728654247154064738e-01
-5.452916265228005543e-02
1.609024468716262479e-01
4.570085321992672922e-01
-1.578563446726384892e-02
1.200464379268756793e-01
-7.758130428800119605e-02
2.665412190107874224e-01
-7.552636063709743108e-02
-6.087104254962168864e-02
-1.136064207147016170e-01
-2.867619581644947901e-01
-3.522826487607766399e-01
4.470461617757573447e-02
6.644331420949022016e-02
-9.607562739169243915e-02
1.646304159335751360e-01
-3.281209520561711446e-01
-3.079792168329718027e-01
-2.229236270947613230e-01
-4.503148439358071742e-01
1.293145745524008072e-01
1.554960050924165393e-01
-2.691643711895181368e-01
1.149991380492391135e-01
-3.190418536138749372e-01
-2.818226690749643937e-01
1.509227814112100441e-01
-1.020605857937043337e-01
-5.392798054673904051e-01
-5.401914833190398779e-01
1.717858466233013193e-02
3.198277708700312388e-02
-1.366708551035276942e-01
2.836009402309302638e-03
-2.197649231442260764e-01
7.531341827793098381e-03
-1.423998850111759563e-02
3.538370868634855282e-01
8.495948650146167846e-02
3.812813602891948483e-01
5.112559890588586065e-02
2.325152910179923982e-01
-3.528881887850466859e-01
-1.002818126271436960e-01
-4.146438588595306451e-01
5.471261058795133803e-01
-9.723787837413894186e-02
-4.816750637942484037e-01
1.174272780749085060e-01
-3.522148191764155611e-01
1.024460244669548881e-01
6.987823269284091365e-01
-1.117168775989535873e-01
-1.339258066181111262e-01
-2.042536197124088237e-01
5.062352181727000078e-01
-3.708490438266394407e-02
-4.129962438300271120e-03
-1.486524101603401149e-01
-2.681037217817658913e-01
-3.442750616861650625e-02
1.153957321743559472e-01
-7.653776220647041939e-02
-6.702833300863285382e-02
-3.322415061956565108e-01
3.384545118164526967e-01
-2.979968442955749919e-01
7.099628582159457635e-02
1.110205420663893938e-01
3.661958218403895682e-01
5.845800493376595436e-02
8.526674284660235026e-02
1.902861593838711118e-01
1.140300007455880837e-01
4.341884557616528667e-02
2.347896587580801109e-01
-1.475396548918357920e-01
-1.504739831389671212e-01
1.559197602428801788e-01
-4.630762712117344471e-01
-2.867616732722182427e-01
-3.318509531926928102e-01
-4.300065826822877524e-01
6.912004906709344476e-02
-4.365395949582780988e-01
3.016831966524424202e-01
3.781826081903688075e-01
-5.277558312939502061e-01
2.733061829393848563e-01
-3.346370845884550915e-01
-1.782283998863578023e-01
1.550184164684419719e-01
1.170944147485178666e-01
-6.667673872685281333e-02
1.230582780129903520e-01
-2.732657920384138489e-02
2.145914648308600015e-01
-2.456753553625418696e-01
-2.225686081618788725e-01
3.293107201247565813e-02
-3.083653828595106505e-01
1.689655532042316222e-01
2.728092113875551367e-02
1.067405127871525750e-01
2.683718405983866462e-01
-1.801403494278198125e-01
-1.840743248253937092e-01
1.256704709514880891e-01
-3.180109508156872024e-03
-1.870595137945826325e-01
1.336636603870911544e-01
2.475112494367849303e-01
5.362156991585292909e-04
4.100585147321700874e-01
-1.553939508526463731e-01
2.946550677219334502e-01
-1.812209530593077156e-02
-6.342723369627945029e-02
2.200087116316760613e-02
-4.619942273827091772e-01
2.524788838674236757e-01
3.305358388282625404e-01
2.238016425821873767e-01
2.504840683056961947e-01
2.474725296083770537e-02
6.951716515119445161e-02
-1.399548141106314314e-01
-1.861954710149642533e-01
4.873732456837463756e-02
-1.430014429260697828e-01
3.552241381786965801e-01
4.959024824441960466e-01
-2.913390794071395173e-02
1.307007277512039767e-01
-2.836538638841449439e-02
-3.150364031657516134e-03
-2.048990461466481117e-01
-2.787701718689757913e-01
-1.590729134310651660e-01
4.220826075642590824e-01
-3.409232843766253629e-02
-8.794802691453516841e-03
-1.101903697376525743e-01
-4.616985091324531110e-02
7.758434450045628705e-02
3.066754038698805696e-01
-6.312349320041119038e-02
2.278581426316607650e-01
-2.590593628201517395e-01
-4.811018210884633606e-02
1.184525234789517711e-01
2.965937092554433718e-01
-1.753454825583256327e-01
-4.455895890476778698e-01
-1.934969815812168092e-01
-5.783649614182877208e-02
3.600127834539258442e-01
-1.129727983393686019e-01
3.163659298837110945e-01
-1.159074294705084440e-01
-1.972554782744361246e-01
3.514137230401215839e-01
3.021084884627187606e-01
-3.289093632765528463e-01
1.858422384997550914e-01
1.691397851901811633e-01
6.998644657951187675e-02
-1.846840872815521117e-01
-4.833013325442297448e-01
3.950357544453160508e-02
-8.720371705367874204e-02
-8.406099918809113725e-02
9.678354989900787853e-02
