3.328310421871558678e-01
-1.495598014389536434e-01
1.747239838105574261e-01
-2.766573418837769971e-01
-6.615151278914617183e-01
-9.201569819087292157e-02
-5.513685992908469169e-01
-9.957972854952163999e-01
7.907741284653555525e-01
4.851084013809154882e-01
1.000000000000000000e+00
8.099533020983467058e-01
-7.586350586790373551e-01
6.521824193877179265e-01
-5.139259050826008313e-01
3.606540307685082158e-01
3.046534019704654206e-01
-4.983805159236402993e-01
-6.800130063664249214e-01
-7.241817717181429082e-01
5.478890461710119730e-01
5.026902248218232394e-01
8.038634859759856699e-01
-5.289682579635648363e-01
-1.000000000000000000e+00
8.754490813696376161e-01
3.371770183801137133e-01
-3.292404900725773853e-01
-5.235142332012447941e-01
1.494546490357839819e-01
2.478671660539175647e-01
-6.529144284423215039e-01
7.137586886417086607e-01
5.012906999852848600e-01
9.641280436264209053e-01
-9.331474042330369922e-01
-4.929924820999405100e-01
-1.863703401729699394e-01
8.256246501841916219e-01
-7.095340268166638875e-01
2.384794183279903834e-01
-9.740062216202518552e-01
-1.842837659316743371e-01
-7.740546899580507123e-01
-6.228053240093831544e-01
-8.069336754539673251e-01
-9.888859920425485672e-01
-1.724248290674561535e-01
4.257703389787759196e-01
1.407932414148044264e-01
-9.624423505929624589e-02
-3.145828912569359481e-01
-2.370543981169827008e-01
6.369295586401235720e-01
-1.000000000000000000e+00
5.468513895936826241e-01
7.924004509262587703e-01
2.258751968481853556e-02
6.218172861017055020e-01
2.005144939690806372e-01
4.158566474537950253e-01
-4.131052046350462970e-01
6.234652101411550795e-01
8.582121974326064606e-01
-8.286222960124658421e-01
3.983727451214895687e-01
-1.000000000000000000e+00
-5.613194863655941447e-01
7.360916495082205913e-01
2.284947006696728677e-01
6.734951990206909933e-01
2.809078757808030069e-01
-3.132922717431907422e-01
4.421208190134249261e-01
5.329024143989682383e-01
-1.723256213033599327e-01
-8.512539298934608256e-01
-7.022453118874865119e-01
1.469737988083740232e-01
-4.248859258410887518e-01
-6.769757012584709521e-02
-5.173254639875511929e-01
-4.145998661479672331e-01
-8.043831253567099715e-01
-1.764118279388899868e-01
-2.090653338887427104e-02
-5.895356879727149391e-01
2.040627640163263923e-01
9.836457959807642926e-01
4.996564720282233862e-01
3.156769916085032657e-01
8.363268142465738464e-01
-5.784714134219361981e-01
1.397575942561914975e-01
6.109274823339714278e-01
-1.170062803212447433e-01
5.793899898631726941e-01
-1.915363935072422752e-01
-9.177421021560296932e-01
5.072942475414952135e-01
2.540383938248065299e-01
-3.432536049486967222e-02
3.415900058157084196e-01
2.632130208072223088e-01
9.985606674825093787e-01
-1.205152982127508654e-01
2.957026181567095069e-01
-9.006171925900494646e-01
-4.095355684063868296e-01
8.603840197252043964e-01
6.126394843969373838e-03
7.554318346305277654e-01
5.769150545337347058e-01
9.148162270082051961e-01
-7.628209499366831459e-01
7.999475632838590755e-01
7.201828561675815976e-01
-7.761405326948873640e-01
-3.462395902295249961e-01
-2.058719130557362664e-01
-8.107171283688718866e-01
3.935127926822168387e-01
9.060173041088548374e-01
-4.957810324485134590e-01
-6.361850945084872588e-01
-9.952677301734254023e-01
-6.620600458758629792e-01
2.022035624089775219e-01
2.363499102154655862e-01
-5.013879806116057214e-01
1.225355223531046089e-01
3.043365512999820499e-01
-6.735611652554183149e-01
5.984462721209682368e-01
-8.617354873673455096e-01
2.856222579188463229e-01
7.766300343727612354e-01
6.317207561597260046e-01
2.054979111804302594e-01
2.231817549787085686e-01
-5.357118901960464807e-01
-6.370284235918071136e-01
-2.445793544306265610e-01
5.374465143782092280e-01
7.044139816200700732e-01
-4.380996010691400322e-01
-3.781025421330665992e-01
2.530633400941966205e-01
8.968817751542825789e-01
-4.120042894196540573e-03
-2.795202245419943221e-01
-3.690919027621905046e-01
-8.199767420557695363e-01
4.955644851905391945e-01
2.867889568740811246e-01
5.298048025426685959e-01
8.868304122568804182e-02
-4.373310367907964902e-01
-5.090732494709300227e-01
-1.745781978596135930e-01
4.382803767709537723e-01
-5.877396816742586072e-01
-3.318522940863413151e-01
-5.123895043212673972e-01
9.578581537094792431e-01
-5.907260164598950869e-01
8.521261118075131868e-01
-5.244607117052320078e-01
9.741454755191115977e-02
-1.669416923115691898e-01
9.264513068268178664e-01
7.775925224435225047e-01
-1.261558737633914351e-01
-8.369828892313317947e-01
6.218704341674419211e-02
8.466715415970708092e-01
-3.386637499090778824e-01
-7.932964643825097806e-01
4.441532625575610460e-01
-3.633829522443803306e-01
7.705527824979401252e-01
9.604769610041026251e-01
-2.376319454570710588e-01
-4.242722117704466056e-01
5.925194513719336253e-01
3.942110902990807464e-01
-1.584121787941988879e-01
-4.502086223672423504e-01
-7.029756671672482415e-01
2.236479207573083272e-02
-8.232939843358337839e-01
3.949746799882072334e-01
4.829996244075460687e-01
-5.911303742942080053e-01
3.790457042710488333e-01
-6.474529349376315635e-01
-3.604137348191407408e-01
1.673746356196119944e-01
9.546922785940170630e-01
9.447566468558028507e-01
1.258774651990832716e-01
-3.553313718319448533e-01
-7.995918881145873680e-01
-8.125074119851154464e-01
3.278417434848928114e-01
7.156274903203285742e-01
-7.078842458707208518e-01
-6.234178990719674296e-01
-1.649708398823686029e-01
-2.852735551848264439e-01
3.642090970317297671e-01
-6.222562730632827943e-01
4.247767713638241904e-01
-9.411877797960883640e-01
9.139535479935076978e-01
-9.552600964398443306e-01
1.857520602750268868e-01
-2.898948345646890079e-01
9.142923427054203689e-01
-4.419002677487053887e-01
3.768162491447211160e-01
-9.911712147764395464e-01
-7.438702539602854991e-01
8.525103744899995561e-01
-5.227520128721274695e-01
5.450459158966445283e-01
1.488190700878457839e-01
7.361469815814818407e-01
1.312671892293864051e-01
-8.145931528993717308e-01
-5.802268554865541716e-01
-5.308121414755166967e-01
-4.833724377197798905e-01
3.710759869840751790e-01
-5.808801744049525428e-01
7.787323507607530892e-01
-7.970313251462273207e-01
-5.438641882718254772e-01
6.538135332088590435e-01
-5.523026224629918879e-01
-7.389757533077256912e-01
-7.058236480303792248e-01
4.085901408251795264e-01
3.470306172184191018e-01
1.000000000000000000e+00
1.000000000000000000e+00
8.626408362454701662e-01
-2.162060084592820619e-01
-4.497134161652645012e-01
-5.284859923126212777e-01
5.926172834820815361e-01
3.585727022045872570e-01
1.133377339057950461e-01
3.841201321397080815e-01
1.298513721638296925e-01
3.000769269590812804e-01
-3.139052305341651916e-01
2.719310297622099526e-01
-3.745030225099775234e-01
-3.803072114274805848e-01
-8.798213022706400377e-01
-3.396596592862533015e-02
-1.122026077371549441e-01
2.706817723136860643e-01
-5.565679561197720560e-01
