-5.509732504112745399e-01
-1.605809216912933504e-02
2.813406944911250873e-03
2.504484758834018554e-01
4.531897188301259871e-01
-9.004167517133189469e-02
1.469013135304575446e-01
-4.291015804327993899e-01
-1.248590001235565933e-01
-8.761467683835437448e-02
2.972245690000280827e-01
-8.440303466473332294e-01
-2.116394063502911316e-01
9.629698813735558804e-01
-3.667747024782816445e-01
-3.534072339805143237e-01
-1.584846807321836359e-01
-7.568407026132953352e-02
1.807454081338669416e-01
3.330508654464477969e-01
5.132482156041165422e-02
-5.055676003680649178e-01
6.251325785586708816e-01
-1.191885360962840756e-01
3.433721404443508263e-01
2.178070903796505697e-01
-2.103474671667371065e-01
-5.685900677852806506e-01
-5.590237544915270806e-01
2.540134650845670694e-01
1.230658464045045752e-01
9.657524785139532178e-03
-2.240712025802134577e-01
5.503480196662027257e-01
1.549614870797422772e-01
-4.779535600593114442e-01
-2.283330023594285496e-01
5.073601568208886414e-01
-2.779394239140699496e-01
9.789512200702765732e-02
3.248819521075663186e-01
1.904311414061412577e-01
-2.901225089278874347e-01
-1.547960559638114353e-01
-5.932361848656658720e-01
-4.042868012034563918e-01
-2.801385000829954008e-01
1.597636430928779383e-01
-2.189874135663326671e-01
-3.817371163003018819e-01
-1.768452358324737461e-01
2.733778704735960741e-01
1.232462607777588398e-01
2.602880097981316032e-01
-2.499990110406921096e-01
1.426834571336345059e-01
-1.075071064618414451e-01
-9.602755549682392977e-02
-2.201109652155250340e-01
-3.788304744832356186e-02
-5.001681433908237162e-01
-1.078874596480265263e-01
5.034732410591780116e-01
3.828197652908303661e-02
1.699993844590661773e-01
5.183834341047831307e-02
-3.451087718068245325e-01
-1.875551067517318080e-02
-4.938749688444599717e-01
-3.667793879977742089e-01
2.258091037075069252e-01
-1.728791107119651005e-02
1.418267930462738524e-01
-1.454431843885888587e-01
-2.596543513118965141e-01
-1.674387801213355065e-01
3.004321994158339337e-01
4.427782332997142745e-01
-2.269810416053417712e-01
-3.691619848187126934e-02
-3.034343526906317298e-02
7.511056646157726613e-02
2.624826450845335613e-01
-2.347558322435668587e-01
-5.517659391070955932e-02
1.223325318163495101e-01
9.609133621587450519e-03
1.824501628094585548e-01
3.537418218484292970e-02
1.372177429235111878e-01
1.644210945812010771e-01
4.596072864201072861e-01
3.182672664243078181e-02
5.574458200646643657e-01
1.559664768680865399e-01
-2.680126669957565433e-01
-8.483155181185929317e-02
3.307222045421004952e-01
-8.137122190341943007e-02
-2.624234220361367220e-01
-6.130671646087584165e-02
2.029188417261952593e-01
1.586873582368698576e-01
-4.967631870928453930e-01
3.714006062720655033e-01
-1.700244790403135642e-01
1.952298804904186169e-01
-8.170031610837603930e-02
2.969684677954107510e-01
2.946392210399166878e-01
-7.835251308790565361e-02
2.399875582140054697e-01
-2.073933687842025309e-01
6.837427764841305655e-02
-2.155897156544851478e-01
-1.344256345514779349e-01
3.055944542818247317e-02
-5.963265959703686891e-02
-9.529768555049786261e-02
7.700458541233556886e-02
-4.186184136131843037e-02
4.767991483961839805e-01
4.934799430947619525e-01
-2.836394490830128623e-01
1.556340689948325362e-02
2.392902977157379540e-02
-3.393526245022367993e-01
-1.376165639258094542e-01
-1.420054676471306510e-01
1.325461988171274669e-02
5.768598817795463074e-02
6.126568300235665232e-01
2.151150999311409462e-01
1.817762973424223716e-02
2.962115050712138542e-01
2.897664030697655879e-01
-3.041185085409274791e-01
3.759925112137021963e-01
1.653388886155583715e-01
-3.247200748984637730e-01
3.744737577921479488e-02
-6.777722466988930217e-01
5.143258758435831357e-01
2.643749185888421005e-01
-4.445798823617686524e-01
-2.395303747938829220e-01
4.432061958139856817e-01
1.261486442084454040e-01
3.845612790963353067e-01
-3.492432004839520210e-01
6.357288595540128151e-01
-4.890792046601109000e-01
-4.620877533050315455e-01
-6.008717306204081066e-01
3.878263582483199579e-01
4.234425648263189790e-01
5.500914044669846792e-01
-8.534926610367447875e-02
1.363081783002751124e-01
6.712193787616043128e-01
-4.845671097537534999e-01
2.968107759601129603e-01
-8.820164094803482902e-02
4.837806842661220297e-01
-1.195717340884046853e-01
6.051246739472290748e-02
3.070826418032946425e-01
4.833565392973082631e-02
2.773715305908983075e-01
5.555368180111826260e-02
-1.825451788496454952e-01
3.647448586838689111e-01
8.192272518172921680e-02
2.839177362132256910e-01
-1.477747983368009888e-01
3.295465102033709459e-01
1.390074918487983757e-01
2.740025542277130799e-01
2.528323143957414421e-01
-2.349872367317566157e-01
3.075350779914558935e-02
-6.058074494907948748e-02
9.720148576790949013e-02
-5.487710320469575409e-01
2.462316950151335615e-01
-1.098805085855238811e-01
1.626723487696723480e-01
2.683952646572275724e-01
-6.009715075919256355e-01
5.533861567083167010e-01
3.598410542037904780e-01
-5.534165875522288613e-02
3.672720389870113844e-01
-9.357530128384353163e-02
1.326164662971093533e-01
9.594496279761824398e-02
1.409774390102813690e-02
1.217047553786517744e-01
3.646170925592550072e-01
2.299411488647057356e-01
5.023903061164295414e-01
-1.749940818470958059e-01
-3.848307373336994353e-01
2.027393806060471537e-01
2.633863738699797064e-01
-3.177983141779399529e-02
-7.255165721958346803e-02
-4.334084850926807619e-01
-1.082309739791745273e-02
7.434366504202590820e-01
4.591762425728957986e-01
-4.392588004697720039e-02
1.692077229367444646e-01
1.309753662697550614e-01
-1.233767244206685348e-01
1.336276218425673235e-01
-1.480733923310646460e-01
1.716122374263846437e-02
3.516762405794193747e-01
2.726407398421671346e-01
-1.313277974492988720e-01
4.337472056011654198e-01
-1.256048517438677556e-02
-6.064690412443310974e-01
2.436752063288321057e-01
-6.922136593723612341e-01
-8.396464798866208890e-01
5.999070081500684770e-01
-1.180995328348246470e-01
5.587385196063918147e-02
5.611385069352068378e-01
4.629041636680658600e-02
-7.941933307847229839e-01
4.894096337740126978e-01
-9.744507699351416530e-02
3.631639021541062107e-01
1.571556252124067521e-01
8.175762821027495741e-01
2.908501558027611067e-02
-6.831013211855223588e-01
-3.236564471117825414e-01
-4.343763468375853587e-01
-4.756023326061949996e-01
-1.031949560382197373e-01
-7.573924889158593077e-01
-3.627585097874590492e-01
-4.857801544010411088e-01
-1.770750099944576883e-01
4.544929546513870600e-01
9.902084557293031053e-02
-3.924469610993664426e-01
-5.061470712614591916e-01
3.444667499025909629e-01
3.873381527142576858e-02
-5.748501667194264586e-01
1.118999418296760529e-01
1.883679943925793687e-02
-7.499827298362683747e-02
1.683095335928976033e-01
-6.635003797879905907e-01
-6.263137447965553273e-01
-3.128711231055735786e-01
-4.346246821757386858e-01
-1.069755075074188960e-01
-2.418705082297642472e-02
