1.183530881507404431e-01
-1.654409304578166040e-01
6.133896976785641053e-01
4.130027018788037241e-01
3.379298593273393214e-01
-1.305496812759430469e-01
-1.313888961534705191e-01
2.873299279353395130e-01
-1.325061766810815833e-01
2.991865430852351793e-01
2.444232958214907492e-01
-2.606612051423498611e-01
-5.686078194333188396e-01
-5.234339315856564312e-01
-7.000985082268978976e-01
-3.605032059396988675e-01
-5.002156938820134791e-01
-2.683900825733767648e-01
1.592400484296597751e-01
3.551876145849812705e-01
1.649878772316681896e-01
-5.120206136217817505e-01
-3.184592849849736673e-01
2.805638790290471141e-01
-4.385613032543569378e-01
-1.964412407236227828e-03
6.114597781475150651e-02
5.072977322708192016e-01
-3.486046725324283280e-01
-1.186475258524039705e-01
-1.587320783952486380e-01
4.559434505197772491e-01
2.325101079103045754e-01
-2.694122199988747135e-01
1.431929972449956234e-01
3.966881710844411546e-01
-4.421101809152497841e-01
1.038218786666126464e-01
-3.683965544183204210e-02
-1.028017774145525282e-01
-4.399827262358069757e-01
-2.178760550408447294e-01
1.249156021723337728e-01
9.185980212056666927e-01
-2.200522604111976310e-01
1.555151142530487862e-01
-1.873836946541929949e-01
-4.284029645749615201e-01
-1.823127555262409327e-01
1.658780117473711013e-01
-4.291883102812489581e-02
5.275705916091867342e-01
1.602052639002094769e-01
5.767423789717218696e-01
2.302717895459162611e-01
-3.310134314961220015e-01
1.554058813338681511e-01
5.476796244301183059e-01
5.495262047115797438e-02
3.795790989678955729e-02
-7.262245291028956995e-01
-3.255462910135932530e-02
4.131391942873541279e-01
-4.400102688690549213e-02
1.093131645268715091e-01
3.839726818054075563e-01
-1.194171064460623592e-02
1.248079136463496053e-01
-5.508796193982418155e-02
-8.689051589994907510e-02
1.091464626556983147e-01
-5.386467153519900464e-01
-2.420090415032895848e-01
-6.173249122951400547e-02
4.510978740052421498e-01
-3.299239217876993591e-01
1.708306603826727776e-01
1.621075300778585526e-01
-2.623351649755152337e-01
7.281831501973162757e-02
6.294196943955894241e-01
-6.504418837876888571e-01
-1.268535055308576964e-01
3.400046553808893646e-01
3.659694130796702360e-01
-5.766771718952527770e-02
7.740464912914676865e-02
-1.404122405432807752e-01
-3.850055483680748791e-01
4.259651021141297456e-01
2.762992531250045569e-02
2.334794326763122221e-02
3.320886545614544216e-01
-8.354376177580738472e-02
-1.677565060019041154e-01
-2.256528723827195496e-03
-1.886024405414447880e-01
-4.866952671958844623e-01
4.684241040386081245e-01
-6.032217897453971966e-01
7.246418620428217716e-01
-7.566462905148387819e-01
7.080403298666338996e-01
1.877938515731911173e-01
-1.750616488466121556e-01
1.670526505427639974e-01
-4.085383926855100101e-01
-1.681382671650878402e-01
1.044381728796709152e-01
5.667313438682984872e-01
4.951943032034562542e-01
-3.753837006646270069e-01
-6.937466498591877695e-01
2.769251023034949855e-01
1.556084194651805586e-01
-6.390984254755847083e-01
2.002740502389244170e-01
-5.817973256762261069e-01
3.534406446928690659e-01
6.818922877830999596e-01
-1.355279497492306862e-01
3.373058909737843281e-01
-4.815608562043539181e-02
5.174622645409627797e-01
4.520649152099772694e-01
-1.163985746916281205e-01
-1.815691081159968578e-01
4.868887604077208886e-01
4.617019002699894459e-02
3.110944525603339117e-01
-4.832715360640731928e-01
-2.185284397024144232e-01
-3.669893813758122736e-01
-9.817387892803747240e-02
4.026062124120417529e-01
-3.338930567408739947e-01
1.620017096186809336e-01
-6.090604884364276828e-01
2.351778145697750178e-01
-6.725792006422001146e-01
-1.924223990792591210e-01
-5.466114168047834232e-01
-2.261050937862363053e-01
-6.588510662918151128e-01
1.477321658808465055e-01
-3.647495590535720922e-01
6.239683288709566011e-03
1.227772481143571959e-01
8.562874227930995508e-01
-4.524171955161216396e-01
-1.592340325438624249e-01
-6.891270160643531151e-01
-7.084453928620548790e-01
-8.847488652578678892e-01
7.621230016308386812e-01
3.487120238509456294e-01
7.546559378017932140e-02
-1.082205103687402942e-01
3.040644640141607624e-01
-3.699130188666190922e-01
-4.359378217435341263e-01
5.435255144328087207e-01
5.382126129490826666e-02
-4.858015501979912609e-01
-4.176714025059460877e-01
2.199449715145034012e-01
6.646790962020905635e-02
-7.829371541201896045e-02
-4.459525649488891297e-01
-2.846808152642883449e-01
-5.905212599234339194e-02
-2.545679425399171580e-01
4.867931004100473774e-02
3.525635938400351610e-01
-1.279300341260828922e-01
1.263214920957131393e-01
-2.929678689051404827e-01
-2.010378947860534116e-01
6.016433976697083130e-01
-5.430254751091883048e-01
-3.586814078555279339e-01
-4.070711893580235274e-03
-6.776342744001531138e-01
1.636803439874402466e-01
2.441964783257398464e-01
3.933261502616046679e-01
-1.285866773541249619e-01
6.503034874735048876e-02
5.929130984152201078e-01
-3.823892888483270691e-01
-2.490227582335121925e-01
6.246349407093151895e-02
9.504638528906826644e-02
-2.461055225621537057e-01
2.188526201318918285e-01
-5.581846088785272220e-02
-9.432231002392527097e-02
-2.206123508272990752e-01
-5.679377390553586036e-02
5.887301275521205079e-01
5.681057261980886341e-01
4.338928134957190652e-01
4.812969230996561043e-01
-1.820712539246495953e-01
-2.623350983269253089e-01
-6.438320550059164482e-01
-1.917497781003788537e-01
-6.010252008794912948e-01
5.910547544969579903e-02
-2.354884987086013626e-01
-2.773738896828555345e-01
2.323391468615563227e-01
4.575736983310194766e-02
4.525063826709669890e-01
3.732982020105444221e-01
-8.033605168263290297e-01
-6.529189403134506853e-02
3.070843343114882940e-01
-4.046465591670369011e-01
9.985812006737404545e-02
-6.385977248242663551e-01
-8.002915134124065633e-01
-3.028549004647009268e-01
8.627901021803668913e-02
-2.261149463309384267e-01
5.915904132628257983e-01
5.071055765091422307e-01
-5.446868796652177824e-01
4.832246109724988581e-01
1.485252962144508748e-01
5.721776183976375885e-01
1.499200617577381954e-02
-4.040401525203004551e-01
4.381277698533435072e-01
1.518403442311997420e-01
-7.879945390634134350e-01
-7.327723682480092871e-01
1.277376235865984033e-01
3.844953454587056174e-01
-1.474993289948101638e-01
9.567666272518916548e-01
6.025127663535320144e-01
-2.061876385174929716e-01
-2.628480958809177870e-01
-5.272218740780271196e-01
4.298625916563991178e-01
-3.244730616060207962e-01
1.609396078969244082e-01
-3.890888120927201155e-01
-6.899197593227560654e-01
-5.731988757522219480e-01
-8.342781911969828768e-01
1.805673829022902410e-02
3.540762744812989138e-02
3.564149691927402941e-01
-8.914120435539782394e-02
6.238657772616165165e-01
6.662627812975867592e-01
-4.415914456444858249e-01
6.463931301258378781e-01
1.700725995944812052e-01
-4.813093334177592775e-01
7.039723766484687340e-02
-7.614764590700429103e-01
-2.486003473614334658e-01
