-3.100264333226095403e-01
4.819005671304854577e-02
2.298103105675584068e-01
-1.106429403346834150e-01
-5.711686199371890371e-02
-4.174786835242047522e-02
4.567318679667575765e-01
-5.603670776962235145e-01
-2.014164147593741072e-01
-2.736394541842516182e-01
7.733232570285668295e-02
3.154047020691831404e-01
3.050901448499130364e-01
-1.691565613052997408e-01
-6.107930105630818458e-03
-4.096856416331610129e-01
-2.162549666941153692e-01
-1.134887285528659306e-01
3.578448734230720296e-01
-1.073117308310858053e-01
-5.415842685268399542e-02
-1.371896097013490801e-01
-2.080040349394069454e-01
-1.000451934956761851e-01
2.024449990526771825e-01
-3.238144612626055463e-01
4.801781533401873747e-01
-2.266512060543359741e-01
7.602421854372280741e-02
-1.518813829017356398e-01
-2.711479500174417412e-01
-6.780282464037321044e-03
3.308371165586199147e-01
4.478536577018707443e-02
5.334000169195063368e-01
2.948278424930956265e-01
1.110552158752545482e-01
1.327956180468550240e-01
-3.883137957889547520e-01
2.260056432138128624e-01
-2.389576491705384387e-01
-1.343279014263900062e-01
1.409477096030550269e-01
-4.675503170815929477e-01
-2.950877506403536965e-01
-8.591221342605931399e-02
-5.599637873270448679e-02
4.223832809012659784e-01
2.406073573659998077e-01
3.007794178570253121e-02
7.771002699100386379e-02
-1.352885314599227562e-01
-4.064529720840510674e-01
3.452219671627964614e-01
-3.191053872897014476e-01
-4.318622110047515839e-01
-2.469045087734083876e-01
1.653909998638466716e-01
3.576598721620209975e-01
-1.484788077008895868e-01
-7.002897509104116791e-02
-2.040268798818943297e-01
1.667977499444443790e-01
7.601786386270152629e-02
6.111164222529934520e-01
-9.107930584158710485e-02
5.291917752890099580e-01
-7.818526821823060247e-02
-3.010141387961462467e-01
3.250337088768920357e-01
1.357948858211290855e-01
1.122520491278509447e-01
-4.802641293095136765e-01
1.961827028734860201e-01
-1.041452702489003707e-01
3.717074343945405146e-01
-1.558810342401946714e-01
6.029536034098671726e-02
5.016527257066306644e-01
-4.379812661983059074e-01
1.557561938167426607e-01
-4.389893707577005588e-01
-1.957484908715180216e-01
-5.085234470421876596e-01
2.762871056590322505e-01
2.349673813556131807e-01
1.847354157265015950e-01
-3.542620010339866954e-02
3.026549901524649977e-01
-1.726047457689824927e-03
-4.628783416848265553e-01
-1.356286251469406706e-02
1.166378754358630837e-01
-7.752358776619117098e-02
-7.313322393063662052e-03
-1.678838302325636467e-01
-1.319343494536307781e-01
-3.179613207163408672e-01
3.403590285145687844e-01
3.033603236455030272e-01
3.021533757583696467e-01
-2.876301149529281176e-01
-6.681161276188729570e-02
2.845830611332401672e-01
-3.335688828831675501e-01
-3.978525567204771463e-01
2.237021188477959083e-02
-2.966189536508359037e-01
-3.972052887846572733e-01
-5.890660670089661877e-02
-3.357691473535205917e-01
-4.113895735101582574e-01
1.965425251877350454e-01
-7.890701563107446748e-02
-2.047442647614789168e-01
-1.869997543791543371e-01
1.641794518177933093e-02
5.193437882701578134e-01
2.126669292277684198e-01
-5.382640207251494502e-01
5.447771219901739181e-01
-1.531749217433426846e-01
-4.087521155344528978e-01
5.922305298842991395e-01
-1.494396441858847902e-01
-3.243060306173120577e-03
1.556737034069523573e-01
-3.921015631133072388e-01
4.193797843829285554e-01
-5.325278733131340037e-01
4.894810469168438538e-01
-3.902885149123099806e-01
-3.839348885129768851e-02
1.482472455548436985e-01
-1.503776860440572960e-01
-6.368822326642430143e-02
-2.257314890076223546e-01
-1.282256176579858742e-01
-3.223147705773234395e-01
2.262720507871238129e-02
3.371231949160308217e-01
3.700785918994827228e-01
4.357286063133049003e-01
-7.858653313350355551e-02
2.575364038321772409e-01
-1.732645501702843038e-01
9.826956540945261387e-02
2.487686306547137738e-01
-3.328374076591908426e-01
4.343977481256373618e-01
3.317583028873916096e-02
-1.323421152405278578e-01
6.093718930613598594e-01
1.011032567325027554e-01
-3.712291987312303365e-01
-4.218746224830487446e-01
4.522950817991665540e-01
2.117612214733438081e-01
-1.900659538114979341e-01
3.600529236668165711e-01
-7.300141324985612301e-02
-4.535567467818915621e-02
-5.014950477923471595e-02
-2.659470391728451788e-01
2.413064675948383420e-01
-4.130107445935191079e-01
9.813449347232491848e-02
-9.040331627950408400e-02
-7.013662080604513571e-01
3.224215867602300833e-01
2.880231953000524925e-01
1.858464394287272226e-02
-4.065946635100414763e-01
3.959111385838750552e-01
3.470022789588328438e-01
-3.437444161026161071e-02
2.567638738249244379e-01
8.692895022017900486e-02
1.714218698497819160e-01
-4.569146692538161858e-01
3.409875356729176188e-01
-4.438725488660061336e-03
-2.295059266340810367e-01
5.608882222565363396e-01
-4.883970087269909333e-02
-3.930923433604907036e-01
-1.804816202164737649e-01
-1.232104714169749010e-01
-4.196684545006594824e-01
5.981434584442224534e-04
9.672768688178247365e-02
-4.868484017511123113e-02
-1.092249520083855840e-01
1.671534375528551664e-01
3.219686959243968083e-01
1.527417769195191788e-01
-1.715556214133345803e-02
-5.699646623176471971e-01
-5.262168934649241736e-01
-2.116613332035021666e-01
-4.330881081741985023e-02
2.033420130249249391e-01
-1.697789023747829640e-01
-6.169526034017577820e-02
3.243470098025128673e-02
-2.474406171534995202e-01
3.846630856680304245e-01
4.617617571597992104e-02
3.507594791446097537e-02
7.717497025167479041e-01
-7.298034312705486970e-01
-3.948743599787148950e-01
2.844580579210443938e-01
1.185380183288926581e-01
-2.029678805549998133e-01
8.479952841178450829e-02
1.361498673563204531e-01
-1.674197821636306815e-01
-4.788423441343041265e-02
6.586498459223080193e-01
-4.962622300157729094e-02
-2.283301676277731118e-02
4.160873850896789072e-01
-3.111399019616271078e-01
3.127478989163433587e-01
-4.804475068840385887e-01
1.502878043621148629e-01
2.173698169210494524e-02
-1.279310813137951308e-01
5.664002691444267601e-01
-3.622417637804268287e-01
3.021430976074070962e-01
3.443021219828851232e-01
-3.177724540275171372e-01
3.007959571340341198e-01
-1.669249888275843863e-01
-1.638421000748338519e-02
-2.616861248342061685e-01
1.697117531495834497e-01
-2.306362215458397300e-02
3.050618070962772266e-01
1.128978839619486640e-01
-1.457183790039672799e-01
9.653725299632193169e-02
-1.578959420503218691e-01
4.846449663789836881e-02
1.401971663212755181e-01
3.546492571211003475e-01
4.106571957881418600e-01
2.377360351122490001e-02
-4.665454148794562217e-01
1.375190818623480971e-01
-1.600989454619698438e-01
-1.244243849207806868e-01
1.163861027559189992e-01
9.381358152178614906e-02
-1.993701247772223517e-01
-1.061348922280407059e-01
-6.749348744388689036e-02
2.071829516798066040e-01
3.296989242908962559e-02
-1.088749345434765065e-01
9.450292273570290447e-02
3.018781867494613191e-01
2.342642012128418605e-01
