-2.766568431103801906e-01
-3.068647137996116658e-01
-1.941437780623256615e-01
3.241506913168283321e-01
1.827089043271822311e-01
2.206993272441996889e-02
6.357394608758271115e-01
-3.341019449489371906e-01
-2.049253807721011442e-02
-3.278939454167461437e-02
-1.395944269571020857e-01
5.140436692908776500e-02
4.351760347833411036e-03
2.662007869114105807e-01
-8.444985714195883675e-02
-7.192862433438089453e-02
1.527782186425240274e-02
-5.716198833312113869e-01
-1.680725477904630172e-01
-3.188928725371271977e-02
-2.567102649797215613e-02
1.489815968675930191e-01
-2.835336938501802351e-01
-3.283650428475196059e-01
-8.228011308505531751e-01
2.784982120922872839e-02
4.559172833157095206e-01
-2.356405240724920580e-01
2.022339283645512853e-01
2.861078080427517656e-01
-3.594405875674231421e-01
3.170034621748992198e-01
2.372725414545533151e-01
-3.694502338323801260e-01
2.570735800329100318e-01
-2.546773599770152385e-04
1.543089202462056830e-01
4.165843027512272645e-02
-1.764783141407496592e-01
-7.538938247889091782e-02
-5.600035546794322749e-02
2.865056038067322897e-01
6.531202910652700311e-02
-2.358527204315947201e-01
-1.595196957250371583e-01
4.005525562372498349e-01
-2.447137904291886712e-01
2.862136596678905853e-01
3.537273042349389079e-02
-3.260487739735812851e-01
4.324145079937788960e-01
7.154514646659822230e-02
-5.846672494958178590e-02
2.737274970168661059e-01
-7.214452021039791108e-02
-5.218129573731634663e-01
-3.973149284394050795e-01
-3.329547510930803977e-02
-2.063044827855942398e-01
6.039537586440999473e-01
1.225820691976460541e-01
2.406861171800926680e-02
-1.253719150241706659e-01
6.699921087770448480e-01
2.348536425541027095e-01
-1.389732523143348275e-01
6.500442886568342793e-01
-2.748250324852316573e-01
-5.446533310384076287e-01
-1.426234153402798910e-01
-2.761476964201231565e-02
2.081273737420225589e-01
5.384696801404991184e-01
2.837870700730653062e-01
-2.969240403065856460e-03
-5.742238689071343938e-02
-7.556434884540466634e-02
3.559620988326777091e-01
1.811005676162069644e-01
-2.940147749785330666e-01
-3.307657579017701105e-02
-2.612932979325494620e-01
3.040252971863355302e-01
-1.810743024713131755e-01
2.506712440389792240e-01
1.914075740962457584e-01
-9.004279770137502137e-02
1.241847718972388659e-01
-3.297535140393851871e-01
2.146059625850889330e-01
-3.255856570316306153e-01
-4.830686487974688581e-01
-6.456194950398619348e-03
2.026082798369701482e-02
-2.009665598484620952e-02
-5.664924031018037098e-04
-9.568583383726583791e-02
-2.882117560488129393e-01
4.331245014479735700e-02
-4.727401974819562813e-01
-1.467261087400955899e-01
2.515559311114402841e-02
5.800978531416232098e-01
5.230707034630538432e-01
8.874741999106817991e-02
-1.544699989059295508e-01
6.596733195375522607e-01
-2.930888623361612155e-01
2.279394122623367436e-01
-3.164093224620080358e-01
8.115434916975533541e-02
-2.384822811376555718e-01
-7.280021097156680332e-02
-2.484798665544029062e-01
-8.256762115669213919e-02
-9.046158893473500717e-02
-5.529438899646121897e-01
1.219776997162327487e-01
5.188853567576454662e-01
-4.383304820216636921e-01
2.114886194527902941e-01
-1.078138675319974260e-01
-4.004022039523217336e-01
-1.887972989991554273e-01
1.145356298558324049e-03
3.722719245455518022e-01
-4.936262869263971509e-02
-2.070383289940539162e-01
1.419836565681705798e-01
-5.439707688300325916e-01
-2.004053825430845981e-01
3.345594431674115549e-02
2.353015875270420554e-01
-1.938245799163474115e-01
-2.592553398834668288e-01
-1.700282065606018023e-02
2.128872345834103008e-01
-6.447423414071726255e-02
-2.573358444476478990e-01
-3.379782611381589308e-01
-1.276278001041586570e-02
4.482916505811024299e-01
2.270589534413251509e-01
-3.936799001290908206e-02
-3.509054812525321670e-02
5.996285496217915872e-02
2.077411590994674984e-01
1.147332883211472365e-01
-2.367776230588098940e-01
6.117067994640311701e-01
-3.113364445093552701e-01
-4.983543777679809161e-01
2.050867605283552275e-01
-1.594070086574042033e-01
-4.021130601178657948e-01
2.580016982751361931e-01
2.287910106645872077e-01
1.429283164172472365e-01
-1.259027600807002545e-01
1.221663808864905665e-01
-1.490520040852706674e-01
-8.037999029427470021e-02
-1.262314725297263018e-01
-2.548234164134589030e-01
5.179809802156936510e-02
-9.509623957497763402e-03
9.466961216449546468e-01
-2.227591066068005665e-01
-2.497986974111057745e-01
5.200611704513957712e-01
9.814721914558710569e-02
2.069258386300921182e-01
2.230058933373080809e-01
5.525941912582604809e-02
3.553127432263097907e-01
-1.919063116656820334e-02
1.486824037039125579e-01
4.435222429740548478e-01
-4.677133982879170260e-01
-1.100315624732750852e-01
8.904339147445383684e-02
-9.210405272011358557e-02
3.575694185513559886e-01
2.744498733345039909e-01
3.697397033514801534e-01
-7.890655377415567440e-02
4.966637976072659777e-01
5.805699307534839537e-01
-2.281007358596380818e-01
-2.073608825773141651e-01
1.673367638704302551e-01
-1.367754826720853356e-01
-9.503163086268201498e-02
-1.021313142601985163e-01
3.648141102031254857e-01
-1.786982171561572186e-01
-3.219185276383637051e-01
2.165251904352219758e-01
-4.289912736185506059e-01
-1.119735800393217295e-01
-1.689950088271511552e-01
1.411319520095171906e-02
-1.391212230032644048e-01
2.866202635881743843e-01
1.413468373071974926e-01
-3.114874718145763111e-01
2.705805173414723708e-01
-1.069590515833404587e-01
-6.163749544821160720e-02
1.266886925488758253e-01
-7.294786361025351606e-01
-2.688753897372698209e-01
1.724918905573367967e-01
-3.830377846949901965e-03
7.626716875853687405e-01
-4.884174349887544092e-02
-1.827644863607561510e-01
-4.642636097759899605e-01
-1.934869337165508532e-02
7.477050814201924300e-01
3.557872796174545438e-01
-3.982919667170569111e-01
-1.478171820089215216e-01
-1.379036539625136115e-01
-4.721080213321309227e-01
-2.148589425573559919e-01
1.163298071934635441e-02
2.633659633964951508e-01
1.884685257732307551e-01
3.608005420517758077e-01
1.014885034554002530e-01
1.174204394134234636e-01
2.089158684937942045e-01
-1.183418983188047613e-02
-8.618779759852865374e-02
-2.916303157909624910e-03
7.765227255310508392e-02
4.972128699079435277e-02
-3.310360920246521732e-02
-1.664411227760814460e-01
-3.705252172075852446e-01
1.783405340036526843e-01
-2.820633716400979818e-01
4.740483186331830856e-01
-3.410546664440200493e-01
2.112602296420390269e-01
2.841146890330060182e-01
2.500099026702852778e-01
8.428092430551692438e-02
1.344797981933573694e-01
-2.461100987309835508e-01
3.024976349349335902e-01
1.887547888112475203e-01
9.637579157416417686e-02
-1.539803693786206962e-02
2.112410523555799946e-01
-2.171471271694018768e-01
2.763220904524152921e-01
-3.519216795607782444e-02
-2.227278063620968529e-01
-8.504090263165030306e-02
-3.693174730749201884e-01
4.570624840143238665e-01
2.978711052617796784e-01
5.901710381454140508e-01
