2.023395651306784948e-02
1.214111646491256580e-01
-8.762958615553674557e-02
-7.750524678180681359e-02
-3.691064111156878713e-01
-8.894621175473194086e-02
2.346972988535317994e-01
7.321039792639044697e-02
2.030959765342999490e-01
-3.724281742337274270e-01
1.099691244109015503e-01
-5.642027696783821766e-02
3.732534766907882884e-02
1.326058636819961722e-01
1.228142407249923074e-01
4.182121006899564564e-01
-1.974806727236409071e-02
1.187406524615227665e-01
1.203303750624154789e-01
1.501900918924654604e-01
-3.812657392353165364e-01
1.771093458660203124e-01
2.179203657958365126e-01
-2.987643536638865949e-01
-7.554058249970878325e-02
-1.583116690298059237e-01
2.848234750702446916e-01
1.106940010119058515e-01
6.558085584525817913e-01
1.683817273910203638e-01
-6.290659824577443660e-02
3.215652646551323546e-01
-2.902090559650149504e-01
-2.804209217741572280e-01
6.383576109148395017e-02
3.155992793558214105e-02
-6.748698905455817465e-02
3.428439420876842197e-02
1.019001367941581998e-01
6.658037841349188912e-02
2.972258596406370246e-01
-6.829490473635985159e-03
-3.891217040841485897e-01
1.504946665507628234e-02
-2.485124020832421565e-01
-1.476802705983425723e-01
-1.775229871576145535e-01
-1.461156285016959044e-01
5.335821447881942958e-02
1.902270320405750614e-01
1.934170552524315523e-02
-2.225534134859067925e-01
5.607912348169760003e-02
-3.269247582709289279e-01
3.030996060145202398e-01
7.854269173088311573e-02
-2.515147054708661289e-01
5.596290008963766827e-01
3.292255704106509251e-01
-5.030784577170061000e-02
-1.798281814279993063e-01
-3.539353890742419351e-03
2.913163662528738262e-01
-1.828968946645404547e-01
2.024394013912021728e-02
-1.378182833059751755e-01
-3.414123871285565381e-01
2.158955488745383233e-01
1.111187782010755465e-01
-9.659854701328757232e-02
5.591477158458840746e-03
2.964161616945927280e-01
8.616526132548311956e-02
-4.059979253257960385e-01
2.818317663491098218e-02
-1.388138687236577795e-01
-1.127872340533637718e-01
1.186861501449333611e-02
9.346539460564526336e-02
9.904237962664043382e-02
1.652125154219074299e-01
5.243596276997045114e-02
-1.907535751987348149e-01
-3.828307685251167714e-01
1.780541037256522935e-02
5.871460553357334966e-01
-2.740729246143041031e-01
1.884601072324262883e-01
1.835466381041189754e-02
1.622353805937979399e-01
2.813354860884391684e-01
-4.068476230631440371e-01
-2.655970856045867801e-01
-2.137694544467157176e-02
3.827449491928615055e-01
-1.334254628693005151e-01
7.729874810804578111e-02
-4.147276091524730590e-02
-2.577571022915135512e-01
-3.368100256027107414e-02
-2.083368246604818674e-01
-3.001472006199062958e-02
-5.758058063915359737e-02
-5.749557504671637398e-02
-3.511547487533747680e-02
-9.461201982703371094e-02
3.594389837179744474e-01
2.588788750634278546e-03
2.367439844856967235e-01
-4.235210599698060463e-01
-8.854949909803110086e-02
-3.636663138783992055e-01
2.262263502809601645e-01
2.415785404957588312e-01
5.691653905069572750e-03
2.959864075384047166e-01
-4.596477733724566583e-01
-3.387035377016761606e-01
-1.928165068069291332e-01
-2.651338099494174316e-01
-1.104774449407042308e-01
-1.883398676983483455e-01
3.310860904991235198e-01
4.844280085597098273e-03
1.218211589884841267e-01
-1.427921138015863511e-01
1.274928264557232127e-01
1.418466315435670255e-01
-1.662463973947391760e-01
-2.252787096814466705e-01
4.325553387935073824e-01
-2.327346253905767381e-01
5.228334071959532814e-01
-7.142715096167386868e-01
6.775746167499139272e-01
1.961282582058705426e-01
3.691060091101987239e-02
3.792644979503922986e-02
-8.236757843678432778e-02
6.709431559469195006e-02
4.197862612693971374e-02
8.699344183010415676e-02
3.871996570306629470e-02
-3.535687166649221780e-01
1.637117712974867911e-01
1.787982805817862619e-01
5.634550836027731879e-01
2.483652713976889914e-01
5.652721129175780623e-02
2.166840751918851504e-01
2.136200554771738869e-01
3.662944752648498170e-01
-2.001190385095320545e-01
5.285717533727425366e-01
2.887140948334460111e-01
8.478820356703196948e-02
3.673913585755479438e-01
-4.103174684283138474e-01
-2.452477485567834681e-02
-4.834802608522623668e-01
-3.630231230181341640e-01
-3.054369447105016455e-01
-1.147857133779954797e-01
1.554811744002057294e-01
-3.531426871331954653e-01
-1.181237632405507110e-01
-2.221628852390639675e-01
-5.255877226609834835e-02
-9.212668758682311665e-02
9.264974273862011667e-02
-2.830196508910595155e-01
-1.512966733565464517e-01
-2.950600122316267004e-01
-6.974106197741476443e-01
1.852659496921251758e-01
-1.575345918551082081e-01
-2.276389930899803127e-01
3.348610875088003924e-02
1.832374871811088268e-01
-1.834981740773292125e-01
7.886802184601263144e-02
5.098938946091076119e-01
-1.025724246367795273e-01
-5.873702160836977715e-01
-1.739034188195957564e-01
6.888204952900711664e-03
-3.318638392740716481e-01
9.660729196635878258e-02
2.552708265756147288e-01
-4.163363898242217198e-01
1.600304715785859089e-01
-3.921876926241182337e-01
-3.077821306588246486e-01
1.462859002388300911e-01
-4.823164105692465675e-01
-3.338970522292806359e-02
-4.216293062532766589e-01
-6.186897305218502785e-02
4.102751818395901084e-01
6.669449801522034371e-02
4.207249649505355182e-01
-2.795961472419093985e-01
4.414431724988183703e-01
-6.639265673158629699e-01
1.773887475787207513e-01
1.529767925618968349e-01
-1.542983147708555103e-01
1.414156568019939442e-01
3.913169556389910486e-01
-5.175037664716508612e-01
-1.075180848626842156e-01
-1.751009309463095742e-01
7.527776837378752361e-02
6.094860903761187831e-01
-1.129044642681603650e-01
-5.509564766422875293e-01
-1.029275232201891377e-01
2.285572644520115770e-01
2.704924110419018590e-01
2.903957062955291879e-01
-9.128302094782835691e-04
2.992702189376018618e-01
-7.013858156274581368e-02
-2.191425326953967412e-01
-3.803783973785705430e-01
-1.381132380754340749e-01
4.606018691682839394e-02
-1.320503299951395204e-01
-2.158475030787679327e-01
2.087896491684007039e-01
1.088929219294248185e-01
-5.150477840685963038e-01
2.214968978181739434e-01
-1.104049682291919771e-01
1.655177598633911923e-02
2.774853574488162500e-01
1.022337963120332760e-01
-1.426737452068197742e-01
2.785973409772141141e-01
5.391225085382768123e-01
-1.530085478693204715e-01
-4.361246701709217688e-03
1.616780240848353645e-01
1.511331437507176523e-01
1.288797399636679997e-01
1.689416706438997273e-01
2.237360005757203785e-01
1.290978410254707553e-02
1.623341833599031836e-01
1.411428479481186549e-01
-4.284076881026321892e-01
1.641357913032590043e-01
1.565019452006479184e-01
8.864222115516984246e-02
1.732014198653198944e-01
-1.062600272395273354e-01
-2.867610436565447007e-01
1.451315422522310439e-01
-2.032785900013874270e-01
-4.302289272838701883e-01
-2.290284476406803105e-01
9.994296886680661962e-02
-1.332259320741575048e-01
6.628445647290015508e-02
1.216755786119376875e-01
