-2.043372831651417698e-01
-3.090230624514838098e-01
-1.477657237999139284e-01
1.996358134315601163e-02
3.707895414365619535e-02
-8.291879266284356564e-01
-8.589146284098678752e-01
-1.545120695959666113e-01
5.778715690270308514e-02
-1.691587254480633185e-01
3.948327257778434518e-01
6.998047876933919387e-01
-8.236799662112408438e-01
7.374177807703187204e-01
3.901905978603736891e-01
-1.344146460724223724e-01
1.263614110102282417e-01
-2.070422597052108404e-01
1.836938327248068270e-01
3.200427452171204501e-01
1.000000000000000000e+00
6.852429211125609099e-01
5.674615838538105139e-01
3.902062041835263617e-01
5.795610082277580233e-04
-5.945091696403362880e-01
6.242871125483245853e-01
5.627794131938554933e-01
2.911988721181428819e-01
1.746958431497738773e-01
-2.795821070444122203e-01
-3.597597668892792422e-01
8.941541091511520101e-01
5.051555970026253561e-01
1.000000000000000000e+00
-4.675384051532052165e-01
3.397912656185231861e-01
-6.473992417113325626e-01
8.324403859353917134e-01
-5.337432642430883778e-01
3.505609675008325432e-02
4.546157076661777596e-01
7.078500664766296246e-02
6.327979161745949099e-01
-1.186748647184361349e-01
-4.875120557390972831e-01
2.545505665219383040e-01
-1.303223777606932199e-01
-1.866105117840262118e-01
-5.472092554259528896e-01
8.522731864018708858e-01
-5.058899493569014583e-01
-4.882947892265903089e-01
-8.387991377512369340e-01
9.483867429898069634e-01
8.608008388578075598e-01
-6.689437516350209556e-01
-6.939334342189105165e-01
-8.624163601338024066e-01
-9.305687437426970465e-01
-7.165424206686223929e-01
-1.084732688449554505e-01
-3.091261513192769539e-01
-1.557833064724811756e-02
-6.403491401210914535e-01
-2.947328959569142648e-01
7.200074033381339556e-01
2.420427095973992637e-01
2.608412513944773359e-01
8.012625398345190053e-01
-3.396901734000561390e-01
-5.266501696692384993e-01
5.236575194610918471e-01
-7.028364607997832358e-01
1.859295754003040813e-01
8.296721940600790823e-01
-9.959998495270246943e-01
-6.419910067168348444e-01
-7.097323745824419827e-01
-8.925001499421503226e-01
7.877115063579869236e-01
2.803464542201929977e-01
1.000000000000000000e+00
4.331243552908708994e-01
-8.387960315254275878e-01
5.303976068719451487e-01
7.572785579855221272e-01
4.093259951445397116e-01
5.360645869641742500e-01
-6.070240332967526964e-01
2.077566063299484123e-01
-9.086962668266422849e-01
9.839266225594573978e-01
8.615321651328939900e-01
-4.991221821253726265e-01
9.713577835363598201e-01
5.915774219680238755e-01
4.097765394179380127e-01
-1.016660518118162881e-01
-9.643237932558655912e-01
4.838940922861116878e-01
6.463343749266701188e-01
-7.359770415806211608e-01
1.000000000000000000e+00
-4.197215618074628951e-01
-4.814600076374904170e-01
2.173890531560949135e-01
-3.127834983040247430e-01
-1.000000000000000000e+00
-6.669047523734981109e-01
2.771087065269943195e-01
-3.025096955123314224e-01
-7.402556763954457608e-01
8.018779163612586025e-01
-4.233401469067470391e-01
4.700696997693332158e-01
-9.830303615428961361e-01
1.000000000000000000e+00
-4.319720558339255057e-01
-2.227870288372489904e-01
4.574779528114448768e-01
-5.245671910152376327e-01
-2.663196375785468195e-01
4.400952624778284861e-01
-9.238698856435135776e-01
4.569995026936393145e-01
-7.056955144316015005e-01
4.954272535720626314e-01
-4.468217069021098720e-01
-9.096626042267008661e-02
6.953193969983620382e-02
7.913668385261463101e-02
4.175577100291150145e-02
-7.852919270442128008e-01
5.751847085827790362e-01
-9.791893655476968661e-01
7.315533801654137136e-01
-8.253707336928799432e-01
-4.993398363600414225e-01
-2.949733413252497716e-01
5.321122572250613914e-01
-1.000000000000000000e+00
7.395052250091247448e-01
3.551368054727644386e-01
-4.336479033097032643e-01
7.912780745016779749e-01
8.579119024846698638e-01
-5.088520986449263095e-01
1.000000000000000000e+00
8.097808306895071251e-01
4.279103045588937837e-01
-6.075109093563950680e-01
-6.899619460075191446e-01
-6.562197749812936909e-01
-1.000000000000000000e+00
5.592707525969948801e-01
-4.470335453757434685e-01
-1.271636524080275166e-01
6.906991277059816303e-01
4.953606431337007066e-03
5.026874777752088352e-01
3.756141628056512971e-01
5.627430876750116884e-02
8.678719918988586635e-02
1.546145175048323495e-01
7.075306207104661294e-01
5.689102563944903324e-01
3.072196569443277347e-01
2.468919974488408275e-01
-1.109710128712970700e-03
-9.273754549279868975e-01
1.515961444620952392e-01
4.972989497580850848e-01
7.288091614229941229e-03
5.379436742031605823e-01
-6.129141798835775479e-01
1.000000000000000000e+00
-1.000000000000000000e+00
-7.048499805048260569e-01
8.903772912175293985e-01
5.962446463253190387e-01
-2.282707755967636198e-01
-2.000542125483771860e-01
9.390542307980376258e-01
-7.161873207276803210e-01
-3.552460780667006102e-01
6.717750893112316435e-01
-9.910962903380149402e-01
-2.087157412081960262e-01
5.368403635275280639e-01
1.538836084251729019e-01
7.501672838356767681e-01
-2.410492357404661057e-01
4.386655701272761387e-01
8.418637446854029260e-01
-8.300293161176945933e-01
1.000000000000000000e+00
-6.739550407050423075e-01
-7.496454940550502377e-02
-8.798798037130661776e-02
-2.937369947993859753e-01
8.359305776738475968e-01
7.442211125949103057e-01
-5.599190666884107381e-01
5.314470602786093290e-01
-3.398287685828980109e-01
7.444021584365784205e-01
1.887613322081871381e-01
-3.966453982073372408e-01
2.604913078421011718e-02
1.000000000000000000e+00
8.046316856483035629e-01
-1.555538334359102270e-01
-2.795432030438482762e-01
5.507122775093203915e-01
-1.915055304556156912e-02
3.133463095122198672e-01
-2.712721996373075317e-01
6.286896162389192799e-01
2.733109170451911707e-01
1.723588530194442026e-01
9.830228443910862257e-01
6.536166734628617858e-01
-1.419545066411547207e-01
-8.076501974913099513e-01
-1.173893962460665907e-01
7.052381807485454956e-01
-7.766753782451385479e-01
-8.020622904073775317e-01
1.000000000000000000e+00
-9.359834638199684420e-01
-5.740963860244971961e-01
-4.940659822226863840e-01
7.512020385307790482e-01
-2.889842038934027357e-01
-5.338261412766676095e-01
-7.102958760743944833e-01
-1.633424861070700562e-01
3.747252832078500906e-01
-5.153585281351240610e-01
-1.508387617181959350e-01
6.651894972203276080e-01
6.152821501820835426e-01
1.127213555631303432e-01
4.083650639861059473e-01
-6.344122651433135029e-01
-5.793229940280052170e-02
8.206365734285194780e-01
2.037497196047621806e-03
2.245535637277378260e-01
1.945134833866088153e-01
6.677907055944921622e-01
-9.503352117972307944e-01
8.018943449062208018e-01
-5.437603672452273607e-01
8.544853676144457122e-01
-4.908816142018204154e-01
-4.758893752094379981e-03
7.825561813018548918e-01
-9.899287060622661283e-01
-3.194058930959142728e-01
8.758673925093156676e-01
-9.491842838964517082e-01
-1.407007726509624523e-01
-1.226078167528381613e-01
