-1.057690999689415157e-01
-9.367004079358143276e-02
1.580134377702350490e-01
-2.814033475397039741e-01
-2.611603881955141815e-01
-6.853905893782150649e-01
-3.652120822190959570e-01
-1.826538006976148321e-01
9.686110459728652922e-02
-1.503175197314550737e-01
3.261251554158072774e-01
6.990700051990579311e-01
-8.813914514242795484e-01
7.374042002557745779e-01
3.300244988492058162e-01
2.524551174036934048e-02
1.465141956935815948e-01
1.030199900304577809e-02
1.301494075116365334e-01
3.466407172345187249e-01
6.763475197546175988e-01
4.526814639601061119e-01
3.713884662514512769e-01
2.517366744729707118e-01
1.012466268977561812e-01
-3.794060843307779374e-01
5.047919044517295006e-01
2.870787556032656229e-01
4.091480212584218679e-01
3.033994616237566944e-01
-3.601853041307739867e-01
-4.585638784823054537e-01
8.200176709979867251e-01
2.206713840078846356e-01
5.312268426713864233e-01
-4.739598109054052322e-01
2.173324148453461002e-01
-6.267517929668924292e-01
6.333953964786563917e-01
-6.652787491787636176e-01
1.597401956011054724e-01
9.084126858053015452e-02
-3.831266286140275201e-01
4.642726019835695661e-01
8.912405902320753859e-02
-2.659503104220741210e-01
1.113959840118018685e-02
6.716186546351812781e-02
-6.699484328325196192e-02
-3.691572160735475672e-01
6.150608994384285655e-01
-1.516724510823401206e-01
-2.808535504724305465e-01
-4.886073998381580963e-01
7.192164198305689427e-01
5.810284424438614259e-01
-4.160063920589496256e-01
-6.059233054198076562e-01
-7.836009444045093364e-01
-7.722110476779412425e-01
-2.747329123149014340e-01
-8.458847864647937864e-02
-5.979629122104592742e-01
1.450398907824246575e-01
-2.604110180901034188e-01
-2.073470358732547314e-02
4.086643171388215645e-01
1.436152380935732942e-01
-5.950389832023988967e-02
5.700485248925850623e-01
-3.428303965138824738e-01
-3.682759115895112845e-01
4.231557943988255577e-01
-5.699300364453855350e-01
1.351470038480024338e-01
4.109532785727418314e-01
-6.941092622411905166e-01
-4.362376784352172132e-01
-7.140633305406017817e-01
-4.841912346793872945e-01
4.463881381288603012e-01
1.725068309506924413e-01
4.993007537773560545e-01
2.190899950479425484e-01
-5.404167997042088611e-01
1.385302440017906478e-01
4.101790108109655275e-01
2.844528438961522188e-01
1.629183536885670802e-01
-2.962838919176977726e-01
1.715693331541858213e-01
-6.765089973105564702e-01
3.536329832398232287e-01
6.485225128758376201e-01
-2.401581180864773291e-01
5.931649013376163460e-01
3.275712401724503176e-01
2.832520708979731072e-01
-3.806023264464206690e-01
-4.992723324270851859e-01
2.158626341576546648e-01
3.088628877997752209e-01
-3.635569931449340042e-01
3.873406838706872635e-01
-1.047475894640607780e-01
-2.496033301731179210e-01
1.327095251593670699e-01
-3.411355568953243766e-01
-7.226261439492075445e-01
-3.751942188673969558e-01
3.426344190303250437e-01
-1.543154872769647579e-01
-4.761955845492951145e-01
4.950793988283772040e-01
-2.057806111212942546e-01
1.980502343166160584e-01
-5.833759794239087304e-01
5.198979315957295011e-01
-4.865482254461177547e-01
-5.011870887639995054e-02
4.686006510017045046e-01
-2.228452245324814562e-01
-2.506011977088622444e-01
8.053396274906512997e-02
-3.749845246412100153e-01
3.677766107537141504e-01
-3.325408285544975140e-01
3.822109892962340938e-01
-1.398969718139884133e-01
2.372063594445496248e-02
1.527828871532357635e-01
9.811633639834383552e-03
-1.599171019461261833e-01
-2.458391826256844659e-01
8.744853811763805829e-02
-5.815653727833997033e-01
3.448107038909006272e-01
-3.394852131780828897e-01
-8.486244665614670057e-02
-1.065022957232185652e-01
1.659075799503034188e-01
-2.287608700804946160e-01
3.636577888863675723e-01
1.786638514407097311e-01
1.750919690798620199e-01
3.218116123633806280e-01
4.641169574538344111e-01
-4.802991269737427182e-01
6.374747667021983810e-01
4.018371043461833048e-01
2.491170050598247310e-01
-4.153867709301626299e-01
-1.948632252807637744e-01
-4.524494041713347792e-02
-3.259775398171936844e-01
1.974751734759114252e-01
-1.601530766655178406e-01
2.301572961101287784e-02
3.218356919671808702e-01
-2.068456781012482648e-01
4.020727325335273772e-01
4.323752747292051168e-01
5.413950914257537050e-01
1.088326852156464020e-01
-1.837959143653687330e-02
4.219803560172666335e-01
2.147963304530866868e-01
1.650920091679731749e-01
1.524830058023889101e-02
-4.957152420955208694e-01
-5.589174789432692636e-01
-8.840791982708338936e-03
4.128791200056483035e-01
3.516675140215170803e-01
2.247219358882569240e-01
-3.346984598394858734e-01
5.417125856860329769e-01
-1.978842287911367903e-01
-8.840411563631883629e-02
5.175285065605261803e-01
1.213705453277502400e-01
2.978599738336065172e-01
1.929965828254618931e-01
3.386000844256851217e-01
-6.202892030915889698e-01
2.464789171997232298e-02
2.519257607256438769e-01
-8.473276154086475387e-01
6.139748557178381638e-02
3.107669551276990849e-01
3.701407373280904967e-01
3.239644960186434108e-01
-1.976796307930103747e-01
6.281287351478882508e-01
6.854188796092878233e-01
-6.420240640895827910e-01
5.395549369790390015e-01
-3.851193987058507129e-01
-2.001862986420454085e-02
-1.730462424479407568e-01
-1.209993071959257344e-01
4.325489917758840730e-01
7.590813639668375634e-01
-6.638792105301133395e-01
5.047835917017302609e-01
-5.449792372296824450e-01
3.838284809432568334e-01
2.772609606100033819e-01
-2.944342136773318019e-01
5.746658598530279133e-03
7.790849831413286797e-01
6.402632713802299813e-01
6.274852116439895433e-02
-2.695643224945769578e-01
4.714833491805612287e-01
9.514419635623418137e-02
2.830276823347809834e-01
-1.973883865479282018e-01
5.217314537023000076e-01
3.656173823566664094e-01
1.379805693194671723e-01
5.000038944261298024e-01
4.543807062946582098e-01
-1.173496825358283091e-01
-3.346301562032213406e-01
-8.151717001194107304e-02
3.632821450844909150e-01
-5.763967693541045545e-01
-6.820180065216321363e-01
6.567861281557119124e-01
-6.202143358123861638e-01
-3.739027465046296239e-01
-5.529665558123280089e-01
4.705016634554226584e-01
-2.299675760367616006e-01
-5.414865345350513559e-01
-1.188767164465809184e-01
-1.679318976756960513e-01
4.491264337864652179e-01
-4.080202286935750156e-01
-1.418443469540212332e-01
4.340415771668075795e-01
3.781677190509302733e-01
6.878525498442752961e-02
3.080111453751259790e-02
-5.101287432752711348e-01
-1.012750277419490197e-01
6.024585131456310361e-01
-6.455319401152614933e-02
1.189055672334526637e-01
-2.499324177889181500e-02
3.463179602785684263e-01
-7.302720757633693882e-01
5.166086137778559406e-01
-3.849322991704373642e-01
5.469775265431793265e-01
-3.732760383331428788e-01
-2.002496619336664729e-02
7.014017189627483884e-01
-3.810435201681238171e-01
-1.729386972379605147e-01
6.484160947927348762e-01
-8.289693625350021966e-01
7.493492633875241393e-03
-7.780135844646265952e-02
