-2.123238634186949969e-01
-3.401219020793657122e-01
-1.411852379158345105e-01
9.387518496396702466e-03
-3.685650885308991431e-01
-8.897294117546303838e-01
-8.139848643265569228e-01
-5.062113951061789630e-01
6.544926346266594086e-02
-2.256309904873930183e-01
3.508064839469934304e-01
7.097115520753712881e-01
-7.768177203836792444e-01
8.948075239218865606e-01
4.184554663210057757e-01
5.836181588404022735e-02
3.529748134987374941e-01
-1.659900786456139921e-01
-7.796997634679923850e-02
4.389667029158985101e-01
9.375775782966523364e-01
6.611211459204392460e-01
5.466647912753477279e-01
5.400092787441291842e-01
-1.161701337739941492e-03
-5.660221186389986503e-01
3.309430588603263779e-01
8.670459548400035743e-01
6.314415733298855971e-02
1.713268331521839438e-01
-2.699501246524625975e-01
-3.548308708951256607e-01
7.499530152773320468e-01
2.870786572833097239e-01
9.188632955922386714e-01
-5.805896165709506507e-01
3.334609791666300893e-01
-6.592878082454425304e-01
9.960942476659568889e-01
-6.699547877447823430e-01
9.360943473555750211e-03
5.747190216035239496e-01
6.158057434470228658e-02
1.000000000000000000e+00
-1.154160225383643601e-01
-5.005637439344471362e-01
3.384868936903331904e-01
-1.395739103295444983e-01
-1.656347645897233156e-01
-5.582728200976003752e-01
8.801527819102508143e-01
-4.819005934136487423e-02
-4.001760040008216501e-01
-7.800806218483583576e-01
8.654540999139324065e-01
9.744706477736384542e-01
-6.582503571854557700e-01
-7.020586754792497164e-01
-8.439604081932577939e-01
-9.222287707653999966e-01
-8.097821027721210374e-01
-1.065790986921040795e-01
-3.035885171057332022e-01
-1.250992874405643662e-01
-5.370530540810984910e-01
-1.042845074275974837e-01
6.501943416639389683e-01
2.404443106383846174e-01
2.233163835653983464e-01
7.409531473465973406e-01
-3.262977191838372093e-01
-4.710070968463822005e-01
5.116538302907248648e-01
-6.754096442197479178e-01
1.770594089328189902e-01
8.429221029425205680e-01
-8.684396309390026714e-01
-6.822137464443734922e-01
-7.437616715324515404e-01
-8.354511749413487953e-01
7.560891916730184681e-01
3.987359029110183473e-01
8.091092030258891787e-01
3.819702484835998946e-01
-6.667374615165085894e-01
5.328205220188597657e-01
7.166777281178482450e-01
2.873634917487082330e-01
4.981641194634601200e-01
-8.299213897026217479e-01
2.091551296460183174e-01
-8.946877527361146720e-01
1.000000000000000000e+00
8.592767805835562767e-01
-6.543768191976808701e-01
8.964413186004368539e-01
2.083529453758118377e-01
3.977803827542581994e-01
-1.382346249834406349e-01
-9.337428916461849582e-01
4.416272495352480676e-01
6.274056345120356815e-01
-6.825950005579859425e-01
8.655626975276460300e-01
-5.033166106717777977e-01
-4.473735688446266456e-01
2.236153305833985805e-01
-3.565590230154531692e-01
-9.524498116621684662e-01
-7.904373813400811244e-01
3.092396107081021306e-01
-3.345413557027900331e-01
-7.409880245580349190e-01
7.878525107604645861e-01
-4.172322486691809607e-01
4.601927772675343808e-01
-9.262830289358875424e-01
7.706689832259966400e-01
-4.221844450923709635e-01
-2.300234983906232766e-01
4.189521353423793504e-01
-5.557194488899853679e-01
-3.142173854659553456e-01
4.157864666324551650e-01
-7.680306013557220979e-01
4.257061986445827562e-01
-6.621541743651354617e-01
3.728109788419610715e-01
-3.841907824524894433e-01
-1.689408699318813434e-01
1.950615477838360812e-01
-2.548531680170604830e-01
6.871545353888680596e-02
-6.540544635115927985e-01
6.579709132992300757e-01
-7.645040305585293350e-01
6.936388140160427707e-01
-7.716040539118855790e-01
-4.861257285429299579e-01
-2.279261119657318979e-01
5.438248030843494396e-01
-9.017623260011782271e-01
7.493724079950486727e-01
4.286273556525848627e-01
-4.016301510858714119e-01
3.009871580157333915e-01
8.500591552490979197e-01
-5.076477629803468616e-01
8.962471719262018466e-01
7.785529578284174912e-01
1.216915569391337493e-01
-5.187457062600057123e-01
-7.387306909779686181e-01
-5.390148475731845190e-01
-6.707375423203589815e-01
6.846509288832597351e-01
-4.107979803557218479e-01
-1.289634803069181490e-01
6.425626637483796699e-01
-1.301945589995281705e-01
1.014673236252121025e-01
3.665512111381693527e-01
4.674016208836369035e-01
8.825029912441041680e-02
1.957406246099209490e-01
6.155599874940126393e-01
3.753782502362548734e-01
2.852696092766885405e-01
2.464057806421414143e-01
6.138293566012761361e-03
-8.923069396647032026e-01
1.399661204024481853e-01
2.204628373416652742e-01
-4.295877430299829269e-01
5.091892834785279875e-01
-5.793225799767026674e-01
8.816601107084560685e-01
-9.439491491456792893e-01
-6.318515463831292367e-01
8.328140657927407542e-01
6.463661456155735952e-01
-3.086550065402426934e-01
-1.958516238258687647e-01
6.499314138898908411e-01
-6.876064362793863349e-01
-3.339490063576369128e-01
3.565804314948293197e-01
-8.892836377221103872e-01
-1.840620981135617784e-01
5.024892737736019743e-01
2.543011170457291081e-01
6.897059281112571938e-01
-2.362073326090684544e-01
4.035420452564398852e-01
8.259576020074518299e-01
-6.912251396762780775e-01
7.793616283436549663e-01
-6.194224299140030920e-01
2.732689812219722403e-01
-2.055483663922030510e-02
-2.416190970523579562e-01
7.000147887706871241e-01
7.280617599618283142e-01
-5.080446327519845262e-01
4.922399352917228854e-01
-3.435979197525104167e-01
4.466653481923320013e-01
2.162027944974582172e-01
-3.564755645391149974e-01
1.503443496534627791e-02
9.411290928871407502e-01
7.700440778181588675e-01
-1.643974338010474046e-01
-2.341418193553431171e-01
5.117767486260015319e-01
-5.114355065648035215e-02
3.569603403072162395e-01
-1.924071732049983663e-01
6.076367715139254777e-01
4.716813950657806620e-01
1.618161736259072225e-01
9.517695760842402875e-01
5.762441976355536788e-01
-1.444103945104484865e-01
-6.826082873826703201e-01
-1.084457488688997939e-01
6.326828822090044824e-01
-7.416031956611502940e-01
-8.038459390231198487e-01
3.637739256677520183e-01
-8.795525140217467230e-01
-5.678824349385763748e-01
-7.887460259603751300e-01
5.922688630559151957e-01
-2.760266861188788723e-01
-5.092977298654283169e-01
-2.154300858822847942e-01
-9.315186953982210194e-02
6.265619267760336175e-02
-4.612170205721792260e-01
-1.582688948491760283e-01
6.271961047882469442e-01
5.954559679971986874e-01
2.469363638191047483e-01
4.684463532029742860e-01
-6.906609731575890088e-01
-1.343378715174064174e-02
9.384520544191344849e-01
1.220227800820078770e-02
2.218552476075546787e-01
1.724167644032268409e-01
8.146961353167951891e-01
-9.055482119563347254e-01
1.000000000000000000e+00
-5.169430116679113452e-01
7.916103896515660487e-01
-4.752013217088395525e-01
-4.234423367477054695e-02
6.426322332973970486e-01
-7.412614326033655221e-01
-2.011096058225308458e-01
7.101074906181162882e-01
-8.810679057285839555e-01
-5.142313426326101250e-02
-9.031170232668464526e-02
