-1.167293859872478023e-01
8.653992115611817137e-01
7.515933551252798051e-01
2.196521795121175735e-01
-9.659746071968722259e-01
-4.990003105871050337e-01
-8.455816098300026340e-01
8.556433369823761570e-01
-4.975469563190284550e-01
7.104218093530456635e-01
-2.254489282148395279e-01
6.665846806109958500e-01
8.419024207750771538e-01
1.190068142154565578e-01
-8.708742722018802951e-02
-2.068718767575096207e-01
9.221612338497715555e-01
6.971103852300042369e-01
6.154545587295148223e-01
-2.740308154889044001e-01
9.020434524915945662e-01
-5.456770322545756446e-01
-6.969838852045777688e-01
-9.211370405079812862e-01
7.413299659580108170e-02
8.002961543739459671e-01
-4.220503261471908463e-01
-9.591726148388284301e-01
-1.022810098101777088e-01
-5.319091330961189801e-01
5.984381306218409247e-01
6.518513950321145334e-01
-2.514485971661056252e-01
-4.910969533154931899e-01
-7.727262659007005929e-01
5.139059133436418847e-01
-4.525825065544404335e-01
3.624362502900959626e-01
-3.513106468311468777e-01
-9.166573462505342995e-01
4.794081317972804790e-01
-2.003343245559494612e-01
4.577463783117797780e-01
8.897252308604748361e-01
2.280514733016989481e-01
-2.967507600240177901e-01
-2.706600012152116097e-01
-2.328312595630066539e-01
-5.254883886408039384e-01
4.640636865875864547e-01
-1.619751288454472915e-01
4.339466755512754181e-01
3.355009117109394867e-01
-1.984818894470758710e-01
-5.442724824381078852e-02
2.289094119341538724e-01
-4.886683608368072029e-01
-5.975038764627950416e-02
-1.265961928518974655e-01
-2.764564565076037539e-01
-1.962592615972701404e-01
-9.931082494993054288e-02
-2.575536024026381932e-01
-2.128239433867872288e-01
5.395924354679803442e-02
-1.587941025351552460e-01
-3.062538220446976989e-01
-1.797021475185611727e-02
4.111274697256136479e-01
4.106288003075090343e-01
-2.235558434607549244e-02
3.937441054424614117e-01
-9.791944697010787624e-02
2.088939607220384187e-01
-1.565472425480897781e-02
2.750022605836096035e-01
3.677535492526445848e-01
-3.671630868857581609e-01
5.032033522474798071e-01
-4.503053405609286353e-01
1.566353247327204046e-02
-3.001657336242568030e-01
6.055472777473531742e-01
4.026647379033231333e-01
2.578788080639133340e-01
3.300190698944481804e-01
-3.437771757872315481e-01
7.758268757537004068e-02
-3.626985504015360906e-01
1.920896641849114128e-01
-1.777006877715936739e-01
-4.559222632740853598e-01
3.497510920337913998e-01
1.725170693418453527e-01
1.253474063667469468e-02
3.984442981039686138e-02
-2.870336474731579601e-01
-2.333803163069836373e-01
-3.287195727414238267e-01
3.577661592518033284e-02
-1.442463067361247631e-01
1.719522910894090151e-01
5.471306520911569660e-01
-6.351620398653285982e-01
3.354033747609624916e-01
-1.726023218712419427e-01
1.704393231256658980e-01
-3.416622478366843629e-01
-7.554616160130485369e-02
2.385646709667604004e-01
-2.708326661768287180e-02
2.255080397982409945e-01
1.650342214570745258e-01
1.778738167612480825e-01
-5.416124962239132756e-01
4.645998196573348782e-01
-4.513748652229412905e-01
-3.768814323639114727e-01
3.884852909062023740e-01
2.246924573592755658e-01
2.471269448193567642e-01
1.808660072317033740e-01
3.801253636258308810e-02
-2.380031786143358419e-01
-2.269349921177792606e-01
-1.533405116500485832e-02
-4.589032170165536773e-01
1.613379987972334839e-01
4.981288622371148334e-01
2.044596009019759020e-01
-1.591826079203862987e-01
-1.110854471089885998e-01
-1.768730688670449441e-02
-1.012520560407320774e-01
-4.754315082897744293e-01
-1.514819210784421055e-01
1.082984412401272710e-02
-4.029369265119968624e-01
-4.379823253543406736e-01
1.765030530359901206e-01
1.287207742980499003e-01
-2.773621592342426223e-02
3.179031166006417997e-01
3.582952712769896797e-01
1.296078440267172394e-01
-2.012219751336620788e-01
1.040593821447262091e-01
-2.856379489281873907e-01
-1.156733821785580207e-01
4.456451400594334533e-01
7.928052118598902243e-02
2.194933066869343974e-01
-4.416494305076469340e-01
2.029087319617715601e-01
9.932567723461105391e-02
3.254541136281396962e-02
-6.643830014513476545e-01
-2.493539824004933209e-02
2.811876622258512870e-01
1.117982439792279264e-01
5.299459230636902607e-01
7.014529152951037849e-02
2.522405311011531315e-01
-9.763541954582463656e-02
8.744654271238770649e-02
3.887456298969509394e-01
-3.365965332343543448e-01
2.105346114503634236e-01
5.809710522812524536e-01
6.292607687689688589e-01
-3.634703970645260518e-01
-6.097639276715909745e-02
1.218178948701871267e-01
-1.854380775542004978e-01
-7.713458762200540997e-02
1.324159265685784792e-01
5.505069705706664429e-01
5.410632489035427373e-01
-3.907009752839981642e-01
4.941692883186041274e-01
7.304717963797143776e-01
-5.454098061798621222e-01
-2.428407749214365752e-01
-3.954822967731417283e-01
3.494949181482237544e-01
5.298003007131559805e-01
-4.778568129890647942e-01
2.958064202309027002e-01
5.621793102723573465e-01
-2.256672337010260099e-01
4.261257273499871046e-01
-3.163815933845290362e-01
-1.574638727707957653e-01
1.483422488262293448e-01
-4.853361163192052574e-01
4.846950099133988388e-02
-4.414093327073060347e-01
1.044064723722489124e-01
-2.653490093661318161e-01
-1.744287769305271629e-01
-2.894144505757505481e-01
7.411975092291909206e-01
1.803355954774286674e-01
-1.340491314720593935e-02
-6.126208562382484679e-02
2.067147316838860160e-01
-2.060147089574412282e-01
3.347731768517422934e-01
2.545812837770761727e-01
-2.946098441276023827e-01
-4.690604867270633527e-01
-2.272037353687158812e-01
-1.621454785261320919e-01
-2.742420004849615012e-01
-2.442423396129549396e-01
-2.654082628842797109e-01
1.099074556913221257e-01
1.826560815597558229e-02
1.432687470458337275e-01
2.627745418135637445e-01
-3.496749687440889320e-01
2.519966636213635813e-01
-6.890491961709749313e-02
2.876654915233509135e-01
-3.061195105878769529e-02
-4.178391861759970238e-01
-1.437036943497913277e-01
2.655511616465871527e-01
2.110449211503928058e-01
1.302654858745788680e-01
6.725079936754999044e-02
-1.048062881428991067e-01
1.446325965843200945e-01
-3.635295858752415343e-01
5.292727763878057878e-02
-1.281041237130734756e-01
2.398767485405828015e-01
-7.279829391228123669e-02
2.607220408970936099e-01
-2.074604740621792121e-01
2.022116127333763863e-02
-1.565044759555520859e-01
3.952141943772448096e-01
2.657394558549776575e-01
-6.601071764556112331e-01
-4.931569303584809605e-01
2.982096499268915846e-01
2.562971844489922435e-01
2.339680265016353400e-01
-6.020713331159479598e-01
1.689610540392829652e-01
-4.044530678793150091e-01
1.426623285859264512e-01
-2.102675712050581236e-01
5.214076028654606176e-01
-4.806902324746328836e-01
-1.039964295654166315e-01
-4.749443452040874591e-01
5.530498196009181466e-01
-5.987265961813564852e-02
-1.152220098545763266e-01
-6.583664045329425951e-01
5.434840897336596921e-01
1.759215580983228278e-01
2.981669752202354418e-01
