6.704435611717780574e-01
4.428599499225366332e-01
-7.360958094331539019e-03
-2.306569881273801970e-01
4.127410315244037925e-02
2.209985768005898465e-01
4.086636035583819382e-01
7.897354425986349291e-01
-4.345634400591298352e-01
4.714649468266619015e-01
-8.008514179981465753e-02
-2.495930116854657710e-01
9.894110330436155232e-02
-5.250895340310589299e-02
2.488597249624496799e-02
-1.270314610132542432e-01
-2.517645116466060706e-02
-9.816869098025762796e-02
3.128682619750076666e-01
-1.109898314364293499e-03
-3.303788467891183855e-01
-1.757110787232097071e-01
-2.173027259612792528e-01
-7.865492355284000592e-01
-1.044026181476737924e-01
7.992677360744571136e-02
6.021268904245278275e-01
-6.528959397422604560e-01
-2.843752498076224100e-01
-4.689093145475369817e-01
-2.559277112158472312e-01
-5.376033181790720317e-01
-2.115152631033006825e-01
-3.451624294541064120e-01
5.816743108222524050e-01
1.223587309452055238e-01
6.681307460274114041e-01
5.617595283246636928e-01
5.708505763378084463e-01
3.334427568290764810e-01
-4.094208881333318839e-01
-6.022765360056762107e-01
8.373225741404647510e-03
1.379134205948565062e-01
-3.564177399847749395e-01
5.010443750430543242e-01
5.166829439706314142e-01
5.292595518217546591e-01
-7.478055068769524638e-01
6.158150508593426276e-01
-2.464969312322345396e-01
4.549761326951679008e-01
3.666827096866513980e-01
-4.158266778922606877e-01
-1.003320882774490080e-01
2.367710003375757821e-01
-5.049084173158755462e-01
-2.289651979783384472e-01
-2.149335162097060492e-01
-6.014412278093876907e-01
-6.096408342557027016e-01
-2.483169043470571102e-01
-3.644588026020152416e-01
-2.847059523062091535e-01
-2.542284198478739765e-01
-2.493583421904762565e-01
-2.213034622301955634e-01
-1.775035864320237966e-01
2.678517931186567003e-01
6.014394579611465064e-01
9.321477540089148639e-02
3.249703361020822023e-01
-4.017303613922378336e-01
2.961214696706815364e-01
-7.132674747933185309e-03
1.056598019425948332e-01
5.617428268247945944e-01
-6.964968448728936501e-02
6.681202425485938123e-01
-6.568912025736253213e-01
3.718568392449054377e-02
-4.902425464155442669e-01
4.976876861833332555e-01
1.609798080591877678e-01
3.894801688605729062e-01
5.216231293593807106e-01
-2.636258860209935231e-02
-4.328203799999149060e-01
-2.317648608465954774e-01
-4.191214809804478386e-02
-3.030649422776386936e-01
-4.789532371560206725e-01
4.065217685135326109e-01
-1.276037386959473774e-01
-2.598353318088457153e-01
5.016909874850374873e-01
2.333745039859196069e-02
-3.098640061666544931e-01
-3.155825877504913612e-01
-1.786227985368218363e-01
-3.399170256496420461e-01
6.996792215327062026e-02
3.237009561165129362e-02
-5.331182635766921196e-01
1.999235633627615694e-01
-1.833355194524976250e-01
4.370680100593162809e-01
-1.467764045757580516e-01
-3.917908999898566114e-01
-2.037359020683192357e-01
3.496614061133259121e-01
7.809924146857407656e-01
1.875392003855924916e-01
7.825211379737144757e-01
-5.479069064838948400e-01
6.985445507258862818e-01
4.624584349181969783e-02
-7.019373427563310175e-01
3.267679235086025646e-01
3.091228786761034825e-02
7.143966792533283927e-01
5.205814943402694572e-01
-3.011868718310681814e-01
1.878420739360664726e-01
-4.714485548615117705e-01
3.240576343302012385e-01
-1.908229066447333089e-01
5.949437581650920404e-01
8.915470351222958278e-01
4.412910420313311266e-01
-1.401849967636322469e-01
1.092981526414864152e-01
-3.342941931068970085e-01
-3.012865758866878352e-01
-6.006188553722233703e-01
-4.358609476700742169e-01
-3.448384048771101912e-02
-5.985301655946640986e-01
-1.620619483058436117e-01
3.807427981530346894e-01
2.165638783467643269e-01
-2.683256406580065700e-01
6.276386495405831267e-01
7.348418373127318937e-01
6.524007826473035010e-01
-5.810588806895996411e-02
6.794924513331301874e-01
-5.510512346771806458e-01
2.725486139443205058e-01
8.335027781041266515e-01
6.255772851388131939e-02
-4.477058633247075203e-01
-7.622363290910997291e-01
4.927947572297186607e-01
1.700139456294931239e-01
-8.275559715922464754e-02
-6.741492980829848491e-01
9.208982119604904037e-02
2.673512212006276534e-01
1.911248706989455981e-01
5.949524701173716235e-01
1.833490072384000857e-01
2.767445268953950266e-01
-1.804566577372939962e-01
4.479925663740943476e-01
6.720144729717832943e-01
-4.654616188880222327e-01
2.430897743853775439e-01
3.589229677334972446e-01
7.945765630400936086e-01
-3.904611819697308972e-01
-1.476269321402207402e-01
1.236136072307687517e-01
-7.075440913192160286e-01
-3.354860139142994413e-01
4.772737950978030441e-01
6.083980052881846623e-01
7.431110777419097646e-01
-3.179725826785460563e-01
4.923097430816730791e-01
5.918065989554635031e-01
-7.458613211574440793e-01
-3.510616277403697527e-01
-5.049250734545729369e-01
2.748465568298896766e-01
5.765442026210163551e-01
-6.498821944379102877e-01
1.781677086383124942e-01
6.666175728823106050e-01
-2.231964224936273944e-01
3.690617631173103708e-01
-3.993174970049038208e-01
-2.382943684300173615e-01
2.195589385946539185e-01
-6.365550762183137534e-01
1.123617473501039993e-01
-1.668147358564510685e-01
1.222690427377566280e-01
-5.841253588881901715e-01
-3.749968962811446871e-01
-5.033645433838122019e-01
4.079177971912147371e-01
3.007001812331213109e-01
-9.207110053003250694e-02
-5.533393057227848910e-01
2.879979518477123190e-01
-2.359351199551624201e-01
4.446275538053222620e-01
3.726677050410250325e-01
-3.052127884802721125e-01
-5.051594476502133668e-01
-1.470778680067338640e-01
-2.010684130144583526e-01
-5.636256116346745060e-01
-2.827051416673271311e-01
-6.170314882576481974e-01
4.297879340689534922e-01
2.712027234825123076e-02
2.598972022593483699e-01
3.302776470169609957e-01
-3.412080597343674637e-01
1.096393855017876312e-01
-4.929377410943337479e-01
6.587431122072950895e-01
-2.957787568747096696e-01
-4.502823865836702577e-01
1.756382162380248566e-02
3.782011264048060206e-01
5.048490106703698022e-01
5.801215426545059950e-01
-1.588997744909189172e-02
1.048245288460948055e-01
1.464464409444560244e-01
-6.088860511607019355e-01
3.070173359351305309e-02
-4.966919299269235699e-01
4.214135898048826379e-01
1.910276033838528009e-01
-2.499026500947101603e-01
-8.885820774369700137e-02
2.265886036521361571e-02
-1.135739051715619341e-01
4.029472945551562657e-01
3.634723678073936148e-01
-5.688400296713056470e-01
-3.346475698705596025e-01
1.196454515616374031e-01
1.705208333809742627e-01
3.182727413279418105e-01
-7.243594510694945088e-01
1.904694253098170031e-01
-5.035150028901945740e-01
3.716988603841906991e-01
-5.248404734251208015e-02
6.590750713522759430e-01
-4.499716050490906727e-01
-8.115773958247123054e-02
-4.596249610903356819e-01
8.012245095006249596e-01
1.723828098792849484e-01
-7.540267875646226858e-02
-4.029660128212549375e-01
4.484955235378225158e-01
2.140541962477753857e-01
4.757008450778526520e-01
