-6.624768809862695562e-01
-2.566111049355331852e-01
-5.306985183419246077e-01
-4.266116174976649494e-02
-5.298333408960428370e-01
-8.171259239189687662e-02
-2.584380923521045204e-01
-5.189794240397712644e-01
-4.821084304886482652e-01
7.295037006784365063e-01
2.248854476538303948e-01
6.226901336552061357e-03
2.317587394503735354e-01
1.682180662588554920e-01
-5.644641552412263952e-01
7.404679633805204553e-01
2.216927038311384823e-01
-9.403128896466711462e-02
-5.284013160386593633e-01
-4.594800085426472558e-01
5.559468974389011331e-01
-1.607880903540420403e-01
3.546068062203339699e-01
-2.093467368362156023e-01
-1.091048338465985292e-02
-1.243367756151057824e-02
-6.096862740543368409e-02
6.687995592112146170e-02
4.971613976239083743e-01
-1.242978662080932578e-02
5.421371518322913863e-01
-3.991909223619159452e-01
3.277959045130073301e-01
-2.243743312056961925e-01
-2.660914096960219632e-01
-3.453705963083624764e-01
-5.270464142565366161e-02
1.473654338670651043e-01
-1.410779316328161226e-01
-2.914271104727706452e-01
-4.286349944981159288e-01
-5.491177808211142874e-01
2.047043265700989323e-01
-8.113696884477094098e-03
5.762433376998880030e-01
-4.765803095147588264e-01
5.164631751139622251e-01
2.367283983061124752e-02
4.669494766530228880e-01
2.961661240043386156e-01
-1.614033103461668395e-01
2.119135765119258170e-03
-3.989063852587465542e-01
2.552057305401084220e-01
2.678211572972098997e-01
8.493614041853399244e-03
-8.267871734063628741e-01
-2.918558362998637246e-01
1.811455039729660543e-01
6.471321699073673273e-01
1.884883440009888778e-01
5.347984053924523806e-01
-2.041228600353028333e-01
3.175262306697194947e-02
7.715596218328708567e-01
-6.271126493328635920e-01
3.102269168372736585e-01
-3.072636066444360825e-01
-2.335243522524418636e-01
2.364470156877252482e-01
-4.073066973160405224e-02
2.041503293376756289e-01
3.662893535986546517e-02
-2.622702419142756147e-01
-2.056192041927527581e-01
-6.873026372635255843e-01
6.271677647145067203e-02
-3.469304406786453965e-02
4.207931058421815473e-01
-1.603600625283368164e-01
-1.484434302461080657e-01
-1.301706999342632232e-01
8.126111566776117456e-03
-1.462101752053018011e-01
-2.730230809735947201e-02
7.234076045085950646e-02
2.660833365598753997e-03
-1.074663347476353253e-01
2.542597873330636193e-02
-4.397055321301741870e-02
-1.617100285868024179e-01
5.016441131958718214e-02
3.947745804492039379e-01
2.032567023115465776e-01
-2.155696496803359841e-01
-1.510333022592595942e-01
-1.316198458124349102e-01
-5.066047224687153516e-01
-2.438334731686833956e-01
-1.465014906661012972e-01
7.020188841479227948e-01
-8.520611696334827734e-01
-1.580546331944214788e-01
-2.896643131513187419e-01
-5.738512047539047201e-01
7.125364393267350493e-01
2.735290422243085162e-01
3.382480741668653645e-01
-6.707471451560826914e-01
1.743823671694115507e-01
6.525195351957988610e-01
3.331300281804683294e-01
-3.738081148534173614e-01
7.425559730511057666e-01
-2.959140480781424776e-01
5.608041161907953431e-02
-3.965355822911374450e-01
2.052298697715079084e-02
-3.892897743285922418e-01
3.611296183690098638e-01
8.098487018358913048e-01
-7.223650990520558146e-01
1.087681383353950870e-01
-2.842988707720714436e-01
2.533713671131062606e-01
-6.468150722694442356e-01
-1.263572585837743900e-01
2.112074221218127601e-01
-3.222071778392871511e-01
1.727780703092861581e-01
-2.529425582951190243e-01
-1.137502296727178341e-01
1.102748065081199658e-01
4.649231491066645877e-02
3.797915884687051019e-02
2.304540824180522085e-01
4.553035180809063553e-01
2.618540829452630225e-01
1.726589840282849730e-01
-5.511442611963571214e-02
-5.820501775724388344e-02
9.490070083641792553e-02
-1.661161692130990464e-01
3.467442804748888108e-01
-1.502327063942020535e-01
3.893637435535657332e-01
-4.512924183130391786e-01
-2.230163664315688576e-01
6.033563602748753807e-01
1.665112131282023011e-01
-3.206860533109476830e-01
1.255900218363663612e-01
-4.298766006452200972e-02
3.382971932139974269e-01
3.040966500126129901e-01
4.362564222291057114e-01
-5.867757292824482551e-01
1.313307852889121496e-01
4.049545136064568451e-01
6.866600411182561814e-01
-3.700069898926797163e-01
3.673782463995447500e-01
-3.638341239291512652e-01
-7.963849324392389128e-01
-2.403851442736406052e-01
4.104877927565202533e-01
4.447724051227396336e-01
-1.380512616576847207e-01
-1.498290716646644982e-01
7.300823459929318693e-01
2.258820612495207880e-01
-1.807600207052245112e-01
-3.101581957724814931e-01
8.710164901649013469e-01
-6.447943431236529133e-01
6.457368610380784801e-01
1.000000000000000000e+00
7.414123884819101562e-01
2.391023983494588723e-01
-5.644984421858713075e-01
4.591909857046876930e-01
8.720283584187968340e-02
-4.967233583905427130e-01
6.234324053319788561e-01
2.494557823195737156e-01
-5.442139302884108076e-02
-3.749176530357485881e-01
2.006753368231958823e-01
3.272616035144192970e-01
7.475737881165460674e-01
-4.475849000942743183e-01
-3.382972955724375397e-01
2.690489366788917369e-02
-2.136630967728439523e-02
-3.099109331177722915e-01
-6.312954310164426985e-01
3.091067372686411296e-01
8.469076469990624578e-02
3.958251505896505096e-01
2.152196881643510806e-01
5.659686534046943773e-01
-8.029230465733552258e-01
-9.813780989279513589e-02
5.252112650673269600e-01
-4.106532298391064595e-01
-6.043669681168758467e-01
7.303939799573424541e-01
6.169313132558429391e-01
5.215412091315062559e-01
2.444320534811884049e-01
1.358647271727783101e-01
2.429028737708282815e-01
6.901221001771095098e-01
5.718046770757723163e-01
-4.252400490931574906e-01
1.551781720771239492e-01
9.635542815546603579e-02
-6.612119056520392169e-02
2.286686687145011443e-01
-4.047848419340111525e-01
-4.590501070930897987e-01
-1.235479335114778310e-01
8.270518315613850646e-02
-2.760153981941769752e-01
-1.351471026184196400e-02
2.189700833917055112e-01
2.533114766683079999e-01
4.975966974500999340e-01
-1.104831049329412646e-01
-2.521753041624920089e-01
-4.506903593136820652e-01
-5.188634688468625189e-01
-3.777688484955832315e-01
-5.526719520585463563e-01
1.964056740128924949e-01
5.137962499300390284e-01
3.372428518312138579e-02
5.690585409263053396e-02
-1.114004654337048122e-01
2.277377100661829856e-01
-4.213193770844299579e-01
-4.975103415672771368e-01
4.898115101367674917e-01
-5.956237873373105424e-02
2.827246276134224301e-01
-7.696369692318439926e-01
1.930869977453074648e-01
-3.371538363079696898e-01
6.980381136903088257e-02
-6.526838600194302398e-01
3.129712620866517137e-01
6.367048051582659129e-02
-7.001869259916018162e-01
-3.636196829547079512e-02
-6.114137443318196086e-02
-2.044524252308279333e-01
-5.114229753962851177e-01
-5.790457637891778253e-01
5.725476348450527775e-01
-6.389917771452704454e-01
-6.766820006935332366e-01
-3.039187347978584627e-02
4.946988709174081622e-01
2.421658732243376494e-02
-4.231881799376366882e-01
