7.582162455616114904e-01
-2.404886668398080185e-01
-5.301749595943632265e-01
-2.473987419774052454e-01
-8.208778246756305297e-01
6.214216273195498630e-01
-6.362102744939867049e-01
5.205866327021001494e-01
-6.432491088401469659e-01
-8.790996298852633561e-01
1.000000000000000000e+00
6.428384229189400001e-01
-1.985165155127797121e-01
-3.821919546738812845e-01
-7.967546410807856416e-01
-8.872184922744955071e-02
7.635518099649910573e-01
-4.072593322012522110e-01
-7.055332657166031307e-01
2.492291125715440092e-01
-2.267296345679006009e-01
6.784941836260710568e-02
-7.788232274082664830e-01
-8.640578631603194060e-01
5.034633009930820080e-01
-4.993980369253739338e-01
6.018513941450975846e-01
1.983119836488781984e-01
-4.415600809439650942e-01
6.012084518572298197e-01
-9.193043039983550546e-01
-6.271432669889343003e-01
-4.947800518093136146e-01
3.310359400757039161e-01
5.347700199776858065e-01
-1.022192985900715889e-01
1.491313018732273177e-01
-8.115031674664422434e-01
-4.785667900671521369e-01
4.257423477514539201e-01
-8.236031215991240773e-01
6.939316579999977863e-01
4.418247445096348258e-01
-8.539553891921142226e-02
4.485973141555262833e-01
2.556377849359080523e-01
-4.321089827139081296e-01
-5.169537096923190189e-01
7.790357903393414496e-01
2.055665017777250081e-02
5.378560680935655647e-01
-3.884851320292497245e-01
-2.693529634606887102e-01
-3.902559926863105044e-01
3.776581845998467912e-01
5.192858845780543575e-01
-3.794196397105567553e-01
2.956770446060920099e-01
2.562323789515365546e-01
-4.500973462640113221e-01
1.339184064817027786e-01
-8.539006637921306986e-01
-5.067004780727178970e-01
-8.184049827517556608e-01
-3.541195948932887583e-01
-5.199435700050576425e-01
-5.697098415028811758e-02
2.888965370637865959e-01
5.223518581518948878e-01
-3.969741684998162601e-01
5.469879977181619779e-01
8.607414841273045569e-01
3.133266980360456810e-01
1.518301661894026489e-01
-7.083972184151019480e-01
-1.829830562327454946e-01
2.169305388439074500e-01
-4.361752744804460180e-01
3.347603057212757971e-01
-6.881595396244422069e-01
-6.974613214960301288e-01
-2.179763988950588482e-01
-4.711626192799211466e-01
-8.354185814532560928e-01
-7.840743319896961161e-01
2.304179850676308927e-01
-5.179353294025075272e-01
5.160576931768351416e-01
-9.402454573346937794e-01
3.250731734448351062e-01
-6.515840411799944665e-01
2.499762380232431469e-01
7.127901963101618277e-01
2.882249545575041230e-03
-5.796278804112910965e-01
4.715283656177918226e-01
-7.808813035058272956e-01
-3.306084485064327283e-01
-5.778203231459608791e-01
5.554016475227371297e-01
-5.058484999435759466e-01
6.206277442080371243e-02
-4.043074188379749412e-01
-2.679005050762778839e-01
5.968670223631953320e-01
7.410598929450253891e-01
-9.619018028710385471e-02
4.304604178227885991e-01
-2.160509961263238077e-01
-1.554803635213036217e-01
4.383326501576073619e-01
4.304995041754366980e-02
2.941041508984006958e-01
7.329252277864625187e-01
1.398381517346345693e-01
-4.152443483522867407e-01
5.408181743193851698e-02
-1.883134446803152173e-01
1.167227608746176093e-01
8.162945735678349690e-01
-3.751283279260325121e-01
8.565785798757964697e-02
-5.842314859425143392e-02
6.554549664204090131e-02
2.233769883500315578e-01
-5.565675825028375545e-01
-4.188206221269572538e-01
-4.541759946472359588e-02
-2.054993398187129616e-01
-9.602555243735455548e-01
5.663890862573316420e-01
2.331528508525094745e-01
-2.922139428949492301e-01
-4.850424186468284271e-02
-1.946803849644576090e-01
3.673907250507016387e-01
4.014992598021616121e-01
6.323147626928132814e-01
-5.857195585538260696e-01
-2.795010251408084900e-01
-6.334460084697091098e-01
-1.479472940290382788e-03
-1.064119568151802586e-01
-7.430763899501263703e-01
2.255096366690084730e-02
4.884836433449618598e-01
-6.916814071855948987e-01
1.794262690132271132e-01
1.254489002435358880e-01
1.874986389328139880e-01
4.042458540810838219e-01
-6.677164460729946294e-01
2.386893470265080974e-01
9.406812626802497912e-02
4.673082211023059651e-01
-7.309771937377192996e-01
9.255501097117060372e-01
6.537267324496326415e-01
3.796793485634260001e-01
-2.642835760569205161e-02
-3.148514073382447931e-01
6.817786446012696899e-02
1.209263053129347038e-01
-6.101912003534529227e-02
4.794132796303872124e-01
8.720721771995736116e-02
5.244878374198863602e-01
2.847010976856990672e-01
-1.124058646172710896e-01
2.907022733410254967e-01
9.403930066803793952e-01
-8.224647340440537358e-01
7.362818079349296996e-01
-2.667492014545519430e-02
6.599799496320993830e-01
4.109180488054807734e-01
2.986619990307242678e-01
4.433333294988685003e-01
-3.786277889353883430e-01
7.158375963770316486e-02
4.604622139131659408e-01
6.201835270314890458e-01
6.601401527395347468e-01
-6.315781040870060981e-01
6.733635603745637965e-01
-4.890891909521177805e-01
4.263969313168955999e-01
-3.304635587112441097e-01
-3.825278168731227613e-02
2.724863560024582410e-01
-5.016850861951127616e-01
2.299291165808756143e-02
6.644458942766534593e-01
1.057347511740972801e-01
2.172626109483058454e-02
-3.722162208679221096e-01
2.603076457025834678e-01
-4.816751257205358350e-01
6.715928036909468712e-02
3.643956269564990191e-01
-3.674553746017029110e-01
3.004914599015431897e-01
-1.044687341910096323e-01
4.612949513217273756e-01
-5.605253385119277620e-01
1.461297019238545492e-01
-3.057124902524099852e-01
1.364212791925445145e-01
3.817831376321091374e-01
-5.672269421141348800e-02
6.340952978270383289e-01
-3.119466351513835445e-01
4.228822332384850613e-01
-2.318259867852790479e-01
-5.349474497123702932e-01
-3.910047449025311206e-01
1.096975926835859760e-01
2.812492564238886494e-01
2.564104264531543720e-01
9.710695038691226355e-02
-3.163213796759010710e-01
9.645711143242142738e-01
-5.015008082115622878e-01
6.366350972707206513e-01
-2.894607067783979693e-01
-1.030900371336176402e-01
4.673913629950182669e-01
1.592411279011325398e-01
2.193307102617518822e-01
-5.372750987270711320e-01
2.467714068971550989e-01
-5.559008828620597420e-01
-4.243675997301719072e-01
2.818079382883091968e-02
8.055729754314444602e-02
6.427430041640577185e-01
-2.909469244978684088e-01
1.000000000000000000e+00
3.525002816678822759e-01
2.714126482525799910e-01
-7.905725140533489403e-01
-5.805469735862186509e-01
1.936029744021321997e-01
-8.057004545026559272e-01
-7.977641031392544990e-01
-4.120907959854933078e-02
-8.592358099535793992e-01
2.718009306737433906e-01
-1.298763320242567465e-01
-4.797804380198036345e-01
-5.559233262353079352e-01
-8.403816772564887128e-01
-1.000000000000000000e+00
-2.089895082100157175e-02
5.396917749768248562e-01
-6.066132782549483737e-01
8.963116663506028869e-01
5.293015395156990266e-01
-2.948525786860556330e-02
9.403681219421291537e-01
-3.763141280305729586e-01
8.020707043101088507e-02
-7.424154820836151858e-01
8.503801808800626194e-01
5.161963536515458140e-01
