5.429765589193801256e-01
-1.690370132020968252e-01
-5.111391628598854764e-01
8.990984834037371587e-02
-6.378641773972670848e-01
6.183258209220162671e-01
-5.976828382594965294e-01
4.860345754859635159e-01
-5.006311433917597364e-01
-5.093755310285749127e-01
7.599545453643332671e-01
6.672595863370321956e-01
1.210654878879123680e-01
-2.293935569699583898e-01
9.172470840298224681e-02
1.381643616186654100e-01
4.268695211738568474e-01
-4.564427068816014899e-01
-2.526911061865608210e-01
3.818378832145833957e-01
-2.350841348425851962e-01
1.956908904571751373e-01
-8.125214868624162090e-01
-7.967390097934485826e-01
5.601915199192611938e-01
-5.394139231589846206e-01
8.594381770351752214e-01
2.290941978153465675e-01
-5.335490614770449502e-01
3.720044692798115671e-01
-9.592064642473594471e-01
-6.016484372239747636e-01
-5.939313423122752900e-01
6.772561209809168092e-01
9.105045855885628425e-01
-1.078538689699365394e-01
1.343477993810814897e-01
-9.947762671630504538e-01
-8.101060640762501874e-01
6.167595675330668215e-01
-6.442956778747441771e-01
7.076465477546372007e-01
2.290904532138054173e-01
-1.265069141905802719e-01
7.742648786080115197e-01
3.246130358109768910e-01
-5.488759359668380355e-01
-8.325674841249981473e-01
9.995997786095548454e-01
1.693883402715295680e-02
9.781720279580027322e-01
-9.067687636462419265e-01
-4.576234266075551171e-01
-4.281810420616137813e-01
4.652008384366469462e-01
5.063903522053172512e-01
-1.916323212453389380e-01
5.022257992862232401e-01
-1.992136963845160189e-02
-3.393983935105044925e-01
2.572749283376414842e-01
-8.760637561928145134e-01
-8.753777100340967010e-01
-9.891590074506348973e-01
-8.259058311149090059e-01
-5.249160803089901739e-01
-4.657484123577174673e-01
1.666221012170185922e-01
5.346323131609559409e-01
-6.689106697572667626e-01
9.880726821629998158e-01
9.997182236504491559e-01
5.017464153106853120e-01
-7.380128378195499605e-02
-7.560850989577747594e-01
-6.260103189526136647e-02
2.514642826037730705e-01
-5.128627302666561860e-01
6.649922733041981893e-01
-9.636508631543433401e-01
-1.142144089020068892e-01
-9.361328590326312149e-02
-8.170605939410399143e-01
-8.314421979920937344e-01
-8.229338542969923953e-01
9.632807071464477566e-01
-5.325020625904810512e-01
9.377717309614939101e-01
-6.934527130802963235e-01
3.307131647088085713e-01
-9.365954858233269675e-01
2.818037697712136858e-01
7.154981033616238939e-01
6.470199440082358144e-02
-4.262167286295861501e-01
9.112042517620921878e-01
-2.923351839064123880e-01
-6.308321615606342636e-01
-9.094682996823788557e-01
6.068703391353054144e-01
-8.257293502930700413e-01
2.104952869940834859e-01
-6.769733795750425553e-01
-4.712157433229988701e-01
5.458857510773651445e-01
4.700503250434533431e-01
-1.710131679071446587e-01
1.266304846017800578e-01
-3.059443264554857489e-01
-3.657163567452268449e-01
3.485858791581443183e-01
3.850649923353011150e-01
5.704414051112607353e-01
8.748027261684623301e-01
-3.397232965548996342e-01
-8.390623676203865511e-01
-8.355522242266968380e-01
-9.405168347054206901e-01
2.095204926206462037e-01
4.735164246372990382e-01
-5.604484993873359855e-01
1.707207420783738439e-01
3.024873390090054848e-02
5.234674861758608078e-01
9.554126854235933664e-02
-7.064143052680597057e-01
-9.310011260131576538e-01
-2.797713093646181370e-01
-2.149001017327828444e-01
-5.351559636016882671e-01
7.749697059938754906e-01
4.669215946757221403e-01
-8.398337765859869020e-01
-7.006700677114324760e-01
2.137615356629796182e-02
7.783431331392142161e-01
4.105863755067601373e-01
7.304339134488733176e-01
1.779082507349460940e-02
-2.752672497884647296e-01
-9.094297734646221709e-01
-5.110252136664750200e-01
1.633403425459709069e-01
-7.337497893281366146e-01
9.612925902936265976e-02
1.000000000000000000e+00
-6.300883293238546123e-01
6.185773785009764936e-01
9.633415831147423836e-02
4.273394617151040631e-01
9.083352783971461175e-01
-6.612405857397840592e-01
4.967087654167201549e-03
-2.308781836439285917e-02
4.244297331409055407e-01
-9.091208539831905355e-01
8.683202166738832606e-01
4.896718770688121003e-01
1.000000000000000000e+00
2.481741011542192565e-01
-2.747462830950981871e-01
7.981836018632315621e-02
2.789017453162404014e-02
-3.763821797646270673e-01
1.000000000000000000e+00
6.947926535678189408e-03
8.751169084750073379e-01
3.041737191114399774e-01
3.517533172580922241e-01
3.611964337416720960e-01
6.762771970445204950e-01
-9.563341813147564485e-01
8.896175725456846317e-01
2.707673233005061242e-01
3.325238340299344619e-01
8.425976962500878464e-01
2.251935547325008002e-01
6.144087184807260904e-01
-6.730271500696138887e-01
-1.913027108816626742e-01
5.268383173117203722e-01
7.647223965677105717e-01
7.887715554067542545e-01
-6.156231698022858190e-01
4.725111537642955883e-01
-5.547186850779073364e-01
1.696937280857131469e-01
4.052385112876862872e-01
-3.316630095258847888e-01
6.210507886951790457e-01
-2.071927470881156363e-01
-1.054830556900139271e-01
6.034956975698593240e-01
4.772764166784828621e-01
1.259443280057239434e-01
-6.650168086902916720e-01
4.653082950638312010e-01
-4.754088083000279075e-01
5.281452015206734851e-02
4.422916326768484008e-01
-3.134403345922293638e-01
6.315129842423715667e-01
-4.626433227935293768e-01
7.495162811252042978e-02
-3.134539832594624986e-01
3.648485212386071153e-02
-1.750480513377817848e-01
3.125408642246271240e-01
6.029698926624365019e-01
-3.144891861957826995e-01
3.714627267608209826e-01
-3.857857317983017231e-01
1.078744257769428533e-01
1.223356457494451516e-01
-4.497970554752175887e-01
-2.585663979980887817e-01
-2.351691668598980267e-01
4.150233377006893876e-01
3.484182580521577033e-01
2.559873678701320987e-01
-2.023941414125743909e-01
4.738654287233804996e-01
-5.926867616712018227e-01
4.633388616345905930e-01
-2.329871112450679904e-01
-1.486162205458224084e-01
4.499856186380259970e-01
-9.788798997006172009e-02
2.600925399839106866e-01
-6.573008480340479798e-01
5.646083292434819212e-01
-7.546718563715719696e-01
-2.910782291054460624e-01
1.153846225839749579e-01
2.545111814074908496e-01
5.041809419890549426e-01
-1.781120024413001546e-01
6.522563526686145918e-01
-1.140368522117141126e-02
4.497833903117456344e-01
-1.312483963382310992e-01
-4.206218970426582882e-01
3.525142148072574755e-01
-3.512015732525906597e-01
-6.465982119950690610e-01
-1.100043399991960935e-01
-1.000000000000000000e+00
1.661696451232830551e-01
7.796944046060404199e-02
-5.697385760539345201e-01
-7.504946076296047375e-01
-7.045678107573632998e-01
-6.198612925190813971e-01
-1.762025354677088929e-01
5.661584996082106302e-01
-3.902869718019851275e-01
7.580861767370320470e-01
5.748169750634049002e-01
-2.169156811541595176e-01
4.353794579743419657e-01
-1.727502812099920848e-01
-1.978201920063936414e-01
-5.871774218687195734e-01
7.459670407514030765e-01
4.145345800690671267e-01
