5.811769167501321665e-01
5.380409465890231141e-02
3.847611176411050438e-01
1.786080631117356599e-01
-1.042199283655325520e-03
-2.627033449652892427e-01
1.972449956992614606e-01
-2.350877015658118241e-01
2.987270628048012688e-01
-1.920796446754621800e-01
3.256504483347555934e-01
-4.913580473098124179e-01
-7.661924897867095074e-02
8.116547443297820186e-01
6.220073597283014288e-02
-1.920128086430603620e-01
-1.138927188818718989e-01
7.364161944806491000e-02
2.344324747328206393e-01
9.746794795201479955e-02
-4.393060107208748843e-01
8.601757563939523010e-02
-2.809419357637737424e-01
3.568140956127539565e-01
-2.985680445940367411e-01
1.303323666583986462e-01
2.581751259764872297e-01
3.216341772104294172e-01
1.294504443494630570e-02
7.248731877053166128e-02
-3.813737978736907452e-01
3.097388747332446846e-01
-4.625561115650974053e-01
-4.160165378524413038e-01
-3.005125337988385215e-01
3.447209040505207212e-02
5.648581762959353769e-01
-3.465852017820946207e-01
5.250699975658202900e-01
7.069639031258285744e-01
-1.670743003470873123e-01
5.858673532629465885e-01
-1.778558852927663095e-02
2.614838195995907721e-01
1.674548115019414835e-02
5.411638728705423125e-03
-2.153697350872980643e-01
-3.368287559253292929e-01
2.414021242543855639e-01
-7.366680613388481014e-01
8.795489340228783426e-02
-2.701054761033545581e-01
3.141866470861191807e-02
-4.221359454572163328e-01
1.674938556024277991e-01
-1.824255293567048075e-01
-2.184354587182087137e-01
1.476175544355565195e-01
6.732008155969353425e-01
-3.963547305788909236e-01
3.046522009826503341e-01
1.247067811523907555e-01
-1.988876402739866989e-01
5.302579239834142033e-01
-9.359836174293151290e-02
4.536562798732677315e-01
7.245308251766489072e-01
-7.409571996564821017e-01
3.075371223748525340e-01
2.845770111962515614e-01
2.145156851533938369e-01
-6.886726901698756453e-01
-1.064492771506129060e-01
-2.711154317153349202e-01
5.884171154133224224e-01
-5.940836499766104506e-01
-2.161476655947269787e-01
2.064241094992499692e-01
5.881549582705358770e-01
5.370665201916573483e-01
-2.100579029783191387e-01
3.315834003205904157e-01
-2.374123632153030683e-01
-3.487810407813158875e-01
-5.534724420595649175e-01
-3.167462365918724543e-01
3.293300821436864201e-01
6.103139026299161940e-02
-2.012035710134545477e-02
-1.627949952990865312e-01
3.577244933927723469e-01
-4.598118676011421213e-01
6.177486415201624004e-01
-6.726637608247342248e-01
-3.790337309874924898e-01
2.095410998330083929e-01
3.502288936469132863e-01
-3.498493760028662525e-01
-4.507986794760583393e-01
-2.128266927657625762e-01
1.982154237561153109e-01
2.756919908189291446e-01
-3.612685999246299517e-01
2.852702288015171450e-01
5.575796855173401623e-01
-5.806709523631017195e-02
-4.099453244480517622e-01
3.371601381469106484e-01
6.160625885546994196e-01
-5.184183104424500144e-01
6.237775242019690802e-01
-1.894695331570964980e-01
1.405620047048355414e-01
3.430785901365996926e-01
-2.452555310604524752e-01
-4.034416437393774091e-01
5.576772353584250608e-01
-4.013950596744987331e-01
3.388305677398809057e-02
-3.643075297700950621e-01
2.258831029520391165e-01
7.583717984609693319e-02
2.518185057305807328e-01
-2.372826220548064080e-01
-1.543486372191490708e-01
-7.889550706110317613e-01
-4.070919531212580100e-01
-1.115181181046543679e-01
-1.770809810363085657e-01
-4.902553211118226839e-01
1.159994605818178703e-01
-1.995047571987634272e-01
-5.031467971039645937e-01
-4.599555834902632201e-01
-2.833502457524953999e-01
-6.433804902440665163e-01
-5.196971536383606649e-01
3.131927881663753577e-01
-1.502979789143580880e-01
2.712896486604293722e-01
3.666169033816621958e-01
5.593506535320256212e-01
-4.109815319006572265e-01
-3.052691341104529776e-01
3.638850633895306386e-01
2.868312956289272853e-01
5.306357301509112556e-01
-2.420564010689424395e-01
-2.184017497120904205e-01
2.484553786053069202e-01
1.012252415117057824e-01
7.860523315899365926e-01
2.244426160001121995e-01
-5.251994295713003913e-01
1.921966862669500786e-01
4.114732165340979075e-01
-4.235642068481045852e-01
1.067510136123789172e-01
-2.851052457974836418e-01
6.411645998347423880e-01
-2.489113688056887597e-01
5.243084665879014540e-03
4.180713071959112348e-01
5.830436813918402628e-01
-2.204739117613580546e-01
3.125432299214888632e-01
1.113669406685551116e-01
-1.837107275480952540e-01
3.228307376357076319e-01
-4.191909571582672078e-01
2.418577701317730089e-01
4.716216841576053032e-01
-7.229516069606429784e-01
-6.824043710517560535e-02
-3.862930744223128654e-01
-5.126863320603365359e-01
3.824344043191448272e-01
5.535736750974303844e-01
-2.110703351601223576e-01
4.760166841743404542e-01
-3.493405371264930448e-01
3.331641203411866980e-01
4.757703833308756236e-01
-1.333184180796782858e-01
-5.072028146053223496e-01
3.037608904131967602e-01
3.117520538347676173e-01
-2.177516285044941990e-01
2.676703340643628998e-02
5.238206171367981723e-01
4.122755905070814020e-01
-2.398982198168434776e-01
-4.321531599018457737e-01
3.550031521670269918e-01
2.757503620055784532e-01
5.767256253876353878e-01
-2.936921538081954663e-01
-3.181586305203607662e-02
1.555546824790953742e-01
-5.115660127546040048e-01
-6.336076514745050403e-01
-1.717252077340923333e-01
1.847342486355925129e-01
2.948017531082454679e-01
-2.710041973098341606e-01
-1.316115955758483114e-01
-3.496401327645317636e-01
-3.063384275361615838e-01
3.442351924531074081e-01
3.794388643547731976e-01
1.654347456138786643e-01
-1.153158369984642051e-01
-1.850676183308398032e-02
3.361378249860467182e-01
-3.953447852080421709e-01
-1.950606046307011565e-01
1.153491990010010459e-01
1.594396816086672830e-01
3.604677612796605146e-01
-2.116069903579858580e-01
-1.808846845493676803e-01
3.607500166402155539e-01
3.706567731786046815e-01
-1.771601340895469501e-01
8.106484513121217650e-02
-7.264171891183084373e-01
-3.201451295211448222e-01
6.527877533231039031e-01
4.306260589412723716e-01
-4.209108181846482055e-01
-1.829269539934487154e-01
4.766155997159460811e-01
3.212773047786529612e-01
-1.620252681419930563e-01
3.681266727200499522e-02
-1.666006847728092322e-01
1.774611605890535349e-01
3.771279307558960125e-01
-2.414175635327290570e-01
-5.050389834596460958e-02
-2.347899384132496603e-01
-2.082706738601665108e-01
5.647881854314715233e-02
-2.914202596307390869e-01
-2.098464034845520104e-03
-1.673259713527898429e-02
-2.422017033794870988e-01
3.707303977147185514e-01
2.904520004763532226e-01
2.998968788074140024e-01
1.063005985270066844e-01
-1.803695080300415227e-02
-1.095752825503091277e-01
-3.056937448182348582e-01
-3.649216647216247944e-01
-1.344027096286209699e-01
-3.676319572801900470e-01
3.103130434597395904e-01
-2.662135337427487536e-01
2.902119109087960003e-01
5.568018090350106419e-01
1.939251934692421686e-01
-1.413298641922940968e-01
5.925797235380239059e-01
-3.945055364777381168e-01
