-2.228443659938054988e-01
1.833716383581002751e-01
1.810272516899968098e-01
6.527763952515124313e-01
1.394068146814094467e-01
2.862582369191070675e-01
-2.692336781870279319e-02
-4.370013965172296622e-02
2.564748549558566737e-02
4.073755386685919133e-02
2.439806263727046232e-01
-1.815271864692417081e-01
-3.935781981204614643e-01
-1.519557973504236936e-01
4.610264599843348909e-01
1.041183073794142433e-01
-8.400823922293766677e-02
2.684572629533089061e-01
1.500317590400709888e-01
-1.325985508597948281e-01
-7.431092489202862916e-01
-2.540304909914088971e-01
-4.644879866578319749e-01
-4.894368725024973443e-01
5.883728578138724963e-01
-1.897391996955199167e-01
-6.848373932639008066e-01
1.801047765036606352e-02
-4.088720248884106234e-01
2.741255115703726819e-01
1.403154975177258179e-01
-1.895798833022012062e-02
-7.291922745739640721e-01
-1.241678727280384892e-01
-3.285060412697035637e-01
1.630500904030740550e-01
1.309289347740657528e-01
-7.029443709949115271e-02
4.148823815939326476e-01
-1.290832504478347520e-01
3.019632865524836118e-01
-2.338773067755860746e-01
1.880371091117119253e-01
-6.634410856118282129e-02
2.550534451976248507e-01
2.237309396506746706e-01
-1.106064273600758929e-01
4.494959797140196667e-01
2.893210161357904764e-01
6.669678438690515576e-02
6.922653342296677947e-02
1.617752864652884925e-01
-2.277686249246573258e-01
-3.799147508063249051e-02
3.826053955076193225e-02
1.961440202913937170e-01
2.161449249011604401e-02
-1.111403052802217295e-01
2.039699720929261939e-01
-2.607837385500155203e-01
-6.532927326955934033e-02
-6.877786637289798333e-02
-1.397035412952910283e-01
4.929237193728031041e-02
-2.275871095176551506e-02
-1.015442650529158053e-02
-2.807611640841097822e-01
2.154089360958826582e-01
-8.226018281120467401e-02
-2.141210355778155883e-01
6.743284942288833850e-02
-5.449859241587458047e-01
-2.458289115703476968e-02
-8.020542520679663223e-02
7.864404744029042382e-02
-1.971481832512546883e-01
-2.086966983537038578e-01
2.202910517844602206e-02
-2.937745535496029403e-02
1.216388205560485491e-01
-2.595570583122474573e-01
-1.909057615809829078e-01
-1.658481419771164200e-02
5.830479139805919836e-02
-1.627381270460862284e-01
-1.316281948079582875e-01
-4.682127991912447829e-02
1.704492333908796120e-01
-5.825630207435313762e-03
-1.403075299580084853e-03
-2.930979581191184291e-02
-4.056821026598287361e-01
5.436112296132997179e-02
-2.471450412493129689e-01
1.552074970148171751e-01
9.857837653523018190e-03
5.450432885129781468e-02
-2.492231678327155031e-01
-2.015444577242861690e-01
6.968860438869803331e-02
-1.262790103711084744e-01
1.019316500543162723e-01
-8.335688845480405951e-02
-2.889263363982921828e-02
-2.863767304537205849e-01
-8.124322812298508112e-02
-4.668580478783085352e-02
-5.305355597476980184e-02
1.345103225130540037e-01
-9.795751770079813570e-02
-1.138660191500006358e-01
-3.627441576005810409e-01
3.711285220244329719e-01
3.502831078507039342e-01
3.784222689350863478e-01
-3.062814091150549700e-01
2.613697216582922672e-02
-1.650232726818230411e-01
6.711427368961291051e-02
-4.144121786586510980e-01
-1.564988523029670897e-01
-2.001872966756671479e-01
2.409338186996156650e-01
-4.135268756357515785e-02
1.391373812000450405e-01
-5.697121981437387461e-01
-3.979348910748966572e-01
-5.805170946428789280e-01
6.189359473664768352e-02
-8.042473684065786291e-03
-3.118070881961778618e-01
-1.064999676883000013e-01
1.767974634507345211e-01
-8.146453907769685143e-01
1.466016556345828836e-01
-3.784218612816368510e-01
4.700068977173807450e-02
3.172674112517268052e-01
2.515300313934748511e-01
-5.567671574926355560e-02
7.097395910584392009e-01
-1.676946059554292046e-01
-1.096792541023785261e-01
-1.214788359187168598e-01
-1.814925544461715168e-01
4.551672751919983995e-01
3.426016887485118789e-01
4.637104644825024713e-01
-1.540600913812772421e-01
4.956051028859258523e-01
5.028167873857712911e-01
-1.336589598564286441e-01
3.658923580292250954e-01
6.512712411844970295e-02
-6.170237876213800765e-02
1.866239655874229464e-01
6.939990240607171734e-02
-2.301540636098606263e-01
-2.489647753759997861e-02
2.297326713397999653e-01
-4.981617789695860776e-01
1.968962363982981190e-01
2.381165753961512477e-01
-6.156733723454431706e-01
-2.785101168005366112e-01
8.467225082115925616e-02
-4.021746608900197972e-02
3.254827532579874227e-01
5.087137206268621537e-01
1.299096649879996623e-01
2.609860658297868952e-02
-2.136867753465022390e-01
3.665427141609878259e-01
-4.321176340765514046e-01
9.700490501856223746e-02
3.615736108391205961e-01
-2.689835025393811918e-01
-5.653077535341699544e-01
1.596739811272333831e-01
-3.536472831920944304e-01
-3.336230758674590957e-03
-1.631638478596522113e-01
8.901635768023238859e-02
-1.006556731143483929e-01
-2.628508499577147939e-01
1.078026193208736494e-01
5.351230307627623528e-01
-3.665938019375786783e-01
-3.018509365453893034e-01
-1.990929826724978369e-02
-8.581613111926507387e-02
-4.910036864535845536e-01
-1.759787199859700890e-01
-3.567971058740165846e-01
-1.077904785809085109e-01
1.077955871513646413e-01
-1.372054315925265444e-01
-2.254068040809760753e-01
-2.340526068149617611e-01
2.727578810686009381e-01
1.205674924725805564e-01
5.755864779680799903e-02
1.514887198408706726e-01
2.534836131198459075e-01
-2.855259499476886509e-01
3.811801727311195376e-01
-4.294821667967653744e-01
6.230040771581363268e-02
-2.691877102032411151e-01
-3.569566653065016637e-01
-1.779262348059886534e-01
-1.012036901240760123e-01
-2.475118469656602815e-01
5.780805662450647642e-01
-1.889752000059404802e-01
2.268264459056845428e-01
-4.047447978452187178e-02
-3.404648137748682579e-01
-4.493826615941605152e-01
1.638869548558570255e-01
-1.233986988218290781e-01
1.113534341578256981e-01
-3.537196903235463319e-01
7.754364675503829796e-01
9.609175604238957835e-02
-1.491655462667712539e-01
-2.656013992284038672e-01
1.712488538273754246e-01
-5.076375956184556726e-01
4.107543134944226515e-01
-3.768030359622783210e-01
-1.621575162809043569e-01
3.038742216351567049e-02
-1.706329223831732911e-01
-2.588775655389608521e-01
4.965897938641828380e-01
-2.804815734627615353e-01
-8.275159372547835623e-02
-4.722559703344674231e-01
-1.711522641280583124e-01
-5.233205093227126792e-01
1.528102887571035629e-01
-7.844508683666912008e-02
3.718267840665890334e-01
-3.373029992372295616e-01
9.443733820893122910e-02
1.252617452100132089e-01
2.227221643032106513e-01
-5.616007894497058173e-01
-3.940298541044306990e-01
-4.326397105456210590e-01
1.688518277191252415e-01
4.957331029093823838e-01
1.643193637658171835e-01
-3.916937582489783409e-01
-2.316161591786409790e-01
-6.923435153863828351e-01
3.189786040259620092e-01
-5.126159521581023781e-02
1.525461084003966183e-01
2.209724545542032792e-02
-3.873759365900339424e-01
-8.720000884776485384e-02
-1.988140104618012216e-02
5.297501397189879890e-02
