1.620060040954458269e-01
6.799198991946665827e-02
2.589634995834028119e-01
-3.354796453182049554e-01
2.074962972246715276e-01
-2.146833228023260487e-01
-6.648595205440759048e-02
-9.214116805179159431e-02
-6.226965021804105049e-01
6.070351976898530344e-01
-3.866325715760409731e-01
-5.002345775336007883e-01
-4.513794286530670719e-01
6.105524561978392661e-01
8.579782641579207503e-02
-6.914556016559874063e-01
1.689802141924645618e-01
1.377328007128214571e-01
-6.228199406670922866e-02
3.263735592407152608e-01
-7.837824142417140205e-01
3.745998434854175274e-01
2.637425540030660098e-01
-7.420423997826508522e-02
1.353284793854932777e-01
-8.888968289532342970e-01
1.638855730492271012e-01
1.678396590345721806e-01
-6.404457582540230565e-01
-5.353052243697721257e-01
3.701711485966009407e-01
-4.472256395731374345e-01
-1.982704156753942182e-01
2.012469529475041097e-01
8.010375607566824208e-01
4.680596406029203793e-01
-3.123872065561110745e-01
-7.715137515305360572e-02
6.370151760071167679e-01
-4.556930361982934607e-02
1.430227569934688914e-01
-1.400176640371802173e-01
2.812445822206714047e-02
3.715745606982349125e-01
-1.255177424258570665e-02
-3.127745904666152099e-01
2.524170267745606266e-01
4.115913205843571565e-02
2.781610674594053312e-01
-4.587627605179355195e-01
4.888146501595633797e-01
5.285875693864434677e-01
4.762114389169455064e-01
1.498487978254327002e-01
1.342888683200766375e-01
-1.817802062045950628e-01
3.999606212452341825e-02
1.964721523854463525e-01
-3.166353349848804316e-02
2.262973633503841675e-01
-4.266133780258086761e-01
2.387094804312871188e-01
-2.542282105783869595e-01
-2.906454134970288816e-01
2.800045555359298444e-01
4.228033950276491315e-01
1.847097168516818877e-01
4.374157290414559807e-01
3.125576008335101963e-01
-5.931420161279919029e-02
-2.275195138481369284e-01
2.910472637667180923e-02
8.664219816139312469e-02
-2.749112902726050245e-02
7.239852681655793987e-01
-1.567194213756928078e-01
-4.889462537322743219e-02
1.311724682693495847e-01
-3.070823070790641013e-02
2.517565457030994103e-01
-3.287903260244535719e-01
-6.456888449317207956e-02
3.116927595932370565e-01
4.798900756997067640e-01
1.005180968159370136e-01
-6.078325700698448131e-01
-2.825297408599632409e-01
-3.483800004611528056e-01
3.427886296983818082e-01
-3.265925788164537047e-01
-8.852181075637682861e-02
4.083158355185121935e-01
6.724620318251290918e-01
4.012145711829444572e-01
3.342800718333396870e-01
3.873924483331178670e-01
1.557922753756612322e-01
4.052813599043917359e-01
5.622888103158072415e-01
9.452365381893394758e-02
3.390107218234735265e-01
5.787291699639980358e-01
-2.119382446415372101e-01
7.618498798380597403e-01
2.974995684296839471e-01
-3.141807451916351912e-01
-2.531792761650012435e-01
-6.800400551202232524e-01
1.562286706577334927e-01
1.000324097171749194e-01
9.806043381083144606e-02
3.753835320290981881e-01
2.443488868962582355e-02
-5.326827843359436265e-01
-3.217675165827901806e-02
1.191624323656954865e-01
-1.098348062951589460e-02
-3.044977869380686708e-01
-5.876955581056605427e-01
-1.620204680777465045e-01
-1.735618634914758984e-01
2.016716409128144760e-01
2.750281889965775495e-01
-1.381520618896788788e-01
-3.475234873227773386e-02
6.073930139998333644e-01
-2.349548695832037737e-01
5.604456671532002110e-01
-3.560624081871731628e-01
1.976545885937051883e-01
1.159423781748252502e-01
2.049468717155636110e-01
-1.237199831098992064e-01
2.475741344520970139e-02
-1.463343735529756828e-01
-1.563322473854876840e-02
-7.128541357413410023e-03
-5.781006266392251652e-02
-1.215169370247152075e-01
1.056001833549543578e-01
6.045533434946778056e-02
1.077567924821403594e-01
2.600676483390010896e-01
2.927654831995993856e-01
-1.483364595615330184e-01
5.737787142480209324e-02
-9.128669951288125028e-02
-1.064078295178115530e-01
1.358233386967289125e-01
-4.820206691473484795e-01
-2.458464772938105669e-01
5.234899319353929908e-02
8.821295805579488364e-03
-9.411815259954806057e-02
1.659098904019877530e-01
-2.189752263194023607e-01
-2.447594583871039176e-01
1.624258436705658670e-01
-6.319785287570094112e-02
-3.151739886995769124e-01
-2.524071130115008721e-01
3.145337226324023128e-01
1.647498523015175631e-01
1.308649413970906505e-01
1.810015217466175164e-01
-3.096433441948927556e-01
-6.344243058402868063e-02
-7.950481869153042114e-02
1.333563135991929632e-02
2.080100827041073686e-01
-2.912038896740274385e-01
4.902902873489581315e-02
7.068975661246133801e-02
2.570007819222140388e-01
-1.537950461550334769e-01
-1.068530870635487073e-01
3.571847973886284333e-02
3.424766853038510583e-03
2.208589164538414251e-01
-2.029426433982257656e-04
2.755914052264815672e-01
-1.969842772206627929e-03
-1.816877479586746502e-01
2.220830456577293777e-01
-2.196725515878826251e-01
1.909494277356307279e-01
1.868616821118821436e-01
-3.240995228718685506e-01
2.773086652363765947e-01
-4.219348147192177323e-01
-1.857644296647341098e-01
-2.729303986677579785e-01
-2.895587812808723266e-02
2.860925227677581506e-01
9.612052607154010497e-03
-2.495555220750712566e-01
4.012284213205306038e-01
2.701036378492403522e-01
7.192024111108714923e-02
2.854033081722037735e-01
3.977626530265435667e-01
-2.555726587511246706e-01
7.320264432176459835e-01
6.229309535543563897e-02
1.336744733233436455e-01
-1.681102555916588470e-01
1.095248563775312184e-01
-8.674154283033873314e-02
2.678775149210450568e-01
-3.773198267264729622e-04
-4.669150924282250426e-01
-3.451116383284106859e-01
-3.669687778993816485e-01
1.755079909475981137e-01
3.702031116314085102e-01
3.012510292033103096e-02
3.570393667253670550e-03
2.437852503645197011e-01
3.291759823587247884e-03
-3.135635735396576917e-01
2.268448346176034636e-01
1.209138421645394174e-01
2.240250182314629246e-01
1.631748075803161058e-01
-3.820171305441018017e-01
2.575786665028329536e-01
-1.007024840846862043e-02
1.469287538908676805e-01
-5.560621935914947800e-01
4.259986057786786101e-03
-2.384786869649087662e-02
1.906756811961485554e-01
-1.583572951281369823e-01
1.186241271517970812e-02
-3.614672258696904894e-01
-4.974168887702792308e-01
2.813317393933826294e-01
-1.598723274129696392e-01
6.415270387000314434e-02
-2.045288229276003289e-01
-3.160454575367245278e-01
1.159717176247372639e-01
3.112792005220444969e-01
2.104681997790416037e-01
3.191976098508342297e-01
2.771443353938226606e-01
-1.458272115236631250e-01
4.489132331492426409e-02
3.458570511489464927e-01
-4.594833072443094135e-01
-2.282134633409306501e-01
-3.463904847177837198e-01
-4.580607360921793436e-01
4.176376638611261072e-01
-3.463406010723210082e-01
-2.925673351192973337e-01
-5.041689451344650852e-01
6.027346998682101553e-01
6.410207793399247400e-02
-5.985220387789685209e-02
-2.584534929111602097e-01
2.527877103964898398e-01
2.263413960862981078e-02
1.636127151783748901e-01
2.903845992480231786e-01
