-1.466344655178925815e-01
5.630192483983383900e-01
-1.184682863137433984e-01
1.619929218629423961e-01
-3.630628147135059880e-01
2.845922453603767499e-01
-3.248728488288042393e-01
-1.198056879396199731e-01
-1.931972612294434455e-02
1.837100925342168012e-01
2.884684203890415799e-01
7.311040823810045775e-02
5.274712258427010081e-01
-2.599298694737774418e-01
5.714449439544600634e-02
1.097340806711518124e-01
9.890147616857563467e-03
3.315443101320240116e-01
-7.819235159543752589e-01
-5.069682838052183005e-01
-4.026049486665619348e-01
-1.450754125667388927e-01
1.630918366222550708e-01
-8.867217697577740865e-02
-1.936623143660478608e-01
-5.704037232811624003e-01
2.840152341072617048e-01
-9.347392039801097341e-02
4.590799097052081917e-02
-1.659604932102063390e-01
-2.461653916439024148e-01
-3.639134248845209973e-01
3.285635029556613906e-01
5.384984436332652252e-02
8.414676129483003586e-02
-7.462172826398880687e-01
7.095233287412619147e-03
-4.039196850157578678e-01
1.768065865132921188e-01
-4.177397123493729186e-02
7.055905873769326153e-02
-2.014038383697355494e-01
4.901572512444032359e-01
1.330226745251782972e-01
-1.124259211389888324e-01
-1.222135942142981990e-01
-1.082443387066913190e-02
-2.109874359668210964e-01
1.298002537137778883e-02
-2.457163046961895747e-01
-1.235220916208602526e-01
1.224138462994324716e-01
1.339648048221290244e-01
5.887260353600939911e-02
2.996909592205314679e-02
-3.811090305476127482e-01
1.526013234386656980e-01
2.877297751790644509e-01
-1.175914582545324882e-01
5.992318919320765991e-01
5.429296541241289409e-02
-1.940498092357997584e-01
4.777348759689800661e-01
-3.972892340885341225e-03
3.698286798028340705e-01
-2.904445619941498080e-01
-4.704620652521835367e-01
2.943229463318677297e-01
-6.415649727357350951e-01
2.079858751098840330e-01
-2.898125666956437030e-01
8.697698390672123359e-02
-6.405963436739179340e-01
3.563967446925684485e-02
-7.302774133902052434e-01
-2.314746621314852093e-01
4.550164709124039919e-01
4.851480111531392136e-01
-1.812422581078348138e-01
1.088288372986266905e-01
-5.859720856547746548e-01
1.000000000000000000e+00
-4.819199037849224848e-02
-5.686900878255803926e-01
3.880320291260139776e-01
-1.958269437586962480e-01
-2.663283003793129322e-01
-1.202352920648965123e-01
-2.310731342395563326e-01
-3.554211106762931310e-02
-4.742550981448120373e-01
1.258131793285200695e-01
-4.669866592609840383e-01
-7.013940628259700549e-01
-3.533582797077950977e-01
2.589244880896953704e-01
-3.679904064342701120e-02
-2.500155418897898607e-01
1.793598366232786456e-01
-1.146933624433489340e-01
3.299563264425200287e-02
-4.441389589087197942e-01
-2.197335919260340331e-01
2.749343215254827499e-01
1.118654694314747712e-02
3.204498810271920739e-01
-3.488307730839592113e-01
-3.768356485580889315e-01
3.015345521915838503e-02
9.319326192095163386e-02
-1.210137252520245531e-02
3.217665539547337472e-01
-2.446733476851481182e-01
2.360094881727763383e-01
1.110975102179851404e-01
-6.632039403745842998e-02
2.230573905286288849e-01
-3.578813092759974834e-01
-6.081449909026087619e-01
2.719887633227274781e-01
-2.256562386335689008e-01
-4.987657375551746153e-02
4.830312353370089795e-01
-3.083167343671114891e-01
-1.443556425541912998e-02
9.631834419322826690e-02
5.146153195817524395e-01
4.319907805351664298e-01
-8.085924916767642801e-01
-5.027320451585319816e-01
2.297031067545032279e-01
3.844099201108628350e-01
1.087630211185026674e-01
3.605450343247849077e-01
5.638321281151222886e-01
1.423140143543980274e-01
-3.678488689397778622e-01
-4.572331821356810932e-01
2.275177903002165991e-01
7.838492416177508804e-02
-3.246889888324032691e-01
-3.389750289739491551e-01
2.228065757236216138e-01
-8.260560270786615478e-03
7.024567088479394261e-01
6.542091130508775887e-01
-4.231166590382732795e-01
-8.634490117207718196e-01
-5.099557660365157397e-02
2.775065055963140681e-01
-4.427212304116971975e-01
-1.598132893260235665e-01
7.898131520685580664e-03
-7.351167364606122634e-01
-4.207564229223271224e-01
-9.098071066965290193e-03
-7.282204426119918139e-01
-6.069796237855867860e-01
9.418969533064311395e-02
-1.286659860190714766e-01
2.420319507991172681e-02
6.850985849248137916e-01
1.270248594356251925e-01
-1.485758397606342374e-01
7.443266625586288932e-01
1.432492268522665702e-01
3.524261430457309441e-02
-1.654013227097021199e-01
3.725991447870835027e-01
1.781053092357761103e-01
-3.053024786107104149e-01
6.573996966727078950e-02
1.120655854955598107e-01
-2.394907409512070928e-01
5.845890233381868528e-01
-2.008956110146730700e-01
-3.581999774966063699e-01
-7.470784951914847261e-01
-3.336341668778887160e-01
-5.448397927559985865e-01
2.979459205721994852e-01
-3.030014771830986664e-01
-4.883358892523725903e-01
6.997817643493633999e-02
-2.085958393235583519e-01
5.554837437444500869e-01
-3.947863857853844416e-01
5.231661347875763424e-01
-3.321025104688034579e-01
9.806487513660464006e-02
4.094774473437116924e-02
-3.954818979157910253e-01
1.789433343063108472e-01
-3.006654574060124707e-01
-2.532051518975232396e-01
5.207447062616591404e-01
8.372080511913028156e-01
-4.677156088377318333e-01
2.799351110416817279e-01
1.268189840711524130e-01
1.417001168890173468e-01
-4.875087153811308305e-01
3.801672610851703493e-01
-1.180042038824709594e-01
-2.653463972003985982e-01
1.153503983915124126e-01
5.572566563511996973e-01
3.244213726394609698e-01
2.273302071612326447e-01
3.108834197557258650e-01
-5.674961586525086865e-01
-7.228430248437812955e-02
-3.322464932241644409e-01
7.445627884956791398e-01
-2.617093712521078031e-01
-3.588619831313509811e-01
-5.051463794572130794e-01
3.590763353450543427e-01
4.945093165179895722e-01
5.156201483904598870e-01
-7.019213377700597167e-01
1.873000924440175741e-01
4.155450171907577595e-01
-1.199896161806019018e-01
-1.427766775205803196e-01
-2.190703612241275411e-01
-1.204026611701619620e-01
1.018554354279882501e-01
-4.732269822484833077e-02
-7.257466755012207393e-01
6.593811793844894797e-02
-1.596047718722642117e-01
-6.687867815844641961e-02
-1.013911791266831064e-01
3.788956322492863515e-01
-1.694530261512925406e-01
-4.001646709501976429e-01
1.732407064922458495e-01
5.352224310418957076e-01
-2.888342934922147887e-01
-3.625005176925324424e-01
1.866756381279542909e-01
2.831445189275041407e-01
-3.273972845217938965e-01
-4.180778498537494614e-01
-1.315045380517777529e-01
1.874759581182019463e-01
-4.735547357492516096e-01
4.309219373520868368e-01
3.760964455089608749e-01
-6.798727142854319450e-01
-1.995344336277436181e-01
7.773157809204311874e-02
2.146532085183984473e-01
1.776420096464856671e-02
2.383437937892063097e-01
-2.802826291653290336e-01
-3.248956860604262920e-01
1.307253501996498424e-01
2.401710598939296171e-01
2.682843725577032656e-01
-6.696083224888063068e-01
-1.003616494137129361e-01
-5.984421366614028209e-02
-2.342902351342704692e-01
