-3.113893470483597992e-01
-3.786858667909495657e-02
1.520198708481679539e-01
7.516191628376700518e-02
-2.030386206721353504e-01
-3.892058478331218985e-01
2.833830032239276764e-01
-2.479161302576344261e-01
-2.634096155412745666e-01
-3.912755698504579716e-01
4.129427113139005345e-01
-2.113482082450610366e-01
7.418041848107731484e-02
1.757861961610290569e-01
-3.667101037472890457e-02
5.089655846778522869e-02
5.583863332941905178e-01
7.385900887260167524e-02
-5.029917729189484210e-02
-2.933544671807683524e-01
1.928006320179125321e-01
-7.547462318993956865e-02
3.200734175625460365e-01
1.071466050035862760e-01
-5.422056639630388197e-01
-4.504781626593556410e-01
7.154217366139048462e-01
-3.053719099570265105e-01
-3.389529432243928442e-01
-1.131452563471975759e-01
-1.183426383494887574e-01
-9.581783561411999495e-02
-3.691072313273057737e-01
1.832934460631346907e-02
6.354244844048149155e-01
-2.728684626401252644e-01
-1.818228813123802801e-01
-6.778866428224850083e-02
-3.771983753674132411e-02
-4.024583649827689347e-01
-6.373035898662240406e-01
-3.403250995231307252e-01
-7.809938181573448934e-02
-4.421113867654135055e-01
-2.935694143173850357e-01
-6.295014008137718164e-01
-4.316418564807473213e-01
-2.087641463545725773e-01
5.258815671751626564e-01
1.320916988993803276e-01
-7.640563858294328048e-01
-2.667761755723691008e-01
-3.607341374306172188e-01
4.066047844084104135e-01
1.792090543250307588e-02
6.581151151085172513e-03
5.917780323274592913e-01
1.114900902110613212e-01
1.896464180343021555e-01
-1.531507321467407701e-01
-1.091856859235091903e-01
-8.863958422011236626e-02
-2.148806280317023254e-01
7.740179094607833044e-01
-3.789280742092969168e-01
7.943995588341072889e-01
-1.355912480675969534e-01
1.648440811382948235e-01
-2.426276275152168815e-01
1.976211388057434182e-01
7.428613453528118415e-02
2.290532358891660125e-01
-3.596971825228320596e-01
2.007901240362026662e-01
2.307733601235222309e-01
-2.217964676341049879e-01
-2.856579128810322887e-02
8.503982573048457852e-03
1.244176219861890392e-01
-1.869985206886000395e-01
-2.384868467660097857e-01
-1.074905611073448397e-01
1.329504995338346984e-01
1.950458004760506625e-01
-1.148703765439812174e-01
1.745641765309551008e-01
-1.885523623257378545e-01
5.265186838034598138e-02
3.354652085412661022e-01
-4.534098688786399045e-02
-1.988864655060387510e-01
-1.386403888276243057e-01
4.820125034001976339e-02
4.368429017590871877e-02
-1.055651547768058224e-01
-2.525564997937952694e-02
3.160889622473908589e-01
-7.584692765201761500e-02
-4.588407949303960343e-01
4.901913669481494651e-01
2.445461675809579849e-01
-5.222639959073062110e-01
-4.107834006626114309e-01
-8.403639900144814490e-02
-3.444720667607176212e-01
1.554023037486395309e-01
-2.830929027448546020e-01
1.924733369651448200e-01
3.905503187368916107e-01
7.936650134456071926e-02
-1.929464738044598671e-01
-3.651303390513802594e-01
-5.491095021388683328e-01
5.449912995052584586e-02
3.800124231532213404e-02
-1.593057045061130328e-01
-1.937854806936540331e-01
3.017860211294967065e-01
1.311393051413511923e-01
3.078662506113628572e-01
4.959564498502461172e-03
-8.210725415059663135e-01
-5.257547449835631159e-01
7.707285460659260012e-01
7.602700277898095660e-01
3.539579572649309558e-01
-2.414716312454925351e-01
8.024702838737760580e-01
4.955421898654089330e-01
-2.616482014454131200e-01
3.478324059217590136e-01
-4.376536834086033334e-01
-8.302774195239359667e-01
-6.467322452118691167e-01
-6.833099427237807610e-01
-7.194568150695750397e-01
-7.453932984900804026e-01
-6.006380551231389475e-01
-7.906814820494252327e-01
-1.861656060701064597e-01
-9.763659431443683090e-01
6.709272221233917310e-01
2.130796927315134481e-02
-6.387746221147965198e-01
4.183064501666440838e-01
-7.985446957364386034e-01
-5.863477563319583474e-01
-4.654822078307380151e-01
5.672459895099651872e-01
2.855338263224662665e-01
-9.999979270119103703e-01
-6.670457965562153202e-01
-8.492201454280154937e-01
-8.160451824145520394e-01
-7.976995583532020540e-01
-4.183887259905733624e-01
4.810304673371161854e-01
-4.306236499441975507e-01
1.102723070939498617e-01
-7.418273205213954391e-02
-3.076892567743698681e-01
-5.549102985260743193e-01
8.060920633859571804e-01
-7.173135807778592277e-01
-1.225790183208766565e-01
-6.653111865230907362e-01
-8.093439290845509948e-01
-7.971103248888253834e-01
2.340304812989302263e-03
-1.000000000000000000e+00
-1.664508064592697956e-01
1.737262002131004235e-01
3.905422200109587294e-02
-3.849945872168525351e-01
-6.795130889242434469e-02
-6.353750599637197904e-01
7.005791365439908436e-01
-1.142828219512992405e-02
-1.677899712153498868e-01
-7.145011683723192508e-01
3.314757622330840592e-01
9.729377745149598855e-01
3.039160913469110548e-01
3.038042003717267292e-03
-6.360282956053691095e-01
2.465968236212943143e-01
3.989834355468999672e-01
-1.996858358455662064e-01
3.625063100608840738e-01
-6.787602287160874326e-01
-7.970082916800808048e-01
-3.986579270911571049e-01
-9.772906001940873111e-02
-8.887673724969251676e-01
3.654223096260869608e-01
-8.553467378395473997e-02
8.589050190163831644e-01
-1.000000000000000000e+00
-9.504991141742056282e-01
2.931281267580698735e-01
-3.181249066701405948e-01
2.239790535363876678e-01
9.155987878106253142e-01
3.857835947267511667e-01
6.728610696834905203e-02
-1.709068036863161388e-01
-3.374933288062575976e-01
-5.167411714000645917e-01
-2.274590782714584480e-01
-3.142716771079780147e-02
-1.615336133024268261e-01
-5.705986050151123923e-01
9.357023303237984591e-01
3.566249912218893373e-03
2.534586835651176512e-02
-4.207467895456902252e-01
-1.596489164837614216e-01
3.789375686503313467e-01
-2.715107018006382988e-01
-1.049941069787430209e-01
-6.000909884801047811e-02
-3.941734067790956253e-01
1.148500517638648966e-01
-1.633596198757495677e-01
2.800419930246594302e-01
-6.232735732238088300e-01
5.619009273151043260e-01
-3.576509914109208405e-02
7.584906474294731415e-01
1.975787005232624849e-01
1.397489592249886725e-01
-2.360794476687278209e-01
7.766594316947942334e-01
1.732824530958169268e-02
1.272887708511952487e-01
-3.335822775332013546e-01
-1.719849560919232134e-01
3.500856131081282463e-01
7.060629162438886164e-02
3.606477524823232805e-01
-1.927130150046180712e-01
-3.592476893677452043e-01
9.316794278142666655e-03
1.581599360827710410e-01
-3.748103862502787098e-02
-1.448075732441218011e-01
-1.178386806694022293e-01
-1.050162355987716845e-01
4.474262067441622803e-01
-2.676274387323956949e-01
8.560438462672265159e-03
-2.115383882163763551e-01
6.986976276007056397e-03
3.309560827131662331e-01
-1.762842865554092586e-01
-3.818710198484844831e-01
-1.301891761763028232e-01
-9.077042376450453198e-02
2.510021085250962319e-02
-2.408862157570420548e-01
1.830678248693785870e-01
-1.349027308959393212e-01
5.037059181990864026e-02
-1.605042179676117176e-01
-2.157453680826453279e-01
