2.653141853829782404e-01
8.649461027617109943e-02
-1.615835443304033600e-02
-6.353676607648409136e-02
-7.191303623956768476e-02
3.329043183040708009e-01
3.599054819597824473e-01
-3.779717802993111109e-01
-6.883128452286857435e-02
3.347348499054199344e-02
5.011192681259309945e-01
4.544461858352432104e-01
-2.191350653703388052e-01
1.410797106328277317e-01
1.261880905838819178e-01
-4.327638959085274850e-01
-4.554031778540644226e-01
-3.861523985052491004e-02
-5.870451646008118148e-03
-8.854249804169631033e-02
-4.993491179362970211e-02
3.459549992301859667e-01
-4.675776718707649326e-01
2.389158009048885090e-01
-1.007924071219309381e-01
6.332218811343864884e-02
3.321324273828200890e-02
-3.146277246857037135e-01
-2.353295652125216020e-02
-4.550082089037106314e-01
-3.681368004520600978e-01
3.066789781275977012e-01
6.314048224349484706e-02
2.461976253123845937e-01
2.196297190434517432e-01
4.237348293755514167e-02
3.542929438650244123e-01
-1.143603971083121396e-01
8.291064379354165514e-02
-2.465518948147183212e-02
3.540678044824848714e-01
-2.261553749431752525e-01
2.382506425819803583e-02
-4.460640798402557006e-01
-2.328694208487213091e-01
2.878685852062070130e-02
1.315109177818291342e-01
4.658462407831983620e-01
7.197211052585916757e-01
7.397810625602259382e-02
1.263796042553314014e-01
-2.931769126499507161e-01
2.469565852599553135e-01
1.844747984983330924e-01
3.147094512032450053e-01
2.414962110836274545e-02
-1.012791455813526892e-01
7.807319675144064330e-02
-3.330300086634795376e-01
3.289106490724074128e-01
-3.811240588311744920e-02
-1.338867414512173448e-01
-7.249591703710019097e-02
-3.069775661935339461e-02
3.430690377026430204e-01
-1.823489496625575468e-01
-2.606902666683914571e-01
-3.690607072343911055e-01
-2.153997852879727809e-02
6.458610709588352705e-02
-1.097812641335428885e-01
1.005000479912024763e-01
-3.573252479998625386e-01
2.968576993107409079e-01
3.079058902950523174e-02
3.434628155823253870e-01
-9.448169796148161992e-02
5.927566863814019704e-02
-1.884683647792191608e-02
6.694614606071982998e-02
3.986497928446133820e-02
-2.658286230122783311e-01
-5.040185542488053588e-03
-2.431957996650452591e-01
1.268445737096737802e-01
1.630458776207901195e-01
-1.660090979191326532e-01
-8.380924958269929392e-02
-2.221030544317112443e-01
1.153146409185479560e-01
-4.683140509930011630e-02
4.708725307117259812e-02
2.640577419561097594e-01
8.479169852498658067e-02
1.327918919781648499e-01
-3.062307183035666847e-01
1.773869369977774113e-01
4.150963430425817502e-01
-3.323154015342318912e-01
-4.149758105314824697e-01
3.122396417013700298e-01
1.532233682315058132e-01
-2.109938888833362836e-01
-2.521065588208720176e-01
-4.584734593707317368e-02
-2.468080706509867550e-02
-2.267523269490415716e-01
1.062283543272189990e-01
-1.720441002316110968e-01
3.030363304945185021e-01
-4.858714065449530883e-01
-1.599684074340500944e-02
9.276070146662759863e-02
-5.711735648383857722e-01
1.359433914423676393e-01
-4.061228245320945562e-02
-3.557678475849184729e-01
1.956942396152107633e-01
-4.891271209744115292e-03
-9.575854357709401299e-02
-7.757479883400550391e-02
-1.137240681800324310e-01
-1.001105014336719223e-01
-2.304102723398213648e-01
3.979519595024803569e-01
-8.619262016354085898e-02
2.385106226763351600e-01
-2.307875667459545754e-01
1.984918162892820581e-01
1.934613256725042918e-01
-9.633843773102584995e-03
-9.660069488791217518e-02
3.321727182895331532e-02
-3.643342977946283368e-01
-1.166581007114652346e-01
1.446320046085341204e-01
2.245328893501914724e-02
-3.328560848436873387e-01
1.490588053858133977e-01
-3.349620748503814166e-02
2.795971352188346692e-01
-1.232984056571252846e-01
3.865284732867249051e-01
-2.046895428413961493e-01
2.235660675124520047e-01
-1.917048910440630749e-01
-2.742047002224827223e-01
-4.014648448554084675e-02
-3.394051605271797278e-01
1.780581940718772016e-01
-7.469321828752803483e-03
-7.609935681423556086e-02
1.266013417270946129e-01
6.453929634315425101e-02
3.618664748483317595e-02
3.642549008295529189e-01
-3.229668814338366167e-01
1.031800539482012058e-01
-1.673383669163533427e-01
1.031545835898217411e-01
2.414091333176943688e-01
6.305431023773352961e-02
1.298922484185689730e-02
-1.405576580317084712e-01
8.086333762401763658e-02
1.199717370737250349e-01
-7.586490562220050970e-02
1.685177427169894382e-01
-1.895895116027556671e-01
-1.457464396646312443e-01
-2.201295050234349793e-01
4.053965095358660897e-02
-2.739902319209239212e-02
2.972979743962984589e-01
1.397852182641664276e-01
-1.355492608463035042e-01
-1.882827051115003592e-01
-1.715277203002556761e-01
-2.055093759419360580e-02
1.041817040312603693e-01
2.516920243625074272e-01
1.631339019399141721e-02
-2.929906126113772727e-02
-1.343157661225286847e-01
2.417616523738792544e-01
-5.950866121302993833e-02
2.998306277653983720e-01
-4.576165285093575230e-02
3.608495804528970563e-01
-2.569705644870502459e-01
-8.697810404390080019e-02
-3.924097609411020815e-01
1.206458631586034558e-01
-6.107815655593874099e-02
-1.031010473144652745e-01
-2.858580876564789097e-01
-1.634456451589165193e-01
-1.346598144512196615e-01
-6.376123927953795956e-02
-2.132649353647048107e-01
1.937827030919381799e-01
-1.131835858484421531e-01
1.903578284812564858e-01
1.237913720474837290e-02
-1.495457535779647629e-01
-2.779570203496391501e-01
-6.959110833355101194e-03
3.427491289957049769e-01
-3.871720717014384139e-01
1.923204541807373991e-01
-4.844746334658098230e-02
2.780846571404667622e-01
-3.199346317312787291e-01
1.881600292253145928e-03
1.032849144197335589e-01
-8.423396203049880737e-02
-5.073435296638676428e-01
2.590577331768469382e-01
-1.808456667329226553e-03
-1.922853255185948407e-01
1.103345998279467444e-01
-4.869782334630323728e-01
2.273065425972429499e-01
-1.703927225327512771e-02
3.990916633701817595e-01
-5.436405854431287238e-02
1.333363561930033248e-01
2.557460777096969839e-01
2.109957765926146478e-01
2.978901503651693039e-01
-1.695861329709995036e-01
-1.031058551153956060e-01
7.335778368818940409e-02
-1.130108501836525337e-01
-3.088745312504480034e-01
1.708341420737290173e-01
7.655851562359398954e-02
2.157595637316487569e-01
-4.071033188741742664e-03
2.686378810633615055e-01
3.206415964524707285e-02
9.800691660079098588e-02
1.290679541382679929e-01
2.630106455026421514e-02
-1.046296395837378462e-01
-1.042522844352441747e-01
-1.697462065084202054e-01
-1.193737823748622640e-01
2.611317863448339160e-01
1.362200437860092983e-01
-5.420710311699277195e-01
-1.657044396951478094e-01
-8.584104076655228732e-02
2.989800381111821226e-01
9.980655195328626272e-02
2.177091026408877195e-01
2.417860456153750892e-01
6.706338704130631462e-03
5.021142880696934790e-02
-2.427281771785098352e-01
3.264377706763005316e-02
3.533557764670366419e-01
-4.674907111966610240e-01
1.712345595011743327e-01
2.240053351028338177e-02
