-2.311999241812151829e-01
8.241448765355124939e-02
7.016914867655724142e-02
2.002232058798541353e-02
2.119826267099740313e-01
2.526922472368209882e-01
5.117935092411941833e-02
-4.583230036616698505e-02
-3.182152899357787446e-01
2.302649637668745253e-02
-5.870290391014017228e-02
6.001106603434054332e-01
-1.432671211831449687e-01
-1.497804315774574901e-01
-5.515402712089586407e-02
2.308933409355184152e-01
-2.048910103805550720e-01
-1.215601123717367227e-01
5.155342612037809580e-02
-9.582632545696430360e-02
-3.238659699900077460e-02
-1.382436302410642859e-01
-4.370611872134406994e-02
-1.293718199392293045e-01
2.875000786191606594e-01
3.004991436514144465e-01
2.978200520673527918e-01
-4.919089439280825427e-01
-4.005702853125722718e-03
4.619079487809180096e-03
5.572570243989680150e-02
3.958260931508438274e-01
-5.310169868994824016e-03
-3.390496461899694669e-01
2.278498640624118665e-01
6.618128925635623216e-02
5.010528870871010232e-02
-5.566127309544353918e-02
-1.822329082183811733e-01
-9.069974582296301546e-02
2.993611610961758873e-01
-1.370062951450202737e-01
2.926327738530021816e-01
-2.054061487975505917e-01
6.344009555085393381e-02
1.346613622656938625e-01
-1.787871528433011004e-01
-1.921584581013491277e-02
-4.428451961138275828e-02
8.325059577206814221e-02
3.238638792728854576e-01
3.716129350113943630e-01
4.596534728700703565e-01
-6.226132760000405164e-02
1.058107955929846189e-01
-6.003435510358329924e-02
5.781758681056066440e-02
1.164283866760820602e-01
-2.444031508301415800e-01
1.184472764760197139e-01
2.132385078984291860e-01
-3.595225291200520035e-01
1.192978813282016548e-01
-3.642395522864960156e-01
9.628495554275168233e-02
-1.998081426106282366e-01
1.216107788814896340e-03
-4.221274019409407829e-01
1.691492561692466978e-01
5.132071870317264084e-01
-1.261932404666641083e-01
-2.639970280022778670e-01
1.988243251768249953e-01
4.860854651774793589e-01
-7.831105034766885908e-02
5.110631598457824470e-02
1.889302313494042873e-01
-1.577499082262557861e-01
7.399889289577901152e-01
2.079626673381717583e-01
3.606416555920810008e-01
1.316304921514444837e-01
2.245059443285394030e-01
-2.740235833797609044e-01
-1.832026719909668477e-02
-2.339313652204144112e-01
4.895878202101452414e-01
-5.613000899881306349e-01
-1.486537176731004273e-01
-4.172460762399653467e-01
5.623947491700381773e-01
-2.485899992879305742e-01
-1.713050775507646006e-01
3.494737475968078266e-01
-3.435800317460011577e-01
5.302699187067465569e-01
5.216772779487055534e-02
-1.574430753889380641e-01
1.917207123068078445e-01
2.521084676047057882e-01
-4.612263773462080274e-02
-1.254887402650419204e-01
-8.959083626529870670e-02
7.231536794258974776e-02
1.059671998908305601e-01
-3.411430536575683625e-01
-4.416731275403748547e-02
-9.472578371271457576e-02
2.789509986764970861e-02
6.845031914236696102e-02
2.320517274499032112e-01
-2.081377780275572853e-01
-1.059230702055798112e-01
-5.439167910364450798e-01
2.442411024574104861e-01
-1.256103126738190578e-01
2.048765289092513431e-02
1.543410763585807699e-01
1.904068928378708225e-01
3.645197335895747903e-01
-2.973111166745712741e-01
1.390997325874216983e-01
-3.038540323577512137e-01
9.119308878927820383e-02
4.657022178360455955e-01
-6.589124543061425365e-02
-4.492667886284846257e-01
-1.151745751794912009e-01
-3.635838984147976571e-01
-1.691146924652405306e-02
1.964087870364692456e-01
-3.500992820629327262e-01
-5.502793948620545716e-01
-1.017654765222318763e-01
-5.505452008764880056e-02
-3.555783246028132449e-01
-1.068441481983020414e-01
1.072940988218232944e-01
2.075349606836783267e-01
2.802543281922983964e-02
-4.100058685220756005e-02
1.168504609194337407e-01
5.706774635358398129e-01
2.091140701835822180e-01
-3.538087492594133021e-01
-4.986350813178241220e-02
2.374656001638859038e-01
-4.000803100329199946e-01
3.025989186157644895e-01
-1.905740849613216936e-01
-1.051083122656567420e-01
-1.211740091038703837e-01
1.579657083855770527e-02
2.349272149191715675e-01
-1.258331401958917850e-01
-8.259586824294617990e-04
-4.461136784372909392e-01
-5.373574082100140981e-01
-4.087955681231509875e-01
-4.408592050525342310e-02
-7.632187947857461963e-02
6.997060940052532430e-02
3.495533875077859731e-01
2.402915570548918578e-01
-3.606453026788240535e-01
1.667524580639477838e-01
3.080901953638531809e-02
3.928849212556317361e-01
8.385239047320235117e-02
-4.772595708351601296e-02
1.316093719325444333e-01
-1.070022270032368744e-01
1.517570544879323913e-01
-7.564157338964276611e-02
1.871200264548398828e-01
1.850303200293947348e-01
4.234216327318868212e-02
4.459417033956677989e-01
1.296852609468009121e-01
-1.590409786277156567e-01
-2.991535382762166018e-01
-2.943275509574903581e-01
2.821774742662098712e-01
-5.930545925453301059e-02
-3.265513796028750582e-01
-2.627183351828965008e-01
1.563837516807133066e-01
-1.582759943595196117e-01
3.300320418070264439e-01
-2.690963010610276651e-01
-1.018296511555944472e-01
-3.077439133150882689e-01
-2.136593964011830049e-01
-7.274421166800817962e-02
-2.735656900870906405e-01
-1.252136150643649304e-01
-2.470206333236425467e-01
-3.817149148000006376e-01
-3.720006055152100255e-01
2.086943696001572479e-01
2.976054252058882299e-01
-2.820895588275363353e-01
1.164212230293241446e-01
2.993500422446389031e-01
2.837011501967589555e-01
1.132209182395839120e-01
-5.950183966165886046e-02
-3.231702880257857347e-01
1.378841178946081138e-02
-6.050656696303420568e-02
7.761944533042119954e-02
-3.500697240114283848e-01
8.493943626002786740e-02
2.614020820319610805e-01
1.312285942122041749e-01
4.034842928300886866e-01
8.600737376686026781e-02
-1.363164550780442963e-01
4.643487716983080160e-02
3.973193319035821236e-02
-6.224464823630387889e-01
-4.712417409108354271e-01
1.050601132641075519e-01
3.260249095881792569e-01
4.506553977841893377e-01
-3.142167850151704744e-01
4.989914442010502382e-01
-5.129312223319330011e-01
-9.956809132400507717e-03
-3.709583027403500766e-01
-4.237049215906278921e-01
-3.953559076479868928e-01
7.706821242564546037e-02
4.221819150180345370e-01
-2.746197268198064534e-01
4.239938639817948385e-01
2.022011096305445232e-01
2.275100652124904810e-01
5.557795137189917023e-01
4.679766013249992973e-01
-3.550011365464673108e-01
9.551204402343026201e-02
-1.174696408772080147e-01
-4.176588428086520643e-01
2.589894701215229578e-01
-4.371739605032119447e-01
-2.016675058927230868e-01
-6.173666135177564573e-01
1.543138580461282106e-01
3.912074246375919773e-02
-5.412569644392047907e-01
-2.009833709084522524e-01
2.406661953517950925e-01
-1.793938950689808187e-01
1.612890334320852825e-01
4.668249721520256745e-01
3.000540036355049400e-01
-7.970812754935816535e-01
1.020133207004331882e-01
5.613554935366034115e-01
8.271572593433970666e-02
3.511291242821913960e-01
-2.330566663181670439e-01
2.938960605686039562e-01
-7.155113103891206361e-01
