5.806821882399171297e-01
2.562517682091745019e-01
-1.377293594965261214e-01
1.061777842443134279e-01
2.255280268730380788e-02
4.551141420640352209e-01
-5.643198389850495600e-01
2.165012225985585848e-01
3.782253908156257838e-01
-2.863108111122112942e-01
1.831662443173424637e-01
2.390793951143159179e-01
3.633748452408752661e-01
-2.368992688894674264e-02
-1.098420423450870431e-01
5.956992555257630828e-01
-1.533328051406099846e-01
-1.035953030062037039e-01
-5.289429748152350008e-01
-4.773609869829703034e-01
-4.336604208312395681e-01
-1.997443251525212737e-01
7.127792632889018432e-02
-2.605049960960613142e-01
3.757369563803118762e-03
-2.568458299923458837e-02
9.528159333040792101e-02
-2.799988616142242148e-01
1.956949389645212811e-01
4.700965083893675622e-01
-2.864757663643780969e-02
-5.927547738510006159e-01
6.142719677051047822e-02
3.072589816128884488e-01
-3.194807297221996523e-02
3.863691854181151020e-01
3.587366225864183633e-01
-4.417419383225518748e-01
-8.123203584523661092e-02
-6.426033612553354590e-01
-1.584154523015467997e-01
2.397358746163600340e-01
-6.098888799347128575e-01
-2.432313475055203345e-01
3.109693827303932623e-01
5.733655179417735948e-01
4.108855055519836652e-01
-1.813067161445648390e-01
4.575201495463744328e-01
5.231852064856968854e-01
-2.096837170277932039e-01
-8.437037164080243290e-01
4.934547894035665877e-02
2.208116789571835659e-01
4.849886598534780546e-01
-5.879822214171268602e-01
-4.587808003474787011e-01
-4.248280604999304932e-02
3.835514766066435710e-01
5.175861591880916990e-01
4.566320670817377025e-01
-2.516793373952239676e-01
5.623893769243994978e-01
9.343428615625808120e-03
1.317124725154542875e-01
-1.502764350988899586e-02
-6.149309636144089097e-01
2.302847017556284015e-01
5.201225316005202437e-01
5.561372134987874194e-01
-1.076884615378036480e-01
1.619665427335117425e-01
-3.728443488060258493e-01
4.563944673675011665e-01
-1.504230637829784001e-01
7.541217465123045693e-01
-4.467071136274866072e-01
2.669130043347051062e-01
-4.426936433848799868e-01
8.926448721060192826e-02
-5.910768951339820942e-01
-3.515852718294631973e-04
-6.748101627930216395e-01
2.944050601862444605e-01
4.660724555962795224e-01
1.536000121954353426e-01
-5.939041469035535314e-01
-5.009741253004664774e-01
-4.745663279793764788e-01
-1.267397433079405777e-01
-4.498028745355733271e-01
4.689882111518204333e-01
4.033254267112719171e-01
7.293213356970099093e-02
1.785041575198620944e-01
2.140872128419425979e-01
-2.927265621064684131e-03
-1.770059548763044943e-01
4.684219894972405096e-03
1.931085885799752877e-01
2.336620355137043747e-02
9.494700978432962790e-02
5.413071766135435503e-01
1.404630949132790185e-02
4.346748707729449768e-01
9.235969461576226669e-01
2.919274411021217097e-01
-4.049418168542208152e-01
9.809468040094443397e-01
1.501618775327584754e-01
-1.949263688527204663e-01
-1.317533957890606663e-02
5.695905538423891024e-01
4.490397838550113652e-01
6.475648171626458005e-01
-2.873881955505178665e-01
-4.184597588961780357e-01
-5.899778791963885549e-01
-4.095098958670509992e-01
-4.410201697420509381e-01
5.500959256388683605e-02
-2.880223842614094698e-01
6.162991018706820423e-01
-2.692652711755001982e-01
6.725536462395066417e-01
4.734739542979655158e-01
4.882073981349138170e-01
-1.278298123206381698e-01
4.121005410518557843e-01
-4.460123872816256219e-01
-4.851431640840210280e-01
5.651668913596660238e-01
2.304628198867694766e-01
-6.195192848076266356e-01
-4.495272947075690251e-03
-3.120226248807177472e-01
5.115686643292416402e-01
4.878580168872499456e-01
-7.752647698093959039e-02
-1.151247262093192669e-02
4.289786537760824636e-01
-4.856819150981544486e-01
5.055891123418438937e-01
9.913997928639141366e-02
-2.701659309691499811e-01
6.022676554368231461e-01
-2.911485811622996356e-01
1.044856681394418230e-02
1.665286623140153355e-01
2.223831273857144741e-01
3.612886241458466985e-02
-6.990253648173389012e-01
3.219622206272968468e-01
9.096399798592676167e-03
6.562163016167811280e-01
-1.721364312871190017e-01
9.910960072636190166e-01
4.171427204897144581e-01
8.068265246004643343e-01
6.904709883644569723e-01
-3.074956645746932393e-01
6.813964335869087119e-01
4.905375586210362071e-01
-1.798787390927850671e-01
2.404630004396700049e-01
-4.763036589217634620e-01
2.758809383722068964e-01
6.951048957901428960e-01
7.916620144322992214e-01
3.578287408666039893e-01
-5.104582747605922455e-01
-2.383910121177580388e-01
-6.214637808136453945e-01
7.080676943790975564e-01
-6.943143740038568712e-01
-2.164098642958887653e-01
-2.074723430974171057e-01
9.237941375602959360e-01
2.904216971540028447e-01
4.948861846111474172e-01
7.642939785658764418e-01
3.606703733677188994e-01
-2.050896811927252483e-01
-4.911685880802898474e-01
-4.716866067570503751e-01
-5.109934534452074129e-01
4.975981192967799949e-01
-4.936305806966706511e-01
-7.447300199124808895e-01
2.810970918618272973e-01
3.170117451607697423e-01
-2.040091143559536746e-01
2.588471562317142816e-01
8.421733430816623345e-02
-3.872119026754085036e-01
-2.407660020638290876e-01
-2.765513369471015448e-01
-4.920190672240125629e-01
-8.726152733454531907e-01
-5.451996235424988457e-01
4.119846620529372672e-01
4.521996874660370522e-03
-4.978317131807974971e-01
-5.102265508511096836e-01
2.803195902868552136e-01
4.132653249975395404e-01
4.253630396322737317e-01
-2.047090315036868557e-01
4.712320382225788640e-01
-4.600061400663439382e-01
3.444934970633737881e-01
-5.605615603962601501e-01
2.539534687964406512e-01
5.829254265948249358e-01
3.958443502465284203e-01
5.481317403656567055e-01
6.837771638919541983e-01
-4.804523032423710927e-01
7.739760971419303859e-01
5.332422929422443447e-01
-1.304253484483122727e-01
-5.610696052326908934e-01
4.729722049476215995e-01
-7.120831946559454950e-01
-6.244400682913482381e-01
-2.957996823467008429e-01
-3.959238284555498533e-01
3.388175525875279370e-01
-1.191367229141723355e-01
5.018336300659895777e-01
2.792868179651239458e-01
2.287565566738096468e-01
5.960483232862816561e-01
6.256086763445248278e-02
6.966465306704378024e-02
-2.462138823045146307e-01
6.999841111472794308e-01
3.051455134274654868e-01
-7.709695339109087775e-02
3.798471685366133777e-01
8.072863749753673990e-02
-4.934078176575025232e-01
-4.428739426478411900e-01
2.526464601453756176e-01
-3.245112859745635236e-01
-3.632062129441620546e-01
8.621900647048058586e-01
-3.640427678097018505e-01
-2.946246413764247452e-02
-6.526249161654354980e-01
6.007065680858135748e-01
-3.843898431745890187e-01
3.532046255783493488e-02
8.454328681874717644e-01
4.227536063110163833e-01
-5.295312818005708522e-01
2.779007099654379753e-01
-3.822626996275215600e-02
2.040897956882428699e-01
-2.652281697125308257e-01
-4.191667912268204343e-01
-3.860566271393892773e-02
6.924506831723746814e-01
1.732300236302155017e-01
3.580572800823270119e-01
