3.186030734981961654e-01
5.745953722860394630e-03
-1.166465890198532668e-01
-1.169465409134576583e-01
6.691853337350264774e-02
2.250946300847237250e-02
-7.387887126499881330e-02
-9.016064135786487632e-02
-1.671691365382599881e-01
-3.533641023165262629e-02
-2.246757470147487529e-02
1.580980726759091126e-01
5.711227562030646993e-02
-2.873425153690318395e-02
-1.721654827159119772e-01
-2.483513141009385528e-01
-1.900149767674730872e-01
2.293682888698055367e-01
2.941676741648799887e-01
1.021421319300423042e-02
-2.483751906641448182e-01
-1.279271536533692355e-01
3.969075506674038523e-01
-2.014809567976759141e-01
3.965364259257327939e-01
3.913615952384454921e-01
1.215195802184667329e-01
2.716516243021646626e-01
-2.351059763740272479e-01
2.199518307724865618e-01
2.654932542749799951e-01
-2.535822961523597763e-01
1.885692053594269224e-01
-2.020547669670269900e-02
-1.040495358682742705e-01
1.154368113157027975e-01
1.789462045636143125e-02
8.628884106938308762e-02
-1.629983280395607137e-01
3.282484309696057784e-02
3.937600031902563913e-01
-1.151280924687704960e-01
-2.033912856444555772e-01
-1.144677282838881399e-01
-3.909526195217957051e-02
5.784085033699225276e-02
-5.450482405881613285e-02
1.123780624622756907e-01
1.228063552359203309e-01
-2.702671523992631331e-01
-2.852759443734117495e-01
-1.623792833496018329e-01
-1.652044205242038655e-01
2.306027813492676770e-01
6.869578411924893990e-02
2.338777484320952449e-01
7.468891322149330547e-02
-2.422507054654496686e-02
-2.384703392997444271e-01
4.333608008896530639e-01
1.562773275391295680e-01
-1.726655326233787480e-01
-2.093017171748261240e-01
-1.687676250692965452e-02
2.559513817603602526e-01
7.766278128386044921e-02
2.507730825288405629e-01
1.466297897864002608e-01
3.170227684424835601e-01
-1.350259964873383733e-01
2.314750270255956366e-01
-1.087359209296575313e-01
2.003247072839572235e-02
9.612883500914644330e-02
2.537104006823310068e-02
-2.174511462743025647e-01
1.025612351515133719e-01
-1.878296229832188136e-01
-3.334001973812514841e-01
-2.255432209950233510e-02
-1.446262610657085834e-01
-9.003581570188741445e-02
-2.808473543200754596e-01
-7.265564809431451776e-02
1.313067774602811877e-01
5.806715834103214069e-03
-2.120838956874206149e-01
-1.304006064704498202e-01
3.778274131014171255e-02
2.210291939371072933e-01
1.648250305682977257e-01
8.621314077415048738e-02
-1.884010778721411650e-01
-1.764653673206078854e-01
9.998504707594027541e-02
2.357993581619987900e-01
3.899174605071578648e-02
3.299485130558930113e-01
-4.082424397129301163e-01
-1.438760729976569508e-01
3.162574599240841611e-02
1.862585346474406323e-01
-4.012515576160442798e-02
6.821271412163627812e-02
1.771560499759742002e-01
-3.737335026429786794e-02
3.624073559913450204e-02
-9.469217711297517326e-02
-2.308859140046430891e-01
-1.804224935743312108e-01
-3.754731281240988872e-02
2.160655808252398280e-01
1.628946349517469971e-01
5.285456936524954852e-01
-1.117603466250980671e-01
2.391474244675213523e-01
2.881226359571356643e-01
4.541316746509424518e-02
1.123940087973795687e-01
1.744176777649456556e-01
-1.614199294137877438e-03
-6.799680011002566526e-02
2.682811642569158939e-01
1.251421541376607494e-01
-5.008393174089652289e-02
2.253353553157045608e-01
1.378829562782239171e-01
-2.620134852450945948e-02
-4.181104780958556644e-01
5.365691154082746772e-02
-6.602343697746168583e-02
2.527679752586026174e-01
3.878158501994874996e-01
-4.974635698219264102e-01
-3.722053399031390875e-01
-1.389463660348534968e-01
-1.200366452383379023e-01
-2.182706970064275387e-01
1.866682387130769172e-01
1.023168178575640519e-01
1.560809155451755581e-01
1.301512894176751201e-01
1.190095012715552819e-01
2.658815535274853814e-01
-4.006742603686931359e-01
-1.500489391931243421e-01
4.540085800159356089e-02
-1.590941591114305165e-01
3.126682212343172562e-01
1.800638621885342905e-01
3.028377344373774371e-01
3.922517590475682603e-01
1.758511632099891975e-02
-1.486537956974923469e-01
-5.711598567172070096e-02
-1.373283914821370744e-01
-1.337083630668350342e-01
-6.914766946741152109e-02
3.422483117881646164e-01
-8.003048335822821047e-02
-3.772236301374108647e-02
2.706864141001777413e-01
-3.615821829959933731e-02
-7.760067663113483227e-02
-1.090338630531088870e-02
-1.510523592391463943e-01
2.018126580377802709e-02
2.472343666328332135e-01
-1.014566018634465855e-01
-1.809123553574630283e-01
-1.455739960302749048e-01
1.669531036834122351e-01
2.294008974776130805e-01
3.324018315301799364e-01
-8.956779230002050174e-03
-2.360678669592899404e-01
1.944538179335984079e-02
-9.914921592424463803e-03
-1.049118559706851000e-01
4.217754435556942960e-01
1.958198046956041993e-01
-9.097462299128125651e-02
2.573595783247514812e-02
-1.351032033820944167e-01
-1.214881866961477347e-01
1.819260904954009828e-01
4.161289065069427862e-01
3.311333577135365802e-01
4.578585752785764851e-01
4.367895878966261414e-01
1.260704668872687784e-01
2.938992569732504917e-02
1.625084728633867659e-01
5.313543975859090773e-01
5.857706864359135679e-01
2.784413809681840490e-01
-7.135657115522713034e-02
3.882598583629982558e-01
-1.807971239681758491e-01
-1.845590739774783384e-01
9.634428137559319927e-02
-4.317395019608843976e-01
-1.584539228062493144e-01
-1.708356352106836853e-02
-1.075796366678583998e-01
1.716483497716412843e-01
-2.022493236665094118e-01
1.702956248231587422e-01
3.750369631717801466e-01
2.969608344043894732e-01
5.050193338012837901e-02
-2.244945183938601152e-01
3.749831610346523458e-01
-7.204701668422240635e-02
3.658174531963019893e-01
-1.251797547263963639e-01
4.443014974788653815e-01
1.011236363459000059e-01
3.776547267612905823e-01
2.731151464072361090e-01
-2.724435655763771114e-01
-4.919580083165964735e-01
-3.906036908107372030e-01
-3.434702284169222630e-01
4.281581321996769662e-01
-7.308981405823347655e-02
2.680265469891621732e-01
-3.316450248507436804e-02
-2.235268049935573154e-01
5.130900546429758430e-02
-1.840754810312580925e-02
-1.455384915824739500e-01
1.453759277051026866e-01
-5.208337303046430694e-02
-4.275997622111867291e-01
1.114316075394463923e-01
-3.237674750692262071e-01
1.198463320823312528e-01
3.080538610233351515e-01
-1.173378460261541301e-02
5.552654126919194522e-02
-3.179548130707572362e-01
8.980403533434234975e-02
1.771217168436078349e-01
2.129755959007355315e-02
-4.256589757444244337e-02
2.717265606858790816e-01
2.025874195429478580e-02
-1.451297790670549037e-01
6.905691136942293529e-02
-1.958300542712223535e-01
-2.830706548053655430e-02
-1.396802256945202658e-01
1.616025212203723582e-01
1.629041756969074883e-01
-1.522574855648172187e-01
4.626575670383679117e-01
1.387214584663643280e-01
1.897716535189983844e-01
-1.520134006045578134e-01
-1.159187294097228510e-01
2.211749004571759714e-01
1.707317571585480476e-01
3.152565547216394370e-01
2.114490645609067021e-01
