1.219294308291099388e-01
2.709637271124453184e-01
-4.932387707797231124e-01
3.916712930627274658e-01
-4.378917378268260552e-01
2.613990343095685676e-01
-5.175254014924184354e-01
7.348118203009983418e-01
-5.936715257003083446e-01
1.388759323011919122e-01
8.831844060911170358e-03
-1.037786781596171659e-01
1.016891365415893422e-01
-5.707813880395354866e-01
3.070835719653177698e-01
-7.955673853818745478e-02
5.358078899763579761e-01
-4.302778568260355596e-03
2.218673434039906134e-01
2.177387545247381484e-01
-4.504776536251291486e-01
-1.554939872691402936e-01
2.250862331852729326e-01
3.310983292793582833e-01
-5.810434817204718216e-01
3.896943460827462236e-02
-1.785108531694275247e-01
1.599405827823634219e-01
-3.453701547841362407e-01
3.946380899684875931e-01
1.195965337603957651e-01
-4.386026322156731383e-01
-6.333807025111563016e-01
-2.891520137640797850e-01
1.356675118831177640e-01
1.681056522814717014e-01
-3.264781343415015247e-01
2.007689136887758075e-01
-3.652575263729425370e-02
-6.381752023739218904e-01
-5.382692642074276002e-01
-2.331723298531744593e-01
3.329701160671438842e-04
-1.471504969280376662e-03
-6.018821044359651262e-02
-3.199681987449191078e-01
-3.219276551502781025e-01
5.584606290925129279e-01
9.379216236191099954e-02
-2.821369351302655537e-01
-3.125684644289407621e-01
6.824827181143042765e-01
5.003586288863699494e-01
-5.489042478428107774e-01
5.195500735249531932e-01
6.669019763683700086e-01
-8.820430576102332720e-01
1.559859898590821858e-01
-3.829547596533613985e-01
6.562897777923978326e-01
3.942691637286962481e-01
2.876993580772551073e-01
-1.401228925027998840e-01
-2.949977432124755716e-01
4.257755220020418285e-01
-2.049138108247118839e-01
-6.688787740885575595e-01
3.800383723473349518e-01
2.728507034630146544e-01
-1.027263658750229430e-01
2.842497877854677224e-01
4.906138599771559528e-01
-4.295855641720806584e-01
-4.090324260522513189e-01
1.973301744165797678e-01
6.337398978611963329e-03
6.374302814478598478e-01
-1.462693501262137333e-02
-1.152305678077487905e-01
6.306122064922564663e-04
5.267019079716568353e-01
6.215469812136947825e-01
-4.022039209974684892e-01
3.073062673426282254e-01
6.628972110310490384e-01
-4.006236969951438853e-01
-2.201296652945247401e-01
1.933136012014257110e-01
-1.189874143408652975e-02
-7.541504428822115580e-02
2.070972521942228417e-01
3.350409715758447815e-01
-1.008556103040618157e-01
9.907877479654464414e-02
9.631261490281739501e-02
6.375980985098729237e-01
5.079820945421267275e-01
-6.318223978625439052e-01
-1.635472974878194874e-01
1.075411512370828826e-02
3.097886296883051171e-02
-4.046982783592231042e-02
4.610874689657921688e-01
-3.740295806567973669e-01
-8.564215429346275776e-01
5.532683051143506558e-01
-3.164880046044352691e-01
2.646508755453583911e-02
-3.930751831540895136e-01
-7.927563130992196783e-01
1.689928432428510485e-01
7.685388331617780677e-01
-2.764257441488923162e-01
-7.087896154800563120e-02
4.842619505724337081e-01
-4.749479124495786797e-01
1.993285083307577699e-01
-5.777678924335507560e-01
2.246064192066675180e-01
-5.006913571961709719e-01
-2.948526478760237213e-01
-8.870299901512157525e-02
-5.733427784775714242e-01
4.519293715894551755e-01
-3.609382038453984309e-01
4.170569545170134673e-01
-4.844095763316828562e-01
-1.752893702431693734e-01
-3.331382124225013008e-01
-8.778308065520820103e-01
-4.558249479136313731e-01
6.079485560592265969e-01
2.967361242289279222e-01
2.772574242661157706e-02
5.284502389239589260e-01
1.058094727199827834e-01
-7.738935053191686730e-01
-3.853067912678136420e-01
4.842759520164687803e-01
-1.628048826194792298e-01
-6.281893710151922328e-01
-1.054216108388549705e-01
6.400773806376508501e-01
-7.769640692436257101e-01
-3.942630273107861627e-01
4.660620028684268057e-01
-1.986627120112090805e-01
2.336004175385218429e-01
3.448484693242933607e-01
6.708594575630933976e-01
-2.986288073438905788e-01
-3.509809198567681587e-01
3.904929802838651431e-01
-1.799337035721420841e-01
3.516428414833642768e-01
-1.263461479538448839e-01
2.142428675085002732e-01
-2.354187486240258420e-01
6.146932254391878139e-03
-4.011160649452291116e-01
-1.302076640468241564e-01
2.994088545460357742e-01
5.884904299414691481e-02
-1.311708302792247982e-01
-6.408596504775661284e-03
3.676502374025257813e-01
9.165100061825033617e-02
3.615924942612831483e-01
-1.020391574636712179e-01
-2.475488138547566330e-01
-4.205881657213315084e-01
-5.929878623654722958e-01
-3.227033627991868769e-01
-4.318494289109602730e-02
-5.316244055316914352e-01
3.615154253207898405e-01
-4.668113775109865027e-01
-2.969528468711725155e-01
3.770068338434769961e-01
1.543010769739533994e-01
-4.422138080267471461e-01
6.613925370243567414e-01
3.669163834292989979e-01
3.715108674472968331e-01
-1.513835738282526822e-01
4.642460994212006531e-01
-2.528250298448428968e-01
-5.207360368853556354e-01
5.617899451398868788e-03
-4.347598692182035318e-01
-4.400880806981319338e-02
-5.372809236602067440e-01
-6.185578388877556177e-01
5.579291181448808867e-02
-5.729240940779896096e-01
4.590133213535321222e-01
-6.647913937284497532e-01
-1.784209989796455564e-01
-3.096340628398027706e-01
-6.012360924008153251e-01
6.991991637988776986e-01
2.861534930688995892e-01
-5.272472001598595970e-01
7.120754987154112037e-01
3.081382359969005447e-01
-9.579203267726024706e-02
-3.343883866377544423e-01
2.415591096777623126e-01
-1.076119876880207993e-01
1.837042302528707205e-01
-3.363636457614515574e-01
3.157116029509996480e-01
-3.304409346796337577e-01
-1.981677339625196321e-01
2.407677702299147460e-01
-3.230281518394704371e-02
-3.228333482014801303e-01
2.506491580730027535e-01
-1.553418386466076835e-02
-3.942786630960872230e-01
-2.219824495587445490e-01
5.140686170075312589e-01
3.096964019617385322e-01
-3.813636161078252096e-01
-1.787803165707146369e-01
-4.710244622181756213e-01
2.610025844053864841e-01
-2.956052840543407778e-01
4.885599932989285743e-01
-7.023111929381840035e-01
-6.255295945460999096e-01
-4.652910114316696211e-01
-4.517835133484459642e-01
5.820155339647085091e-01
1.416287645522771588e-01
3.476946055807487723e-01
6.244223624571252351e-01
-7.314725323094730669e-01
4.631740227879951322e-01
-1.441094228126464649e-01
6.396662812297712053e-01
6.210005763543914314e-01
-5.440975655508726305e-01
3.528653212433135455e-01
-1.274613910848670373e-01
5.140419116850942771e-01
1.329048983831875308e-01
8.303428551377838307e-01
-2.215482393370163672e-01
7.119361680045303009e-01
-7.029579070637059779e-01
-3.786508025366477903e-01
-4.064693985991625902e-01
8.451354535646093957e-01
3.390113254168123924e-01
7.517363471013935872e-01
3.984366419048427366e-01
-7.356812222994887351e-01
-5.723519953985305442e-01
-4.705809833209351201e-01
5.948611589698438173e-01
6.749358328399579499e-01
-1.256562921001483923e-01
-2.773872921188882401e-01
-2.321452787200886658e-01
