8.562879732431984137e-02
-4.230839752528980924e-01
4.952505037240141350e-01
2.144193608566963560e-01
-1.654908892039550494e-01
6.152108095949278960e-02
3.231479337162969090e-01
2.564489412801793655e-01
4.171029611673574694e-02
-6.226874050111171066e-02
-1.129396271091473863e-01
-3.218804675685434796e-02
2.452987786012576499e-01
1.899151958063775292e-01
1.243817975874378090e-01
1.538561531886538380e-01
1.967569937777471217e-02
9.444409199813078026e-02
8.578288491593405451e-02
1.749100359854839637e-02
-3.810752909810208311e-01
-2.271976214768336444e-01
1.621731747101467502e-01
-2.549447055009920055e-02
-8.238004266341603099e-02
-1.706308863004136755e-01
9.390589135354702674e-03
-1.938398846812192933e-01
3.626308494501938040e-01
1.134857188142657930e-01
1.555056037590383522e-01
-2.487818353457977860e-01
2.778065193759923432e-02
-3.399470336747066612e-02
2.527892168261442474e-01
-7.984244028256888559e-02
-2.508264527099694496e-01
1.340654268603900801e-01
-3.197183639228264734e-02
-2.870307441043083996e-01
-3.837304807155372810e-01
-1.206618408162263151e-01
2.485564817576639274e-01
-9.637995659255037262e-02
2.735829057892710248e-01
8.968404683660660681e-02
4.573194156677785061e-01
1.814057297089325671e-01
-1.905612546177117839e-01
-5.780693171570452232e-02
-4.600393060501500875e-01
-4.162443920143354958e-01
-3.044502233669674762e-01
-2.751814143126811718e-01
1.320380087638353683e-01
3.199285961114155252e-02
-3.269883451326897617e-01
-1.577647580961268337e-01
4.083727812832169124e-01
3.805823182151916728e-01
4.393878258864033354e-02
-1.698028143425654723e-01
4.088732870407709163e-01
1.345991149578090740e-01
-2.121512725498632401e-01
4.088024391082208386e-01
8.206657536658802654e-02
-2.379970455820791531e-01
1.469166450976847615e-01
-2.215515863705322386e-01
1.464831234565631135e-01
3.299140118864479776e-01
-1.387996079290047258e-01
3.051674270196209626e-01
-4.305882238767798076e-01
-1.323435934115443080e-01
-4.278995915515116932e-01
4.141692591520863553e-01
-4.998191653079929464e-02
-4.899055622124846680e-03
-5.719186478894694448e-01
-1.022900607599418893e-01
1.717385125332729912e-01
1.051231528957397993e-01
2.277204192811339289e-01
1.149245885205573692e-01
3.957235732209779533e-01
-2.682352247443144933e-01
3.580599296580473934e-01
1.252426873441178923e-01
2.067439034281663146e-01
-4.371008326459405735e-01
-2.744741966829655766e-01
-5.010695443206838323e-02
1.985803313757789415e-02
1.321841967927790684e-01
-4.735538084459529617e-01
-8.598208023941106282e-02
-1.726153647784606504e-01
-3.077538084547535302e-01
-2.641241763899951356e-01
-6.961589973197641890e-02
3.984689110637587572e-01
2.275472098860356063e-01
3.860413634228282431e-01
4.362432482232864173e-01
5.142383777706356351e-01
1.710393270272914101e-01
4.983685588339264450e-01
5.418932079684776193e-01
-5.483200923572303237e-02
1.273999677915584605e-01
4.344943375744755865e-01
4.228714490963449979e-01
3.494896985767161346e-01
-1.794535958608887982e-01
-4.850846458138949324e-01
-5.797878716752871142e-01
-3.065338659021565326e-01
-4.099755890670399583e-01
5.242952737503256411e-02
-2.451365971348456463e-01
6.783876894433847893e-01
1.801906705851735735e-01
3.802028576166103790e-01
3.952561765409580152e-01
2.848696694555713504e-01
-1.369743497710737279e-01
4.825289257583144087e-01
-4.475541102169557361e-01
-4.982558921320733303e-01
7.641988653962802358e-01
6.342173861049484884e-01
-6.800804273329933425e-01
-5.434723040203629507e-01
-3.030825719800914753e-01
2.885851317229938262e-01
5.756541258506346903e-01
-5.631970986328027617e-01
-3.438079944158258794e-01
2.121146413973135081e-01
-5.282859920747451365e-01
-5.503485074852282333e-01
3.305934483710679106e-01
1.372418742303714301e-01
-2.291553589328434726e-01
3.428683281468402622e-01
2.940390195793414208e-01
2.528093567834336919e-01
6.211372554797401496e-02
2.466854120885143137e-02
-1.058690630035184072e-01
9.805968684152734094e-02
1.868368190141506680e-01
1.586778951890289446e-01
-2.407777131786002778e-01
3.554716420455115156e-01
1.838133662933800205e-01
1.323047095611105950e-01
1.707937532491524968e-01
1.498754787411974987e-01
-2.822963273910324422e-01
3.041063850816951297e-01
4.498718549845822645e-01
-1.506423052200663582e-01
-4.852298013947963229e-01
-3.882848779369124648e-02
6.209389002862767404e-01
-1.328083395091504415e-01
-3.963873464724704809e-01
1.068429556054329987e-01
2.837636132100971875e-01
-1.637753457123490297e-01
6.617145045629917177e-02
2.469527845078349493e-01
-1.101996881741250656e-01
4.108866474638821903e-02
-3.765272372742510809e-01
1.003678519061272090e-01
-2.521672812791360130e-01
7.957172733093093031e-02
-2.527250909607116625e-01
-1.743189851736150209e-01
3.182944587430719952e-01
-2.743856231017218761e-01
-3.123407590405294018e-02
-3.855535978351840032e-01
-5.515823616414298192e-01
-7.469472877523931631e-01
2.211677575449657318e-01
5.401213716527660802e-01
-1.552290657988601441e-01
-1.616815027037224739e-01
-6.491525849019588734e-02
-4.283605299678329148e-01
-3.451771753945123700e-01
-5.814751597922953597e-01
-2.455177674742789473e-01
-3.811918463025817938e-01
-5.504190677865001824e-01
8.087495631533495044e-02
-1.600720656618674909e-01
-5.753297694988880329e-01
-8.450572098433273283e-01
7.639561986624211487e-01
4.052659445943884164e-01
5.956616431550126878e-01
-2.397027576865478626e-01
6.776536807479356384e-01
-3.465418874805605287e-01
-6.222032535493411676e-02
-5.523057194984579699e-01
7.138894140494109752e-01
5.566103948855258832e-01
3.851638718832718911e-01
6.280863307685287389e-02
4.335149277112402416e-03
-1.624596446021762397e-01
-1.448449787747498052e-01
-9.835962675975735980e-02
8.501652382020337406e-02
-3.629862988426069831e-02
-1.118222970194030080e-01
2.151614692626178382e-01
-1.330197701967205937e-01
3.338040893174602508e-01
2.102768091700585040e-01
-1.231346562810128747e-01
2.846325801250353948e-01
1.655343337296391881e-01
-1.492586676385803113e-01
-4.886835465102229437e-02
6.676787828770170963e-01
-4.155868134927238611e-01
-6.214701495447452206e-01
-7.903851474192230553e-01
4.440127154336493964e-01
-4.207477834054240695e-01
4.761290314589285422e-01
1.246702587368307552e-01
-5.298311233073108584e-01
5.720969594912320155e-03
-2.799018034350388984e-01
-1.534347004926769342e-01
6.593684440624147935e-01
-1.165737045373906045e-01
1.492563925024192328e-01
-6.722436433055183347e-01
4.656187135875113348e-01
-2.201214040146422524e-01
6.371736916252412897e-01
-6.869566767668177087e-01
-2.289714181610310872e-01
-2.634698815823507262e-02
2.161923022503918056e-03
-4.559375093046505456e-02
7.844737481068704277e-01
-6.926390951981709065e-02
2.902165881616912135e-01
7.407813578183908287e-02
5.604459649702818735e-01
-7.365532239401918480e-01
5.957212829181597336e-01
4.219590094579283024e-01
7.725410305589310855e-01
