-1.208212048587272852e-01
-1.671640100574071919e-01
-1.992317578971537773e-01
1.461578633113818360e-01
1.683503186969367293e-01
3.865696639588479533e-01
-2.948722487592540520e-01
-3.839454852227806858e-02
-3.426571419643311689e-01
-2.515149740805602274e-01
1.813591003656911949e-01
-3.318307337098199694e-01
4.322330275029181434e-01
2.460977609982724634e-01
-1.045153460891908859e-01
-3.092292256969087494e-01
-1.497306874787227710e-02
-2.441246828799814028e-01
6.313387369629800891e-03
-1.174687747936693505e-01
3.956318337469146296e-01
2.081158696529434859e-01
-3.331023198581869321e-02
9.179372267520663486e-02
1.454152611914501514e-01
-2.970988074809050028e-01
2.957962717779079598e-01
2.645205202473888129e-01
9.340769135436922943e-02
3.686738700367979682e-01
6.482342879510551992e-01
-8.929378523585243532e-02
-3.768348033007181686e-01
-1.739202757296998691e-01
1.562348922948374741e-01
-3.022300673296992035e-01
2.087601665779190985e-01
8.024180813585835015e-02
1.723470151167558750e-01
-1.966507671649142808e-01
-4.453629226992364964e-01
-9.968187886503385164e-02
-3.975177292192442202e-01
1.022714120154941814e-02
4.574960998553040392e-02
-5.241335424321286879e-02
2.165553772705131330e-01
-2.944106373319770875e-01
-1.423429467902729839e-01
-3.905184551728420675e-03
5.020910283866714119e-01
-3.286277702090936725e-01
-4.637786018938592214e-01
2.014846402881496634e-01
-3.886155971173028273e-02
3.877018892641198589e-01
-1.184421862759637983e-01
-5.680443627896444164e-02
-3.783656843866553543e-01
-1.941516182524985826e-02
-1.006713638730837995e-01
-1.813308522253227750e-02
-1.095305184336815285e-01
9.239255798523224317e-02
-1.401894841612213172e-01
2.523741527231533888e-01
3.608303201291814255e-01
1.309404401857866378e-02
-4.772951521991080082e-01
-9.673553114521886431e-03
-1.773567607395987733e-01
3.847813393650999503e-01
-3.415936697720416970e-01
5.663570203760897454e-02
1.284849270961017087e-01
-1.899508350298486359e-01
1.675547117514222251e-01
3.539970570470438171e-01
1.696250088475829698e-01
-1.300837353568999322e-01
-2.425774965569756081e-01
2.049705159858970227e-01
-2.870769125614759665e-02
2.709008194743601772e-01
-2.419484325751576279e-02
-2.602081651240445090e-02
5.939552924463460393e-01
4.445453337838486396e-01
-3.548181905380722728e-03
3.674452585005401062e-01
7.779346074786058773e-02
3.173136976862732661e-01
1.308421605281745448e-01
-4.616219178576217441e-01
-2.984858200284117857e-01
-4.699454991189432329e-01
-4.090375411026097030e-01
-1.352223447283086057e-02
3.182870500937888814e-01
7.873127965409935924e-02
2.978999346295696515e-01
-9.481653102003986255e-01
-1.436703326930995894e-01
1.822987053824443870e-01
-2.462627020685657642e-01
-1.542470526770064188e-01
-4.706692377511130787e-01
3.258536905654196847e-03
-1.908382902441226742e-02
5.073375616487523221e-01
2.047193380570885846e-01
-1.320420048272175628e-01
-2.764539613296098652e-01
1.778917768550049849e-01
1.905549530545892767e-01
1.895577232604215290e-01
-2.699641980688786136e-01
-1.283581402771637181e-01
-5.273920042824161575e-02
-4.186888001271168447e-01
-1.744224545051085984e-02
3.600320137718868163e-01
4.728180484633325298e-01
1.228368197167896553e-01
-2.942014564268892740e-01
-4.909158430090389269e-02
-9.814898753857329017e-02
-4.595950535594763853e-01
-4.254700509819104443e-02
2.163271390498059388e-01
-2.003839330741102875e-02
-2.540680238282492787e-01
-1.825488802849487557e-01
2.226315668575269968e-01
-1.963176064423763911e-01
-8.941170516666932522e-02
-1.069857819779876373e-01
1.828439477346632258e-01
2.948652502366294059e-01
-4.664397012084385286e-01
1.646061775293394813e-01
7.905671373919079814e-01
1.791167783277365921e-01
-2.861495097776806662e-01
7.445641418902851361e-02
5.736606644233295527e-02
1.651706767328483261e-01
1.005174562974899266e-01
4.711971232632400364e-01
7.177452341622854171e-01
-3.263106178937342228e-01
-4.276871325919393008e-01
-2.460368331307630912e-02
2.802499138408328511e-02
1.305396920565855268e-01
4.650905986024786443e-02
5.482437466844720664e-01
-5.096755978577828250e-01
8.299592086516255351e-01
4.686924703143111604e-01
5.194692586041970150e-01
-4.641974920977375296e-01
-6.274049587281882445e-01
6.434444535810152077e-01
6.793588272172065290e-01
-4.986564498387593414e-01
-5.409551981072193705e-01
-9.075965640906105136e-01
1.880788044382619151e-01
-3.448577740819922521e-01
-4.247709318189129002e-01
8.289756563210171070e-01
-7.950664722999869483e-01
5.265701538261708947e-01
8.436060114365580009e-01
4.750148743375591787e-01
-3.402720908815199397e-01
-7.357971621334844503e-01
1.628372681329766647e-01
3.214791515765347829e-01
8.769086808899217989e-01
5.954993980499129202e-01
8.743030950730620865e-02
3.266081190162217207e-01
6.864491658880458314e-01
1.301884004534108463e-01
4.816370018364913297e-01
9.094371052747727280e-01
-4.270781291592559148e-01
-5.924249961139659293e-01
-4.776113441898526824e-01
4.634637974122051696e-01
6.508761249959609252e-01
6.719732054540163979e-01
3.457227928942279704e-01
-2.603061011462108887e-01
-6.257561410541583324e-01
9.273620950708192368e-01
5.953961788877648598e-01
6.488792490500564503e-01
-5.937880598495812734e-01
-3.695839774025883040e-01
1.191305429503362878e-01
7.151318391036359801e-01
1.563764315028460805e-01
-5.579327759154433242e-01
-5.129944523420389979e-01
6.841439143472541895e-01
-2.984760996707057634e-01
4.017312419686204228e-01
-8.428845362253679641e-01
5.081146654222361558e-01
9.164511867057376637e-01
8.173887197366710433e-01
-8.604734560252456088e-01
2.975112594343404249e-01
-4.146426224859351972e-01
7.909774325128373640e-01
3.133919620525264516e-01
-6.271500212888726500e-01
-7.094023628855880559e-02
2.376229427073414113e-01
2.114345366884852195e-01
9.209050345528365655e-01
5.529991131984292041e-01
-8.577790944107971383e-01
-8.822992410928055529e-01
-7.362470766031868896e-01
6.100673157880939224e-01
-2.085779518779910802e-01
1.251623439380206426e-01
1.316936542533158616e-01
-9.060556455223763017e-02
-1.566500507607542780e-01
-8.468277407458232320e-01
-5.296522672750443306e-01
-7.974777508122572467e-01
-2.399972409374943327e-01
8.430467908300303126e-01
-3.311763799000461694e-01
-8.317586231224771698e-01
1.232552576719483650e-01
-6.747281212760573021e-01
5.117178180487528261e-01
9.105826740567974920e-01
1.679970134228546408e-01
-4.805858799658732083e-01
-4.775154321505681310e-01
2.921586204525381536e-01
-4.239546399124873854e-01
3.041339569823920952e-01
7.856922519824032225e-01
2.451949551588727405e-01
7.541942284936888896e-01
1.209333418637607710e-01
-8.674356489673795689e-02
-5.099405898002451476e-02
-7.990921843485040421e-01
6.450369719210344854e-01
-5.019128094648801497e-01
-2.873822881454641265e-01
-4.585498480212443217e-01
-9.314170814805960985e-01
-2.404147772293971641e-01
1.940861458260492445e-01
