-1.832495381749892349e-01
-4.514266530173816072e-02
7.026774114612761579e-01
2.416084322855950872e-01
-7.142904630050117554e-02
8.956775114690345152e-01
4.425641680004648304e-01
7.580103198443546297e-01
-7.635001551242404094e-01
1.902454668311394648e-01
2.183219658669512120e-01
-1.790992432990369809e-01
-5.292684476283074924e-01
-5.071911310821635155e-01
-4.129466948522915737e-01
-9.761487265278044612e-02
1.990431198821127068e-01
-2.605342690713130516e-01
2.688977086808924666e-02
-5.920171798083120884e-02
-1.701763176114841625e-01
-2.627456109980921273e-01
7.926213257758800423e-02
-2.281599147715537013e-01
-4.364851274529396585e-01
1.669327618441907857e-01
2.315271290022214434e-01
2.570558680257574724e-01
5.039015710890492050e-01
1.086584322980419237e-01
3.772376037668244142e-01
2.598952656482633183e-01
-3.247957737375229414e-01
-7.553813969100509063e-02
5.000284423238970932e-01
-4.884016102610622134e-01
2.840464705593938044e-01
-2.512155433180100761e-02
1.058605691752610156e-01
-1.848652848119895775e-01
-3.232128234349020968e-01
-2.494573694419763010e-01
-2.750875242491081507e-01
1.130572206986685257e-01
-5.311789833296457486e-01
-2.947430552847185581e-01
-1.424553276281232961e-01
-6.252738669072079869e-01
-2.153431046767680657e-01
-1.304693824427318183e-01
-3.268107085018139291e-01
-3.988331515693296914e-01
1.775620389053543802e-01
8.192265371653353889e-02
7.003266563977855741e-02
-1.439553014132192721e-01
2.892728719812620586e-01
2.181199318030564438e-01
-7.420527797022499761e-02
2.694836991403515847e-01
2.019664804414458559e-01
-1.308562727897500111e-01
-1.111791689396527949e-01
2.369575490565228593e-01
1.245098088997818320e-01
-3.212758101663957810e-01
-3.047110397568762452e-01
1.700588608602583984e-01
9.125724637208035284e-02
-2.221634174497769676e-01
-8.609355432977587597e-02
4.999572803886541406e-02
-5.419940644013986758e-02
-8.382142275891038552e-02
-6.113702291943089173e-02
-2.939365058358512917e-01
-9.608023372430382625e-02
-1.564789508295616749e-01
4.412887164827700159e-01
-2.610212948075051331e-01
6.611592204504262993e-02
1.172662752852028784e-01
-1.764256331400769207e-01
-2.043523272365775356e-01
1.585549397622661727e-01
1.791385317819621514e-01
-3.472514356179362549e-02
-1.180113267929400189e-01
5.066394996532375128e-02
-1.012699239988213845e-01
-1.807724967490410006e-01
1.503474967323103484e-01
2.034077648335235189e-01
-1.096086771400289761e-02
4.831072941219798078e-02
3.285705143635174186e-01
2.269882105918066134e-02
-1.224074309622801698e-01
1.134895168995286446e-01
-2.475597357206923144e-01
2.805193922029152256e-02
-7.517811244797703574e-02
2.302085112651687526e-02
1.200724635061747314e-01
1.071693336987675077e-01
1.662634500792556924e-01
1.924397077375131770e-01
-1.020959311145020060e-01
2.416795071022830865e-01
-2.692634569394258826e-01
3.972518792631016815e-01
-1.925584831437726352e-01
3.559020954796270897e-01
-1.674861786506908756e-01
-2.320698018619297698e-01
-1.970314564526690765e-02
3.047781971392899969e-01
2.655704336007659316e-01
2.796061048531974791e-01
2.255941230830188493e-01
4.185469107446219139e-01
4.695195446920392979e-02
1.784840051628529267e-01
-5.364182954021363969e-02
3.033902288887809773e-01
3.071356980916601920e-01
6.193380112923112246e-02
-2.389047638570480359e-01
-2.436017295245483660e-01
-2.532177971269926608e-01
-7.249346517044542859e-02
-1.073523746223161712e-01
1.380703385502746183e-01
-1.981590390149525205e-01
-2.286398941240666560e-01
2.696404350137650563e-01
1.240226587769288347e-01
2.182427442992270483e-01
-1.225878077589159787e-01
2.081799677754911371e-01
-2.862646616882972075e-02
3.090004142513494423e-01
-4.633612886737460412e-01
2.211960813523609626e-01
1.768437335878256800e-01
-1.653029761361495542e-01
3.349817785075550614e-01
-4.078079433782959284e-03
4.307517898442231874e-01
-2.534674530365018663e-01
1.868827127286748491e-02
-5.738209360038599716e-01
3.568086821079578287e-03
-2.067069425610333910e-01
1.789232905586678746e-01
-7.575882287184185215e-02
-1.187642338488952842e-01
4.305024887799648869e-01
6.895229451406922339e-01
-1.202069027416398650e-01
5.844285571045301775e-02
-2.865139489062496492e-01
1.434192170198360927e-01
3.482686455634960709e-01
2.210202386859798085e-01
2.210543590459908281e-01
-3.740022641301153639e-02
1.529683547938625876e-01
-1.698025107599625272e-01
7.884188574655495371e-03
-2.755186407957240236e-01
4.717244864938391347e-01
-3.365853211368734499e-01
8.127357208278992995e-02
-3.546610888651513527e-01
1.502946894860322513e-01
3.248567075985788755e-01
-4.335135078220345162e-01
-2.253277969682766779e-01
3.059378874174708551e-01
3.872494391282221837e-02
3.163595890743081118e-01
-1.974891768069120257e-01
1.845683782428272635e-01
-4.673824893682319570e-01
-3.998076466556406694e-01
6.098332670200200534e-01
2.993701235935175009e-01
-1.523025897006615448e-01
-3.065175332869103653e-04
1.885042926872543267e-01
-3.366696952648390861e-01
5.063125190008932464e-02
-3.681915939452050368e-02
-1.459361546660981057e-02
2.197078932981107458e-01
4.500170625389689205e-03
1.649651620699088550e-01
-1.114764841438722343e-01
4.546390912547096375e-01
-2.026039066075771000e-01
-2.910969747835831511e-01
-1.445434338943168973e-02
4.113382118580936608e-01
4.860183481324511362e-02
2.551695882504169122e-01
-1.891703664403493468e-01
1.008738087829503804e-01
-9.047866981749849713e-03
6.466128493824525869e-02
-3.227661024659430056e-01
-4.455271284657670861e-01
1.266236363416338717e-01
2.776798023210828581e-01
-1.999796306253932565e-01
1.235409784457557336e-01
-1.199077512742650897e-01
-4.536119428313221957e-02
4.704489266588157137e-01
-2.932105395471040765e-01
2.871106909769761129e-01
1.958370216109538708e-01
6.319031840223776619e-02
4.657705284779414118e-02
-2.588175807015276053e-01
-5.693728778284874448e-01
-5.840442747317239336e-01
1.400673869316582665e-01
-1.659386420392726103e-01
5.522697246272035843e-01
-2.750166331712042278e-01
2.250990466561957615e-01
-9.315866312323385634e-02
-1.355581867416420228e-01
-2.445851585163054745e-02
-1.108558413995849035e-01
-3.697888700187701438e-01
2.763636700038960003e-01
3.611947209163641759e-01
2.268544611194506233e-02
-6.637049100319875050e-02
4.833301787326297894e-01
-1.862936867308827571e-01
1.295948005840615869e-01
5.033509519888262895e-01
-5.644217711748453770e-01
-1.264056905631226191e-01
3.942245946170014337e-01
-1.114214868619619464e-02
1.666647089345034694e-01
-6.374869283613027182e-03
-2.951306089395158150e-01
-5.686354117929307006e-02
1.018602012476613333e-01
-3.285190547229901448e-01
-1.938750561140247797e-01
1.482163482982066238e-01
-2.516228110299607162e-02
3.348865871731465660e-01
-1.553100607230914754e-01
5.378481618873403036e-01
3.046759642150533853e-01
-1.338071418460415850e-02
-3.492730292028931038e-01
1.144758239460622606e-01
