-6.728794144933664123e-01
-3.578472089732581685e-01
-2.523414553574657160e-02
5.071329273941459492e-01
3.130451392816209211e-01
4.540629819933465483e-01
-2.988911973978876091e-01
-1.596514835974782998e-01
-1.492191905950695785e-01
-3.921711360083222075e-01
1.381150757370570858e-01
-6.553139821346748439e-01
7.212897823448651824e-01
3.904329619594099077e-01
-1.636590952075359651e-01
-2.847680964736092890e-01
1.500782464307824360e-01
-3.888466267982021440e-01
-2.683913112769657494e-01
-3.089770294661650651e-01
8.112370304338857308e-01
5.853648805720277348e-01
2.702966767373395918e-01
-3.293993300905224131e-01
-4.361314356398211800e-02
-5.306513019464851322e-01
4.012561441142687979e-01
4.103596172781467377e-01
4.205792888131321128e-01
4.414709956478541919e-01
3.755835975098268387e-01
5.021103119816375804e-01
-9.145473724213182276e-01
2.512899170230600832e-02
3.854019512681398085e-01
-5.986294804560896576e-01
-2.569364437120630340e-02
-2.702621816077176442e-01
1.597083587008285566e-01
2.558443592318575266e-02
-6.680037675084509186e-01
-4.630475883441182994e-01
-2.966356345614796775e-01
4.048753311643216724e-01
4.594886147048218294e-01
-3.759087802033584946e-01
7.219696949844627287e-01
-4.464843930100205194e-01
-2.853782090292334983e-01
1.470714581791332798e-01
9.240711666990047979e-01
-5.790483457042011617e-01
-3.720638200348262425e-01
8.657118693909287011e-01
6.509317423141468550e-01
3.426376755449865863e-01
-6.732477244472807598e-01
-4.700224650534945980e-01
3.022387832368003124e-01
-5.244913085422114873e-01
-1.388265052086280482e-01
-2.843624949021505977e-01
-2.711674837979217156e-01
4.213418659852771059e-02
-3.209229804925879947e-01
6.834048899159703705e-01
4.051991902819764291e-01
3.039363502255670313e-01
-6.477679813564457545e-01
1.000000000000000000e+00
-2.082646703859546145e-01
4.497753829368785206e-01
-4.035047485857871097e-01
3.479490547534797029e-03
4.324489807733173374e-01
-2.337859435647176298e-01
5.916427086337973096e-01
2.195481374760377136e-01
-2.256494731266547871e-01
-9.826098070553063168e-02
-1.044854044615634303e-01
3.135725389501962113e-01
-2.229291803985321285e-01
4.131565062081477557e-01
-8.608733965007391020e-02
-5.622476662192517072e-01
3.483908945091580556e-01
6.873383876760109645e-01
-1.095400805349899809e-01
4.405733714506158694e-01
4.650060092190080180e-02
2.122537816805855904e-01
-1.214666769588453599e-01
-5.398669961476958434e-01
-2.594707219998779735e-01
-5.187976069579398608e-01
-2.217264212595529138e-01
-3.554941482166106281e-01
3.457894972566750713e-01
-1.491204043226985465e-01
4.176041731732527129e-03
-3.471244029528549602e-01
6.379380726029204585e-01
5.005290631011578562e-01
7.018254128346504972e-01
9.301805508392522182e-01
8.733875127477668254e-01
-5.554762988635664200e-01
-2.450612123389356856e-01
-1.461235749468257350e-01
-5.506244822574717368e-01
-9.952319480921081318e-01
2.237884021106331112e-01
1.136195349553392464e-01
-6.498320525221170652e-01
-1.000000000000000000e+00
-9.931112353722137964e-01
-5.715594224292570164e-02
-6.414590603198575547e-01
1.000000000000000000e+00
-2.268347829225667578e-01
5.764749499821368861e-01
7.659231466311527958e-01
-2.634872742611366614e-01
-9.381166379139609379e-01
-5.126786265303203693e-01
8.012467038342543368e-01
-1.000000000000000000e+00
4.044899540710467090e-02
8.667073481242772992e-01
-6.848055367466662768e-02
-4.155393488445241479e-01
-3.932290310673791089e-01
1.000000000000000000e+00
-1.446613678308933115e-01
-8.351180271441450975e-02
-3.325834971709963339e-01
8.943386645964278570e-01
-3.348973833715533921e-01
-2.731977070626709359e-01
4.841995291252289002e-01
7.522869230839459576e-01
2.394780257621881292e-01
-3.910867370758851491e-01
1.000000000000000000e+00
-1.618870198320970788e-01
-6.540994862055435899e-01
2.355515286730867630e-01
9.531934250234761485e-01
8.255673541937286197e-01
-9.683798669491018307e-01
5.503623433176750845e-01
-8.783611504865566078e-01
-3.507183876878584017e-01
-3.549662313690987725e-01
4.748024924731045204e-01
3.042773969551821889e-01
-5.781269738377163847e-01
9.473817146666778655e-01
5.700067400096456849e-01
1.000000000000000000e+00
-4.847783856413525605e-01
-5.595277928213495677e-01
6.191323985446217648e-01
8.527009966615418657e-01
-4.689557626108293853e-01
-8.309909388779475048e-01
-9.871136814809761129e-01
2.492041547002441515e-01
-5.263981642256522209e-01
-3.269386402665265812e-01
1.000000000000000000e+00
-8.573251339015564021e-01
2.821150887189041168e-01
8.763310118388386583e-01
1.774629414025902796e-01
-6.411458380797492307e-01
-1.000000000000000000e+00
1.417051473697363007e-01
3.956885010060077756e-01
1.000000000000000000e+00
7.384779751514909396e-01
7.637156992106111097e-01
3.637206276785686088e-01
8.492961674162877728e-01
1.438593470396786478e-01
6.480565583401173280e-01
9.922400671662031657e-01
-3.803537087095245073e-01
-5.493059871092189628e-01
-5.746921359303018839e-01
4.234273058628819641e-01
8.917264707185625916e-01
4.191935178360596814e-01
4.739964925668619378e-01
-6.600780877349423648e-01
-8.564893055843261216e-01
9.707019492729731525e-01
9.297798311385253589e-01
5.402084295039718542e-01
-5.571322911155377477e-01
1.754886641839791817e-01
-4.829014424453732107e-02
6.457761640808784565e-01
3.818781165040013859e-01
-2.795445916047041290e-01
-3.360011567907504881e-01
7.104947341205900546e-01
-3.118147710927648419e-01
3.446886452357634245e-01
-1.000000000000000000e+00
7.176109846841497442e-01
9.509223028152730128e-01
9.891053036377794871e-01
-9.286706549918000153e-01
3.518859365946589435e-01
-4.118519023641911136e-01
9.632162011070474206e-01
2.415843366265595926e-01
-6.207457892393287713e-01
-5.664873932542703328e-01
6.678847941843624181e-02
2.185717892366777493e-01
8.611967861154345982e-01
6.505584967289215204e-01
-6.173931208967685658e-01
-7.747769676684892470e-01
-2.024304226533022166e-01
9.324495728443639164e-01
5.039580752003633424e-02
1.513434495813077152e-01
3.659066173188301740e-01
-6.263070229636139019e-02
-5.237560130452083296e-02
-8.557214484645238040e-01
-6.157262118657069738e-01
-1.000000000000000000e+00
-7.284421292388816582e-02
8.016121534037754515e-01
-2.729683465798431463e-01
-1.000000000000000000e+00
1.904058927104280152e-01
-7.488754904278484004e-01
5.395840611362139327e-01
6.662178536689055131e-01
1.750875252300399254e-01
-7.423165038269642357e-01
-5.179407416792937147e-01
5.891692888677699802e-01
-4.284108011044746034e-01
6.712965622826299050e-01
1.000000000000000000e+00
2.041027448746858264e-01
6.447013913322967582e-01
-1.000000000000000000e+00
-6.611743695309682534e-02
-6.078115266550172813e-02
-8.424480983197846218e-01
7.085555534983055681e-01
-3.443511262566836817e-01
-3.542068498495890005e-01
-4.991852716459951322e-01
-8.442810453940515769e-01
-2.886817944208988629e-01
1.950837974791261864e-01
