5.744088018664224304e-03
-1.741406820791917276e-01
-2.977782918192369288e-01
-4.019224112032593332e-03
5.376395075472161222e-01
2.893115256181886252e-01
-3.518456466941455307e-01
-1.162040131228993245e-01
-1.481976829434672738e-01
-1.091423106702768542e-01
2.617183023045704937e-01
-4.447023534835767844e-01
4.912152191843373039e-01
-5.723360876288116628e-02
-1.236837602010569526e-01
-3.684662110765873355e-01
1.683237888839322904e-01
-4.106799793373668850e-01
-1.270299897545961176e-01
3.538191242908583778e-02
5.129823520054187513e-01
7.771523108118191803e-02
-2.186906685296860497e-02
1.865713360568743151e-01
6.228833279511061805e-02
-4.753729430974815151e-01
2.793207152936098003e-01
4.341310720299833559e-01
9.297709606874214605e-02
3.786709397975857039e-01
5.586452792362798236e-01
2.411791545722951624e-01
-8.660859451830518196e-01
-1.284281462692439882e-02
2.110132014172452219e-01
-4.899020193650374111e-01
1.306043188517767573e-01
1.377972025610024742e-01
3.084093825083238372e-01
-1.496565812513492855e-01
-2.072969113901375615e-01
-1.590301785252458688e-01
-4.158863607048693956e-01
2.742297825237325903e-01
1.112945873778723449e-01
-2.894510407378967920e-01
1.744751488882325119e-01
-4.209885664599246624e-01
-2.236037181505508842e-01
1.196348029644768718e-01
6.364584733105963510e-01
-5.105033579178517300e-01
-3.302554144550324255e-01
4.518151939034777409e-01
2.437369784076191537e-01
5.116730452202061796e-01
-3.995762550532007129e-01
1.115521781768236131e-02
-4.829819270421479849e-01
1.580508629131327780e-01
-9.626696449183677617e-02
8.040302860992619427e-02
-8.461957601061738388e-02
4.455964229333782278e-02
-2.331096783229948677e-01
1.723160749355584498e-01
2.079319801073992724e-01
-1.459541510912659157e-01
-4.451223875515433193e-01
-3.022209615903052177e-02
-1.567264492789537667e-01
2.312305268226630406e-01
-3.795708746912529463e-01
-2.344082479365593857e-02
9.605187856601703211e-02
-2.029939085030375012e-01
-6.361216520972412525e-02
3.083447898125312725e-01
1.646272640751956784e-01
-4.504851793433322649e-01
-2.206223853790758582e-01
2.497385082562812997e-01
-3.996282905468245827e-02
1.780818989427664922e-01
5.797438013587409220e-03
1.365886311896790384e-01
5.909079121475122598e-01
1.945363121154453645e-01
5.620080966703832476e-02
3.149565864829187989e-01
1.330636991330458874e-01
3.061727238921391203e-01
2.328213086190483727e-01
-4.560538699354104164e-01
7.520604483936607632e-02
-3.047450618803055344e-01
-1.261473887374893466e-01
2.765431378518381500e-01
-1.466837924383352365e-01
5.153297977081407188e-02
-6.328742466420175794e-02
-1.000000000000000000e+00
8.245836136248044235e-02
2.035622001810300508e-01
-6.680194146935349020e-02
-3.601370071693922870e-01
-3.768383344318164685e-01
-9.423639687621387928e-02
-1.762536039155572776e-01
-1.149923956677242065e-01
1.186363264162875603e-01
-2.694795249414518035e-02
-1.042363756898648797e-01
2.510147119639197788e-01
-2.355107765073062576e-02
1.895297228602602774e-02
-2.073905259256187406e-01
-1.621415313487303556e-01
-1.243273189056559869e-01
-1.536337649915944792e-01
-1.910977543449150495e-01
-9.452541713334264295e-02
1.237505704995637279e-01
2.652694903477687549e-01
3.769672880071170407e-02
-2.025105204759405919e-01
1.227580126794354520e-02
-4.224152417162979622e-01
7.517559500717525822e-02
-1.120511757542840409e-01
-2.212540812466380347e-01
-2.257112297338226825e-01
-2.783996815550000489e-02
-1.045813937947105005e-01
9.038160543088424870e-03
-7.275729356910801138e-02
-2.600929733613338568e-01
-3.636705819323679534e-01
8.530121855590561131e-01
-3.630561494577552728e-01
-1.309094217217482981e-01
1.000000000000000000e+00
-1.393409007234637231e-01
-6.243770865971381284e-02
-3.478637662782284590e-01
-3.468129760796347105e-02
6.330198395459857297e-01
-1.148314251443921519e-01
1.957703380211469890e-01
5.944695648573041780e-01
-1.662707478059809452e-01
-5.291898450823713240e-01
5.402686798195378559e-01
1.010070338748362134e-01
2.780478540322078307e-01
-2.044332162617327198e-01
4.291875476541379131e-01
-3.234826915385157209e-01
6.397902047679939752e-01
3.632032357343951690e-01
4.079137967549939514e-01
-3.533812542677726154e-01
-3.363856946103048196e-01
4.906431001867347930e-01
5.014941711930324120e-01
-3.971593075788168448e-01
-2.943527046666420954e-01
-4.969847870739001472e-01
1.174230755157098377e-01
-2.168463307377643534e-01
-3.404901776206027408e-01
7.773273477556849054e-01
-7.471429882182435422e-01
5.140623688395458135e-01
6.443712610122432904e-01
4.349428586498224059e-01
-5.690383439929910248e-01
-6.473475651674561737e-01
-1.458169315025635293e-01
3.068818900892640311e-01
7.172969828663114944e-01
5.848787155863459652e-01
5.120837449821099563e-01
7.704541297275009637e-02
1.423410551911221678e-01
7.450056532935790676e-02
2.511592177698130368e-01
1.000000000000000000e+00
-3.477205581287147740e-01
-5.762517644584772558e-01
-1.406676528164974016e-02
1.954151427792521212e-01
4.501155122601394609e-01
4.228285716134809746e-01
3.032631419969170627e-01
-1.667074953781843005e-01
-5.613768346821960131e-01
5.187738086357867040e-01
2.992214534791370895e-01
6.581749695812315615e-01
-2.645341208682082668e-01
-2.857893233334574123e-01
1.069270962544466297e-01
3.549007363734268394e-01
9.495935351463447027e-02
-3.842212978962864511e-01
-4.147017340631243831e-01
4.564891326467148125e-01
-6.019541287275946839e-01
1.724305122616235086e-01
-5.024618358983895527e-01
5.704165342102337499e-01
9.591173230607510369e-01
9.128605315774407369e-01
-1.000000000000000000e+00
4.800246919144010027e-01
-4.961676755116785631e-01
8.218110629083279495e-01
2.089052170190034419e-01
-4.013733996854719766e-01
1.657282226817392012e-01
4.676876949812530659e-01
2.152709646703201418e-01
9.880568814793786458e-01
6.287586647882281721e-01
-8.745336054982180141e-01
-9.667609758967750100e-01
-6.436435330059384619e-01
6.466008615977179019e-01
-3.598705569009919003e-01
6.790095745255202153e-02
-1.203729234279165006e-01
-5.679697883549805759e-02
2.873935684493809095e-01
-1.000000000000000000e+00
-4.897842173710240665e-01
-1.000000000000000000e+00
-4.188728756942161624e-01
5.932299152553570654e-01
-7.233679899242067002e-01
-9.105192807867821259e-01
6.518291505469453462e-02
-8.279316771073716996e-01
5.494242751428344285e-01
1.000000000000000000e+00
2.422378267911901584e-01
-5.401444284519643091e-01
-5.144064155961211027e-01
1.173622779265160454e-01
-4.283302532586925615e-01
3.313311422264531014e-01
8.686464628242769326e-01
1.909641476422006545e-01
8.121557495024027684e-01
2.263543005675834885e-01
-1.685704911985419219e-01
-6.328132006707054558e-02
-8.474820754082237340e-01
5.924294225613830900e-01
-5.156785720637382386e-01
-2.524198889179985472e-01
-4.995407211374107703e-01
-1.000000000000000000e+00
-6.342785957938959496e-02
1.994635224996210709e-01
