1.959512158759348921e-01
-6.121380338957917167e-02
-2.634662579894248569e-01
2.776392841169674219e-01
3.516290728597161463e-02
2.570016092266312335e-01
-4.972685873140016144e-02
-2.008475351594660452e-01
-1.479157738838498826e-01
-1.998966129738111719e-01
2.057701445017555697e-01
8.854070040763539762e-02
1.771197268750308584e-01
-1.583112599173273072e-01
1.298233151679926804e-02
-2.757067260546330334e-01
4.550760554422392939e-02
-4.113013042987705425e-01
2.335588778692902490e-01
-5.216902584616363026e-01
3.533695495999713554e-01
6.755089311027658028e-02
-9.367754887947991882e-02
1.880614979472937376e-02
1.069381158045576707e-01
-3.227853115587849819e-01
6.117911196655706485e-01
3.571907691396667417e-01
4.651590009762960470e-02
3.104149337848920998e-01
3.879811618678115082e-01
1.544325128791207147e-01
-5.628756518155640931e-01
-3.493720704445106850e-01
5.010578368552651707e-01
3.735158589631823456e-02
-1.700413185444474284e-02
1.596901272350084999e-01
3.444337923152978598e-01
-4.484277677409542751e-01
-2.988362375107636026e-01
-9.471697163859714441e-02
-2.015799703378668983e-01
9.409784816760431714e-02
1.668096680836708423e-01
-1.385725608884531834e-01
5.666945978182812427e-01
-3.886440113742635205e-01
-4.237401009622647763e-01
2.258952060517962213e-01
7.502719467836066469e-01
-2.781470305858940173e-01
-4.188857043732497343e-01
5.951108880047148997e-01
4.633824445464479469e-03
-8.838231007952779272e-03
-5.403904831984900348e-01
-3.868399636854179535e-01
2.527487614839205587e-01
-1.328856863444742298e-01
-2.109361762110589511e-01
-7.548262685710944997e-02
1.156216047805043168e-01
2.637146671955337141e-01
-2.422268002398455522e-01
5.805183041111322551e-01
5.432376380078430822e-01
2.267382410254315805e-01
-7.144455580537870665e-01
2.264519416789111464e-02
-3.160318708203360694e-01
5.335847848643715530e-01
-8.433530068353675135e-01
3.254109738830615051e-01
-1.452245061117001801e-01
-2.182779699768284121e-01
-7.096162792284055332e-02
9.216565298343420976e-02
-7.792102425360383222e-01
-3.179770182510440746e-01
-3.971582191816719343e-02
1.015603684075745139e-01
-2.771629372271094960e-02
6.747480800428715675e-01
-2.494860432058337851e-02
-1.588412897638025179e-01
3.359661584780222476e-01
8.889828784850238863e-01
-5.105888417820459921e-03
4.526710210799285705e-01
-5.694241424917254601e-01
2.140310620484946469e-01
1.652252733073582280e-02
-2.165769190653841214e-01
-5.760414909389856009e-01
7.702408543799221796e-02
-4.354562213598679454e-01
-2.489233892150573557e-01
7.272129693281809137e-02
-3.875377090795768809e-02
2.713434580245384087e-01
-6.914621914732236307e-01
-3.844894140822638917e-01
2.119388971447876968e-01
-4.121661112506573299e-01
-1.413819027429361330e-01
-3.077017493408107929e-01
2.567389750115817715e-01
1.306492028468666244e-01
7.329056063236674134e-01
4.770857127448960289e-02
-2.001530984224615672e-01
-3.637586187247201508e-01
8.826393106625912699e-02
4.932330109333024071e-01
4.456461594154033090e-01
-4.044997593199242125e-01
-6.228324119125432101e-02
1.144151311782529296e-01
-5.597651165783815719e-01
5.476783689606936623e-01
7.573064612398973106e-01
9.986893638159634046e-01
-1.535536674175177196e-01
-5.479642324755764626e-01
2.102713375587700606e-01
-7.292920481358716733e-01
-3.568970665921712415e-01
-2.107321428778363981e-01
5.334397646849284857e-01
1.659559907915145460e-01
-5.674974912539096916e-01
-3.326109872737813000e-01
7.168459613051354484e-01
9.714511843969889093e-03
7.737643975985986078e-02
-1.611254938600605591e-01
6.583130860853863009e-01
-1.974076894668046755e-01
-6.335345451313985077e-01
4.889478202085633107e-01
9.712096132756469213e-01
2.964555840981909496e-01
-4.567398047972265895e-01
8.172760379229323524e-01
1.224388623101216496e-02
-5.230643378433091906e-01
7.596803979864830136e-02
7.018827678661684333e-01
7.672626484952592696e-01
-7.730339792452802783e-01
4.565883380190678409e-01
-7.219236950860208335e-01
-2.614737450441702027e-01
-2.534243700187611137e-01
3.441915576272397415e-01
5.092399409502894603e-01
-3.555372097627292338e-01
9.128524711009322612e-01
2.630726802141819531e-01
4.258002143242414217e-01
-1.661102303539521707e-01
-4.623550641512993442e-01
5.609353492112005846e-01
5.421245188613124100e-01
-3.110853682191515035e-01
-1.173678385285495951e-01
-8.878443157759212667e-01
1.059226505823045450e-01
-4.189070245847412721e-01
-4.739683668863910460e-01
8.229343515548792620e-01
-1.679852787978251549e-01
4.371942094670228651e-01
1.000000000000000000e+00
3.673396349642895076e-01
8.259903144458252688e-02
-7.629552301697268835e-01
1.366465573931789079e-01
4.434519466674732291e-01
1.000000000000000000e+00
8.618261208014148522e-01
2.414119740465783259e-01
3.896491913451629596e-01
1.000000000000000000e+00
3.279203033101308895e-01
6.088530242069778442e-01
9.938617012912858151e-01
-3.862825840304343616e-01
-1.634008798770594795e-01
-7.024129339356010027e-01
4.944361030883477337e-01
8.992528578876064493e-01
6.725002150214787200e-01
1.797542929227908814e-01
-2.963431131204783409e-01
-8.817026994442109800e-01
1.000000000000000000e+00
1.140096786352933766e-01
6.167667583244218488e-01
-3.112889625359883672e-01
-1.851088559603108197e-01
1.784629996079473147e-01
5.278891577075873753e-01
2.965795336948068850e-01
-2.782081225953072501e-01
-4.522805507841395345e-01
7.167596738370836107e-01
-9.727141024516622325e-02
3.607583888192164578e-01
-8.447340755397558798e-01
7.940916205844930076e-01
9.530109442865988267e-01
7.269327112020133042e-01
-8.303244954024520119e-01
2.715145404385033157e-01
-5.318687590796560283e-01
8.218110629083279495e-01
5.211938904673230066e-01
-6.290222804221934361e-01
-2.916485045399141995e-01
3.453887366954507820e-01
-3.402737391857449389e-02
8.349851888123940302e-01
9.042883170954960637e-01
-8.745336054982180141e-01
-9.667609758967750100e-01
-4.388387039618075747e-01
4.836476011493573424e-01
-3.598705569009919003e-01
7.452922182976129406e-02
1.433453338248407705e-01
1.264573938177070422e-01
-6.366237155346854415e-02
-1.000000000000000000e+00
-4.066392742189348652e-01
-7.264060181174692987e-01
-8.606686152903653131e-02
8.814181479606995051e-01
-4.514145408772408663e-01
-9.105192807867821259e-01
-2.453709986197988857e-01
-8.971461001911026356e-01
1.804090807258692530e-01
1.000000000000000000e+00
1.810600860047555383e-01
-5.401444284519643091e-01
-4.832340383028141950e-01
2.730074553089090195e-01
-6.380369993573504761e-01
4.671524984806688652e-01
9.203536557756292202e-02
2.061097002685823298e-01
7.423706749666463267e-01
-1.170933506291456649e-01
1.335179041015602253e-02
-6.328132006707054558e-02
-8.474820754082237340e-01
8.525127188843342196e-01
-4.278499078317508086e-01
-2.797865462702207040e-01
-4.995407211374107703e-01
-9.702450607203307875e-01
-2.263525317984670104e-01
1.994635224996210709e-01
