-2.618874402816697700e-01
1.229003823568768916e-01
-6.829454167730393543e-02
-3.683043957125761159e-01
-2.721830153501273442e-01
3.644085156050339003e-02
-2.521777929246192818e-01
-2.226344686008134288e-01
1.132848659328340585e-01
-6.001281295370899938e-02
5.026299927323943373e-02
-9.421471764069107302e-02
-3.517744683107474346e-01
6.971872068920823007e-02
-2.645596444150432602e-01
-1.088961077198934979e-01
-2.130493349651443880e-01
2.372614416299707318e-01
6.645992524960565584e-01
-3.289883646596645228e-01
3.390443408366580064e-02
1.698586226260948573e-01
-1.622345297940121500e-01
2.856471686599255655e-01
-4.021426033699365687e-02
5.030287084152926802e-01
5.791917740367124035e-01
-2.270454348273202860e-01
7.720519489567782834e-02
2.608818456677421960e-01
-6.417161307741561238e-01
7.119171727740396527e-01
-4.127944587906140494e-01
-5.418799604390730495e-01
3.074912633081486879e-01
9.742453335689325034e-01
7.633369313293599800e-01
1.816925164649459690e-01
-4.696091195848986488e-01
-6.680489934593282497e-02
-1.472103871507521589e-01
3.615463075556725192e-01
-4.209981917366231174e-01
2.487839904728935680e-01
6.486285728053297062e-01
-4.763126101492672348e-01
3.100196375740707500e-01
-5.759716756702550899e-01
1.794928839614798877e-01
-3.832517304553505477e-01
3.838829023020628450e-01
-2.489986486729384163e-02
3.181632098863897418e-01
-4.277354369367998288e-01
-3.734266531202218853e-01
-2.678652773311379631e-01
8.311959304659712888e-01
5.907865878101785651e-01
-5.309580976145811260e-01
-8.013583573250050718e-02
7.805325970829957161e-02
-6.494210829178850286e-01
2.917630983199268058e-01
5.598889855738466148e-02
5.177622795379707155e-01
6.397576070106607560e-01
2.632363493309859415e-01
-5.845916699215770312e-02
-3.407437763000581432e-01
5.236593795461227940e-02
-3.380664693615785810e-01
4.661406223703641327e-01
-5.250029897048140715e-01
-1.180620154790183868e-01
-6.988944669521552910e-01
-8.466928599350477536e-02
-1.174047701382958664e-01
1.568484396636739553e-01
-5.737781337215099864e-01
-7.569718983610149166e-02
2.737506067774225227e-01
3.103706989692793239e-01
-4.572883251306815167e-01
3.354268664179422821e-01
2.993090250964391408e-01
-4.036237940268535551e-01
-8.537706638521920244e-01
1.724317644136265093e-01
-7.811840785364827511e-01
1.000000000000000000e+00
2.615859168567776782e-01
-3.144504800522209820e-01
-6.887779217997910264e-01
2.727881219897578258e-01
2.597276837559000517e-01
6.994125694408254157e-01
5.353653216279853355e-01
5.780187067848965299e-01
-3.019603946764868319e-01
-5.100434653334132706e-01
-3.338597799347629014e-01
-1.290653789835547460e-01
-4.463452137344846582e-01
9.850757395052039955e-02
-6.335179738462830557e-01
1.236267104593423080e-02
5.989300729320614636e-01
1.082546656336359769e-01
-6.514400400552688986e-02
-4.938134833170553240e-01
5.253578172061743601e-01
6.066916010774388024e-01
-3.534443888391739508e-01
-4.562789986647304841e-01
4.943162553806294546e-01
1.180472053236252816e-01
-2.834707878168012396e-01
2.436955277132766828e-01
4.545174219190856180e-02
2.992809682969783114e-01
4.619837582866877512e-01
1.365568291580399884e-01
4.628720015064692883e-01
6.191881147170947841e-01
-2.449978966839768402e-01
5.568105667043041773e-01
-5.773444493201662642e-01
4.571013482989871868e-01
3.641442055633246078e-01
1.000000000000000000e+00
-6.126608124093376739e-01
-1.023640952890385175e-01
-5.500124541737152484e-01
2.909650817736131323e-01
-4.214853879000378112e-01
-3.258928852078335492e-01
5.071860450067525727e-01
3.677218411831159051e-01
-6.846398263850874688e-01
-2.229590446386933711e-01
1.213477168224792735e-02
7.801544283644785693e-01
-4.849510478353269982e-01
7.029094734942196165e-01
6.370772224377997395e-01
-6.223757532986302632e-01
-4.197678560164531114e-01
-5.155945012078571033e-01
-8.050271734209966945e-02
1.285989638811284586e-01
-5.015205190274887315e-01
-4.991682651632521894e-01
2.047162768616889172e-01
4.948001420175518472e-02
6.622723246237619543e-01
8.386197828235071317e-01
-1.204040626544322923e-01
2.442319417057900455e-01
4.013399250805630564e-02
3.424113111496442374e-01
6.213879667752872926e-01
2.810627410520596253e-02
-6.422002795294284860e-02
-2.081125327823858673e-01
-6.922852839165247185e-02
8.198788022656325336e-02
-3.382383463884450769e-01
-1.707318453291349902e-01
1.198160306651847584e-01
-2.660598703172526447e-01
-2.957842064396521975e-01
-9.314498974127097264e-02
7.127831406850329010e-01
-1.229518481619264331e-01
3.417325906618100539e-01
3.631443188494683505e-01
-1.865228418183402515e-02
4.935182116097535099e-01
4.174855044836501272e-01
5.528822160699954358e-01
-3.708161176137215326e-02
-2.384252661266855200e-01
1.052042787195527629e-01
2.870222216421847161e-01
-7.938659613488149858e-03
-1.041772022988261825e-01
-5.293555556625327840e-01
-3.738912862052302111e-01
-6.896984519353851484e-01
-1.143802085682701919e-02
-2.150825558655342362e-01
-6.708602365558139491e-01
-3.062549279390944790e-01
-2.984492764100601936e-01
5.191385501617720166e-01
-2.629079744094550142e-01
2.322034491484196439e-01
-3.817892158345653070e-02
7.902904391700973918e-02
3.656053400480993032e-01
-6.795955306891627856e-01
-3.114702940903039119e-01
-7.426500487923166638e-01
-1.269139306324378880e-01
5.796919279758629834e-02
3.080468368643342614e-01
-5.026913318286724275e-01
-4.313205554194653457e-01
-2.946266671243861213e-01
-2.729753421002114044e-01
-5.830275927056826069e-01
-2.016528681688221636e-01
-4.318075286788176093e-01
-8.781526733593116030e-02
-6.255225748307232658e-01
-2.000536034650505224e-01
-8.933854785842204604e-01
7.021584323124060445e-01
-8.078060450196533626e-01
1.000000000000000000e+00
2.885959537707579181e-01
-3.166734321506093908e-01
4.897512210298267110e-01
3.372366814343248920e-01
-3.226907878485917314e-01
-4.709991619355350378e-01
-6.588270054908004214e-01
3.098473037853954892e-01
-3.299146665739497997e-01
-9.749028256843558782e-02
-1.254666383888408676e-02
-2.857663810915609393e-01
-6.516446392063802717e-01
3.665738170890343595e-01
-1.684616974940093825e-01
-7.333319161560907240e-01
-1.434254094133036173e-01
4.254586455097295605e-01
-6.755794767905494436e-02
-5.413316067329316805e-01
2.291124100449091483e-01
2.458541448070683255e-01
4.117137371969287751e-01
4.332420886712547992e-01
1.838364960112608137e-02
-6.967086395767778662e-01
-3.545979810266794985e-01
-1.398267310343133396e-01
4.413275829054676136e-02
-2.282660746984898348e-01
3.374825883681837335e-01
-4.468819530827202180e-01
-2.068989852673941421e-01
6.608237845039091063e-01
-1.447045406725835648e-01
6.242042384414856482e-01
-5.997928184266775320e-01
-5.462260331869028818e-02
-3.774620211734758812e-01
-4.682787333449908718e-01
-4.653270460116364360e-01
6.445157552062890094e-01
-2.832507759866254582e-01
-5.834378058280179635e-01
2.220789648991159937e-01
