3.751666007942954795e-01
-4.312193104443391434e-01
-7.062207405025519025e-01
-9.580067076858883590e-02
1.410366005383423271e-01
4.489195768253601004e-02
-1.569579226870381761e-01
-6.138823147647253647e-02
3.371279527976990265e-01
3.358265763054556208e-02
2.509207950620502281e-01
1.250590414911191550e-01
3.948164891518142205e-01
5.633133310101885449e-01
-1.652403971478241113e-02
-1.134771609611356924e-02
-2.487850118312748549e-01
5.965319153497921079e-01
-1.868401017936020814e-01
5.820986688388261887e-02
4.036688311306660393e-01
-6.526495991258085549e-02
-3.169359580886733641e-01
3.324440611568607040e-01
5.786284597118004358e-01
4.440282348198178186e-02
3.845749515783181693e-01
-1.601867657617439267e-01
-1.322537622489143236e-02
1.385822804417164156e-01
5.261203268500613817e-01
-2.148389448584066275e-01
-4.962757372491269914e-01
3.285873470282293929e-01
1.178474048047339490e-01
1.645116203450549819e-01
4.995237186053056444e-01
-1.183934006171146469e-01
2.044504338856398817e-01
-3.013552230983056468e-01
-1.631899780547501344e-01
1.487109814711725930e-01
-6.903939628695784925e-02
-4.836039957538614265e-01
1.815516689821339846e-01
6.587285655046605237e-01
-6.579570088520354798e-02
6.819463881735293720e-03
-6.302824685967237661e-01
3.306633636579947577e-01
4.022677076976894361e-01
-6.006091347788788948e-01
1.721564179568722541e-01
-3.214714185681047942e-01
-3.584517166325481008e-01
-4.006880586965719804e-01
-5.326765343419970211e-02
-1.934564693043993311e-01
-2.875317064584528848e-01
-5.986642697946663594e-01
-1.748294328606296022e-01
5.357364605470358310e-01
4.996550609158939560e-01
5.820125123645387699e-01
2.417550835824416322e-01
-2.621567558190441849e-01
2.843191945579872093e-01
-6.315241918275857347e-02
-4.863900779485668679e-01
6.531890977990965907e-02
5.142207702343380704e-02
9.076560330819510858e-02
-6.470325623109830504e-01
5.144247486829243154e-01
5.258354809041757560e-01
1.399601093025186760e-01
1.775365584048743672e-01
-3.974983191726229603e-01
5.992964401418597944e-03
1.651744249645703544e-01
-1.905057873375427258e-01
-5.217412505802331291e-01
-2.220843322875318826e-01
1.383710274835178999e-01
2.917373202014936773e-01
5.595430896871986803e-01
5.153691650100363786e-01
2.048880361500829417e-01
5.160212574271170194e-01
-8.018956664667259426e-03
2.296680430066067036e-01
2.471183725888353444e-01
-3.051745030764678179e-01
7.609023718465081354e-02
-1.704256585684258973e-01
3.630458474959052245e-02
1.647950916631741036e-01
2.902871545783953788e-01
-1.014106325645019145e-02
-1.659332805691102197e-01
6.821538815518908283e-01
-1.613364150121386620e-01
-3.164715076234357882e-01
-3.338916294488145642e-01
-4.581808660399501187e-01
-2.559039309565912523e-01
-4.216972600081365652e-01
-5.463541097912498756e-01
8.616769045601387067e-02
-3.408384727201523717e-02
3.057906324788619012e-01
1.218216048190896711e-01
1.446277938033855848e-01
-4.393575930826386644e-01
2.888328756026399269e-01
6.507848341407409531e-01
2.200767811155513731e-01
1.559181010053189154e-01
-4.491822918102730822e-01
3.284864434704832803e-01
3.398474750164332536e-01
3.798557078525844344e-01
1.208465063546000466e-02
-4.372173145771993674e-01
1.599618793073670150e-02
-1.849694794161974853e-01
-4.306291107926928374e-01
1.264071355201728808e-01
-6.563090121763291984e-01
-3.157460093369824916e-01
-5.861135355871249786e-01
2.255602549248525088e-02
-4.988245877346937363e-01
-2.051890055515273315e-01
-4.249190487264171701e-01
3.341452226306201312e-01
-1.028134777805039674e-01
-1.445215696496323088e-01
5.764023055474259971e-01
4.739155653762279208e-01
-6.847384375371800246e-03
1.662447815798979434e-01
-3.323109731386960641e-01
6.068411927235003445e-01
-4.701365373023099203e-01
-2.181003838934142125e-01
3.358696588675775252e-01
1.249563188391629304e-01
-4.329864835020902913e-01
-4.601194925950704562e-01
1.392428301387698131e-01
8.663423571604886297e-02
1.466137930840975545e-01
-5.018912376614063087e-01
4.994648900078152431e-01
-4.232315369724649612e-01
-5.119371891489096216e-01
-3.792347735981397294e-01
2.231936578303597707e-01
5.562955296558903528e-01
-1.808024900010520367e-02
-5.010279624051848790e-01
-1.598274776861857149e-01
2.059124615079988702e-02
-4.106167374215874410e-01
-5.448048626421758689e-01
5.693035756331090713e-01
4.685014163877423421e-01
-1.915683845662241591e-01
-2.488278368675492236e-01
3.112007427259080861e-01
3.366693840885616740e-01
5.656193776524540695e-01
-1.215726649867636400e-01
5.766687630523532615e-01
-5.412501751413089091e-01
-5.889422193970084152e-01
7.135064389300649346e-01
-6.323977357590533366e-01
6.556494112280571995e-01
3.286571072539219429e-01
-4.365429351410032299e-01
-7.821537551230984819e-01
5.961713063332840096e-02
-4.920145778755558724e-02
4.628217832912824570e-02
2.018708026275199963e-01
-7.248181980141847891e-01
5.018410296771326495e-02
-2.184576120480042072e-01
-6.299954052203002863e-01
7.765355402246102434e-01
5.339560760240723569e-01
-5.529486464149570013e-01
-2.750393423780106428e-01
1.804045433805928911e-01
-4.395471799044639583e-01
8.277851176961714685e-01
7.136909185616687745e-01
-1.915835530739207759e-01
-4.363419351705849492e-01
7.386018181793239101e-01
-5.733935809749314272e-01
-6.470344117853802368e-01
3.157289391708902881e-01
2.662555542901069369e-02
7.110376693244083723e-01
-5.148162455456068987e-01
-3.863747136247639991e-01
-5.407317002136684536e-01
-6.788723188847219925e-01
4.172513090383550005e-01
-6.072200975942223522e-01
6.354291904070169528e-01
5.084231956907647731e-02
-4.713154749381150976e-01
7.128380851562510223e-02
-2.974031359956185727e-01
-1.539580935806041662e-01
-4.630126979849470414e-01
7.962424011827751169e-02
-2.750664987591283986e-02
6.397667244973342937e-01
5.315128151770543985e-01
-7.084111966115693715e-01
-2.412364318654355855e-02
-7.326414026239542743e-01
-7.825251073882028008e-02
-1.490642292491317633e-01
6.134614187829499077e-01
1.241353605090675938e-01
-4.265668062788333659e-01
-7.594325151740555224e-01
-2.469466279606111203e-01
9.420711375966604739e-02
7.174142644258516555e-01
-5.439754303102697364e-01
7.942475535709220269e-01
6.606853894525908932e-02
-2.117491654777250987e-01
-5.478633045771127419e-01
-8.269135927123760776e-01
1.000000000000000000e+00
4.469731389577535352e-01
-3.416102587612220853e-01
-8.004989749999605331e-02
6.014061027082979738e-01
5.415949775403204880e-01
-1.955862976983951673e-01
-2.309883538775911460e-01
2.815394223777220040e-01
2.162953382431998528e-01
-1.763596449076522583e-03
-3.056106212402594502e-01
-3.761286092878907139e-01
-6.691782107417326708e-01
-5.213013356040598900e-01
-6.274338273408089361e-02
-4.088816468558708617e-01
-5.518939627918663104e-01
-3.138036289314223848e-01
-7.996062694374798940e-02
6.777449567031321731e-01
3.738716990767722015e-01
-4.362163790388883244e-01
