-2.618874402816697700e-01
1.229003823568768916e-01
-1.229534676798153814e-01
-3.683043957125761159e-01
-2.721830153501273442e-01
3.644085156050339003e-02
-2.521777929246192818e-01
-2.226344686008134288e-01
1.132848659328340585e-01
-5.010308928323319033e-03
5.026299927323943373e-02
-9.421471764069107302e-02
-3.517744683107474346e-01
6.971872068920823007e-02
1.261002293385098949e-01
-1.892553080486871486e-01
-2.130493349651443880e-01
2.372614416299707318e-01
6.645992524960565584e-01
-3.289883646596645228e-01
3.390443408366580064e-02
1.698586226260948573e-01
1.732418573449634458e-04
2.856471686599255655e-01
-4.021426033699365687e-02
5.030287084152926802e-01
5.791917740367124035e-01
-2.270454348273202860e-01
-7.304991428393525776e-03
3.077292157245362092e-01
-6.417161307741561238e-01
7.119171727740396527e-01
-4.127944587906140494e-01
-5.418799604390730495e-01
3.074912633081486879e-01
9.742453335689325034e-01
7.633369313293599800e-01
1.816925164649459690e-01
-4.696091195848986488e-01
-2.385545608454646138e-01
1.671712132821981112e-01
3.615463075556725192e-01
-5.006628028690369714e-01
2.487839904728935680e-01
4.559413522079013847e-01
-4.763126101492672348e-01
1.859142843133320400e-01
-5.759716756702550899e-01
1.794928839614798877e-01
-1.369162481525438846e-01
5.247693951576036797e-01
-2.489986486729384163e-02
3.181632098863897418e-01
-2.823621699600875612e-01
-2.468374247612748762e-01
-2.678652773311379631e-01
8.311959304659712888e-01
8.188325882862278471e-01
-5.309580976145811260e-01
-8.013583573250050718e-02
-2.343276328041938306e-01
-9.219423833229277720e-01
1.072392470536337461e-01
5.598889855738466148e-02
5.177622795379707155e-01
3.983076530990464770e-01
2.632363493309859415e-01
-5.845916699215770312e-02
-3.407437763000581432e-01
5.236593795461227940e-02
-2.061017629519959204e-01
5.366960992900644545e-01
-5.250029897048140715e-01
-1.180620154790183868e-01
-6.988944669521552910e-01
1.410373482944730916e-02
-1.174047701382958664e-01
2.179825595837882324e-01
-5.737781337215099864e-01
-4.112181331564943032e-02
2.968028318507761054e-01
3.103706989692793239e-01
-4.572883251306815167e-01
3.354268664179422821e-01
6.220524437863204081e-01
-4.036237940268535551e-01
-5.421412713013622486e-01
1.724317644136265093e-01
-7.811840785364827511e-01
9.238896862479911709e-01
2.615859168567776782e-01
-2.694244552274103754e-01
-6.887779217997910264e-01
2.727881219897578258e-01
-2.455994470155557080e-02
6.994125694408254157e-01
5.353653216279853355e-01
5.780187067848965299e-01
-8.738448409138913076e-02
-6.127060588096591154e-01
-3.338597799347629014e-01
-4.812638005124645346e-01
-4.463452137344846582e-01
6.684579131505301308e-02
-6.335179738462830557e-01
1.236267104593423080e-02
5.989300729320614636e-01
1.696449555259125497e-01
-5.067080024427217388e-02
-5.306918393297557213e-01
6.768277827564054272e-01
7.033242458570285738e-01
-3.534443888391739508e-01
-4.562789986647304841e-01
8.922801873503750647e-01
1.180472053236252816e-01
-2.834707878168012396e-01
2.436955277132766828e-01
4.545174219190856180e-02
1.548913533494694628e-02
4.619837582866877512e-01
1.365568291580399884e-01
4.628720015064692883e-01
6.191881147170947841e-01
-5.494602906353854843e-01
7.125191722887243007e-01
-5.071584051369713020e-01
4.571013482989871868e-01
3.641442055633246078e-01
1.000000000000000000e+00
-6.126608124093376739e-01
-1.023640952890385175e-01
-5.500124541737152484e-01
2.909650817736131323e-01
-4.058754827977401058e-01
-3.258928852078335492e-01
5.071860450067525727e-01
3.677218411831159051e-01
-7.159003553815418419e-01
-5.966338018137312682e-02
1.213477168224792735e-02
7.801544283644785693e-01
-4.849510478353269982e-01
5.676393155885303132e-01
4.315180951948380805e-01
-5.812143240903914210e-01
-4.197678560164531114e-01
-5.337624914966856426e-01
2.013740507582512107e-01
4.890370749093234104e-01
-5.015205190274887315e-01
-4.991682651632521894e-01
2.047162768616889172e-01
4.948001420175518472e-02
6.622723246237619543e-01
6.752594970263050556e-01
-1.466477548100501016e-01
2.442319417057900455e-01
4.013399250805630564e-02
2.138962774943643230e-01
6.213879667752872926e-01
2.810627410520596253e-02
1.096454499265300808e-01
-2.205241457474423350e-01
-6.922852839165247185e-02
2.136477848048571326e-01
-3.382383463884450769e-01
-1.707318453291349902e-01
1.198160306651847584e-01
-2.660598703172526447e-01
-2.957842064396521975e-01
-9.314498974127097264e-02
7.127831406850329010e-01
-1.229518481619264331e-01
3.417325906618100539e-01
3.631443188494683505e-01
-5.410187116480583147e-02
4.935182116097535099e-01
4.174855044836501272e-01
7.474489965578150485e-01
-3.708161176137215326e-02
-2.384252661266855200e-01
1.052042787195527629e-01
2.870222216421847161e-01
-7.938659613488149858e-03
-1.041772022988261825e-01
-5.293555556625327840e-01
-3.738912862052302111e-01
-6.896984519353851484e-01
-1.143802085682701919e-02
-2.150825558655342362e-01
-7.553451757124085564e-01
-3.062549279390944790e-01
-2.984492764100601936e-01
5.191385501617720166e-01
-3.980725252512169465e-01
-4.380508517467082696e-02
-3.817892158345653070e-02
3.950469693741528454e-01
3.656053400480993032e-01
-3.522628755652357779e-01
-5.340472543960114171e-01
-7.426500487923166638e-01
-6.280293968976387309e-02
5.796919279758629834e-02
3.080468368643342614e-01
-5.026913318286724275e-01
-6.419295879116072578e-01
-2.946266671243861213e-01
-2.729753421002114044e-01
-5.857051705269670228e-01
-2.016528681688221636e-01
-4.382925651219787833e-01
-8.781526733593116030e-02
-8.371564994386334613e-01
-3.261333650225563541e-01
-6.370830500530775264e-01
6.899899536807942990e-01
-9.708509496333336264e-01
1.000000000000000000e+00
2.885959537707579181e-01
-3.166734321506093908e-01
7.549218745712276135e-01
-8.055889424812184840e-02
-3.226907878485917314e-01
-4.709991619355350378e-01
-6.588270054908004214e-01
3.098473037853954892e-01
-4.525039799442145405e-01
-9.749028256843558782e-02
-1.254666383888408676e-02
-3.687949218102997695e-01
-6.516446392063802717e-01
3.665738170890343595e-01
-1.684616974940093825e-01
-7.333319161560907240e-01
-1.434254094133036173e-01
4.254586455097295605e-01
1.693196394845335184e-02
-5.413316067329316805e-01
2.291124100449091483e-01
2.458541448070683255e-01
4.117137371969287751e-01
5.822199858345560308e-01
1.838364960112608137e-02
-7.677813025429248706e-01
-8.339447246928549662e-02
-4.032424295230090383e-01
1.921322221983337020e-01
-3.193660476894081279e-01
2.028365550401615980e-01
-4.468819530827202180e-01
-2.068989852673941421e-01
6.608237845039091063e-01
-2.307627733796306646e-02
6.242042384414856482e-01
-5.997928184266775320e-01
-4.732807571600859686e-02
-3.774620211734758812e-01
-4.811900048718858458e-01
-4.653270460116364360e-01
6.730221393386250917e-01
-2.832507759866254582e-01
-4.844039333648216261e-01
2.220789648991159937e-01
