-2.668707372799420940e-01
1.235004584537479355e-01
1.817894024419966781e-01
-1.980271859011114022e-01
-5.233927005444001246e-01
5.009341100046810213e-02
-2.523661444237408347e-01
-2.249907792422973785e-01
1.124834990377766436e-01
-1.895960146451887984e-01
5.047877408194863941e-02
-2.675822669312943880e-01
-5.155051392053555670e-01
4.106476033535551573e-01
-2.639719934354575748e-01
-1.151048001769517659e-01
-1.584945522291645592e-01
2.925649908587565351e-01
4.902766572883041629e-01
-3.595544284136130697e-01
7.513315996503566740e-02
1.306651398700987565e-01
2.228045774398836054e-01
2.506901401033821974e-01
-4.623652148889548230e-02
1.686955064158023876e-01
8.118533290927786306e-01
-3.488033323569011968e-02
6.124048723469727173e-02
2.781052275912178628e-01
-4.774483871397253720e-01
6.136041377048692125e-01
-3.511613661492613558e-01
-4.449465103026394308e-01
2.063729871395051929e-01
9.239110583377779795e-01
4.590781609645156469e-01
-3.534892017151874954e-01
-4.668999345202111129e-01
-2.630432166182598008e-01
-2.088158587524302501e-01
4.211474802496198988e-01
-8.638018760829795362e-01
4.453304376302541501e-02
6.532505374058699132e-01
-2.049791065973211590e-01
2.419112563903096647e-01
-5.091859743513369452e-01
4.702229203803481861e-02
-3.319229727841763733e-01
7.221394041386071105e-01
1.845573482551263744e-01
-1.633657622995272063e-01
-4.805778059899414867e-01
-1.914077099955389105e-01
-7.706859510439556527e-02
8.202907604719161805e-01
5.433756401284727255e-01
-3.595145804684685142e-01
-8.057550473644847777e-02
2.968881710882794595e-02
-6.273586554921819491e-01
2.780918433843300730e-01
2.372081030276943989e-02
4.907723347367635158e-01
2.675625230608389415e-01
3.140189046893849811e-01
-7.322303531715201874e-02
3.099387889136657748e-01
1.846832662811370707e-01
-5.919349267465157105e-02
4.647074155412824759e-01
-5.244519925550094053e-01
-1.407349680263285108e-01
-6.973316191324632207e-01
-8.473853680396023491e-02
-2.728873993215781280e-01
4.525222210937685507e-01
-5.727088354881515464e-01
-7.582552491142488527e-02
2.740608658383856810e-01
3.098111534580419990e-01
-6.691787763008907319e-01
9.558954630548288645e-03
2.991359253221692049e-01
-4.022284693175978698e-01
-8.515823704585196996e-01
1.727958836851770097e-01
-1.000000000000000000e+00
9.788986997373909649e-01
2.608250127720573852e-01
-1.542308416161027873e-01
-6.883156743034205549e-01
2.727442659177898854e-01
1.499699385677701891e-01
6.984887725998911723e-01
7.316476172535288924e-01
3.617165398659513698e-01
-2.733078431035518840e-01
-5.092196741830008477e-01
-3.320682463971766918e-01
-1.289679143830604335e-01
-4.455722550605620835e-01
9.966387488483191559e-02
-6.836217391824456202e-01
1.294090260370043405e-02
3.653423899703673872e-01
1.782456044990524957e-01
-3.069116209746968749e-01
-4.920674854707767221e-01
7.756244741386966179e-01
6.054340574810180842e-01
-3.533065794057941855e-01
-4.556518714832222261e-01
4.795984038987672338e-01
1.176826281734808938e-01
-2.836311281180969868e-01
2.424853882854862974e-01
1.166739027068619539e-01
2.989417163838160585e-01
2.409469507942910982e-01
2.289436909086752792e-01
4.622247274610921108e-01
6.176790573859777256e-01
-4.067628299735466246e-01
5.565801482071717210e-01
-5.764451458005592777e-01
4.568495589551328506e-01
4.352120411951306833e-01
9.971230500304887334e-01
-6.122555675478953408e-01
-1.016111582503034100e-01
-5.784987600698794363e-01
2.377346604782968886e-01
-4.619608360581693440e-01
-1.097925102999350311e-01
1.222570303917701884e-01
3.752766316012686731e-01
-3.010611607211534091e-01
-1.914093330612240407e-01
-4.280983550661179166e-02
6.508067211072223746e-01
-2.196817176201992794e-02
6.036817738025146429e-01
5.250596810044718676e-01
-5.733176768462400208e-01
-3.911214109524316362e-01
-4.432211468616261696e-01
-1.343449385237061311e-01
-2.423683260215441226e-01
-4.208254562949618749e-01
-4.721875374599606157e-01
8.573844755444598453e-02
2.044372744853461543e-01
4.915989079417906193e-01
7.360444200508662327e-01
-9.547800822329109705e-02
5.138152781934534064e-01
2.177745139080979400e-04
3.624648164895451496e-01
5.129007744560512005e-01
2.795571354098298419e-02
-1.038510650180145406e-01
-1.773435519389343906e-01
-2.489397233614073709e-02
2.395964374114973594e-01
-3.515100282692567024e-01
-1.865148269726490116e-01
1.029059748761993187e-01
-2.491897607952152094e-01
-6.055125440474625753e-01
-2.764763763826770804e-01
6.534994068093393782e-01
-1.294972977397785829e-01
1.077884142333306872e-01
3.043840275775926418e-01
2.573380919244500076e-01
4.851117714041301432e-01
3.524526581224984301e-01
5.457674552231738252e-01
9.383216121864863465e-03
-2.243521889132359948e-01
6.147645710870993652e-01
3.174086672487785310e-01
-2.939687222687606058e-03
-1.382908906387195769e-01
-4.586255079426193593e-01
-3.799664684137664672e-01
-5.961163519339830463e-01
-7.052097747441804509e-02
-2.246853103290314679e-01
-5.925422343319195484e-01
-2.341284105929138382e-01
-2.501376689152189359e-01
4.486556283793952105e-01
1.517884625395894416e-01
1.947259897056483613e-01
2.929097173163158208e-01
9.978137371466828942e-02
3.638501798194363479e-01
-6.263095855392817324e-01
-2.044138866626477036e-01
-5.962212868275105215e-01
-6.307035619859586995e-02
8.841855451451319237e-02
2.727861616231079256e-01
-4.453719996928715008e-01
-3.675356347062517792e-01
-2.092453230403960029e-01
-2.829799352450815819e-01
-5.398731111157020202e-01
-4.788587643824960272e-01
-4.167768473376862737e-01
-6.851341011712602791e-02
-6.251349714134459834e-01
-3.865687395136139237e-01
-8.109629629441251764e-01
7.617745850899975135e-01
-7.298585900196805643e-01
9.182309151834087135e-01
2.468409318984073342e-01
-3.536948503867781146e-01
4.545292736654995003e-01
5.200317809201430164e-01
-2.180944543463396723e-01
-4.829328976022041475e-01
-5.806066439388956057e-01
2.151179374091831131e-01
-2.081888615102576723e-01
-3.512827600034402753e-01
-2.745742982418079153e-02
-2.053810615923290506e-01
-5.856492583009725861e-01
3.106678294333700130e-01
-2.681355486440251124e-01
-6.911629698167275349e-01
-1.521663201757986750e-01
3.974729563929662035e-01
2.803154865148434483e-01
-2.039303456186299934e-01
-1.144033446430714474e-03
2.609468409797831567e-01
2.037190273845020105e-01
3.936526427543737272e-01
-1.935030753329435860e-01
-5.001770244896353024e-01
-2.859468723380205191e-01
-1.526760219528639495e-01
2.128272729670456151e-02
-1.473251687679753841e-01
2.699754155888378637e-01
-3.466958633590443983e-01
-1.372023952884096065e-01
5.538209389470011290e-01
-1.453731062872754831e-01
5.307041210819549715e-01
-5.499322624837278406e-01
-6.023641397003305642e-02
-3.991967307891249317e-01
-3.886549619508213316e-01
-4.330376521544111457e-01
5.673066557289365708e-01
-1.522620867520131094e-01
-4.971008093047649679e-01
2.100323533916199081e-01
