1.052403288950114479e-01
2.700807193684285901e-01
-1.358142833763679724e-01
-5.590665690255116616e-01
-1.405607160345208606e-01
2.802692990124519001e-01
1.813473556527611663e-01
-1.114654925433493510e-01
1.765680584637625006e-01
6.460259505359203236e-02
-8.284341562352037780e-02
-1.574533989962245695e-01
-1.744532995541785148e-01
1.240499656284330954e-01
-2.039126947929730815e-01
-2.737383373728186076e-01
-1.802539317402080399e-01
3.129179816652371549e-01
5.435606145396829625e-01
-2.769945801477389224e-01
-2.062032729997041181e-01
-7.579458253499105069e-02
-2.496826360047452176e-01
8.131227947937524902e-02
1.201850856884276730e-01
1.391977174648151294e-01
2.754832885349810523e-01
-1.774049180325390218e-01
8.525230923843576947e-02
3.912039303822197750e-02
-4.553840388945312179e-01
5.339253165422199743e-01
-2.333019680690130437e-01
-6.642193412350154702e-01
2.423851147006835793e-01
2.466107769614741263e-01
8.976220190987731495e-01
3.073117660985240085e-01
-3.131803795923370770e-01
2.099702952512627896e-01
-1.868446470459358966e-02
1.540343204171081559e-01
-4.451061977692324229e-02
4.138360324764277232e-02
3.725825983062803215e-01
-9.031631859439888110e-01
2.843669871914368263e-01
-7.029833053204883608e-01
2.477053854495072927e-01
-5.529651276775493507e-01
5.502104351722765241e-01
4.308568415636996884e-01
5.808062361824900544e-01
-5.218139059165108895e-01
-5.409137433338991885e-01
-3.356890411655078510e-01
6.874918944356631645e-01
7.198187877741115681e-01
-4.816720773629897256e-01
-8.781968007373176788e-02
-1.181680059857316695e-01
-7.483461278006886541e-01
2.989263396745002743e-01
-2.036159532635709035e-03
5.856016328046579345e-01
6.055087309685178720e-01
1.675068751890842755e-01
1.945585818386264820e-01
-5.730477295771185808e-01
2.713508880345063545e-01
1.294264402664933034e-01
6.999746039229182148e-01
-7.670566446117521586e-01
-3.791808535461586860e-02
-5.649802241641516121e-01
-1.190422691244561321e-01
4.250339463510911797e-02
7.145823763968566222e-01
-7.975928375366962975e-01
-1.586418588522026663e-01
3.834499055731978023e-01
4.134582845601965095e-01
-7.920215422911113246e-01
6.708462798960259654e-01
8.303601241535599753e-01
-4.627464271872392398e-01
-5.406116623949627220e-01
2.715638793560020137e-01
-7.739901503885470158e-01
8.505290579836422005e-01
4.133365487737309385e-01
-2.208067971712110722e-01
-8.598851642540277229e-01
3.937687999998816801e-01
3.175565092667138600e-01
8.016685187107812638e-01
7.783792585178572754e-01
9.231325052154734090e-01
-2.180181270769057100e-01
-7.775294465146083134e-01
-5.040216646177357873e-01
-1.226344770836825943e-01
-7.104189344197514577e-01
-1.162326235795385632e-01
-5.863403043641456369e-01
-3.454080078858743352e-01
5.860036068118114061e-01
9.220079532994894522e-02
1.781836291584346088e-01
-4.768407211259606537e-01
8.659440814715425871e-02
4.486205312336659645e-01
-4.322712572480699178e-01
-4.666095549279021260e-01
5.234426662317842593e-01
3.305141772374701747e-01
-4.461072971673122334e-01
1.949836549897185634e-01
2.576608788094011393e-01
3.872218380078371602e-01
5.757848113683852187e-01
2.753060338523454220e-01
5.062796824223145808e-01
8.036907836299104213e-01
-5.229670794381870991e-01
9.873000827374556199e-01
-6.171652029979344256e-01
7.334082710999889620e-01
5.249059150251708106e-01
6.756309589753078937e-01
-7.641571954599072347e-01
-3.379887115733564568e-02
-7.228107871361642012e-01
-7.532392741505028466e-02
-4.975835920368795739e-01
-3.269704754061556473e-01
-3.481386533188386700e-02
2.286053504742582287e-01
-1.000000000000000000e+00
-1.595436276098529671e-01
2.109608793254997561e-01
5.580044398279599971e-01
-5.880123943057862235e-01
8.649446926299354521e-01
6.435764640761469924e-01
-7.448222314149983703e-01
-4.024811136884098861e-01
-6.490539067684946151e-01
-1.985509357938540151e-02
-3.082629360653313388e-01
-6.337642644131714631e-01
-6.654641916084669262e-01
3.406086720247263333e-01
4.428610423976475086e-01
7.719038912298492594e-01
7.181612853205061597e-01
-6.343754689478332820e-02
1.382723041259669161e-01
5.451988412776967441e-02
2.605769794527112437e-01
4.408390595391346034e-01
-1.029074721491615441e-01
-5.549027660853897981e-01
-5.695952231601058013e-01
-1.023562197999134012e-02
2.268457931645314618e-01
-4.726683156131332719e-01
-7.073033053931510050e-01
1.217054297641413374e-01
-5.410333545895421592e-01
-7.030824228638659079e-01
-3.104798631294190536e-01
3.610122828349439095e-01
2.275442777857206722e-01
8.062586717928470481e-01
4.113670156806250588e-01
1.547214401806862316e-01
4.887237607531347283e-01
4.833383648595493964e-01
8.268888862292396169e-01
-4.186825334357648087e-02
-1.000000000000000000e+00
3.317932084861631714e-01
-2.816065275444766258e-01
-2.634794113575172902e-01
-5.845203104738753153e-01
-5.627301066914198735e-01
-9.033596054661676700e-01
-5.617245679886296861e-01
-1.529044518709848643e-01
-3.305732712924572825e-01
-7.883524109570477778e-01
-4.671174004500296961e-01
-2.124943426153658166e-01
5.868901854904987614e-01
-1.453159861711334211e-01
2.656673503491162047e-01
2.672639068802810103e-01
-4.367282226755433983e-03
4.436129897513695353e-01
-8.815520185377538898e-01
-4.848452819110460332e-01
-6.125560264850373748e-01
-1.041260835891176795e-01
1.150332705271926194e-02
3.356118421818296005e-01
-4.516103844370804588e-01
-3.338133529880625838e-01
-1.451613116244218904e-01
-4.539428236154912089e-01
-5.371908560345847183e-01
3.947650646077598136e-02
-3.294597427035463322e-01
-1.701758618503261544e-01
-5.884033038867825249e-01
7.323937539409175468e-02
-8.447907994767529516e-01
4.593191576222696026e-01
-8.157686620236003217e-01
8.239726183953675065e-01
2.095834447261977207e-01
-5.872145010700398071e-01
4.696456934254696902e-01
2.775987621142486650e-01
-8.273394842727519460e-01
-6.632976000695673946e-01
-6.914293579657944111e-01
9.812613580318710338e-02
2.529217591145534183e-02
-2.619972412678910900e-01
-8.787156833397817557e-02
-4.689232852235616922e-01
-5.990142352428271533e-01
4.223616712137689966e-01
-1.423915319231760512e-01
-3.593271708897427530e-01
-2.172945422997352716e-01
4.806603505771287477e-01
1.503751513258858585e-01
-3.727180460811373996e-01
3.107871712157762589e-01
9.592103700409271294e-02
5.294941880897920949e-01
5.416159626407652805e-01
-8.924640357893257742e-03
-7.736812605639307172e-01
-5.684457436495045091e-01
-1.537921212275652483e-01
2.238263085830092258e-01
-3.480638484611590089e-01
3.489196814420448822e-01
-3.226715112600322399e-01
-4.019461307858740451e-01
7.902055763876778549e-01
-6.744166289375877477e-02
8.000195384086719042e-01
-6.140620907756361158e-01
-1.422252382042949737e-01
-6.848619901813430833e-01
-4.988569533943961187e-01
-4.681521128816646948e-01
1.000000000000000000e+00
-4.201013322936909544e-01
-6.894764787136660189e-01
2.766452013044006231e-01
