-3.799511126333680600e-01
-3.781179896586797651e-01
-2.802732410254540896e-01
-4.777246482141756512e-01
3.286524965577446999e-01
-2.482563639554464241e-01
1.393555751777904028e-01
-1.211451964958787098e-01
2.099306426279750060e-01
5.266857128215085559e-01
1.643042853683338023e-01
-4.833462495475712162e-01
-6.734352017103182320e-01
8.569652435729183670e-01
4.480649061115266063e-01
3.357624442859313274e-01
-2.367635211715183041e-01
-5.545220400873426825e-02
-4.209205103157742656e-01
7.903767789248970776e-03
2.469864821961388901e-01
3.768892044699687777e-04
-3.078586009277450852e-01
8.994807726655762448e-02
-5.143073380540993250e-02
2.580745790385804983e-01
-8.867255293846570963e-02
3.706102401475614427e-01
-8.901970909606085613e-02
6.091211550415073228e-01
4.261305467345251063e-01
-2.795710025288007383e-01
7.980910717366263007e-02
1.150886287284077769e-01
-2.432804265286125922e-01
3.687993068170934419e-01
-7.606742013581579975e-02
-7.626477400590262468e-01
4.002224923412903701e-01
1.964128723428104351e-01
8.900475759928665187e-02
3.015868681966745180e-01
2.095978618374577107e-01
-3.034265660169553347e-01
1.140039945923054104e-01
-1.483104431872147438e-02
9.692525344444458124e-02
-3.858146772310595551e-01
-2.536793775969110598e-01
-1.642392825021654068e-01
3.012686734150138435e-01
5.123836456670437522e-01
3.116646862941215845e-01
-2.125387202984111434e-01
1.149030028374957782e-02
7.867440262188156730e-01
-4.714955198530051406e-01
3.921663795504013450e-01
5.486592733791332277e-01
1.184184934894835645e-01
-5.399134575250025270e-01
-3.808934805802984824e-01
-3.165083547478655945e-01
-2.309978800288214340e-01
5.420231357710257880e-01
3.827831361544606348e-01
2.396587001997542155e-01
2.790678825966784182e-01
-8.742444625138193204e-02
1.543450942211165300e-01
-4.361215117407075681e-01
2.208629360798845809e-01
-1.127801058047599170e-01
5.764047114460212340e-01
6.403493876614360092e-01
-7.547431044084316198e-01
-5.885855408545969114e-01
-6.364549213452681542e-01
6.589771196498359074e-02
3.247363140391528180e-01
-1.964180825114470175e-01
-6.852341937620198831e-02
-6.666389246958082104e-01
-3.262439669227343852e-01
-2.272771219418939226e-01
-2.457224733671964367e-01
5.963332740577415025e-01
-2.234042156942207813e-01
7.079395277422855237e-01
-1.219153955654966870e-02
-6.440877429804031662e-01
3.576442729478497284e-01
9.096644362739857159e-02
-1.947800966610915285e-01
5.761604026480915408e-01
3.874524083943048369e-01
4.055370150961063458e-01
-5.737139215245723456e-01
2.034188540836376347e-02
-1.679467807612959884e-01
7.633089659605715172e-01
2.205609049241106789e-01
-3.990063265055066588e-01
-3.174055378825565987e-01
-7.160506400209724065e-01
7.156145606959875005e-01
-6.215471190619806796e-01
5.795335585387393351e-01
7.278100108128285894e-01
-1.075115219899212826e-01
8.852021223356570934e-02
5.369997189015232042e-01
2.310905684853820086e-01
4.787603731042971433e-01
-1.899795465904226544e-01
-5.363501141751763068e-01
-5.478649940144866282e-01
-4.684864165528665469e-02
-4.909321505261826646e-01
-1.594541965079932511e-01
-2.429592135397408148e-01
5.368831229291273210e-01
-5.247740708918997160e-03
-4.356002499417640506e-01
-6.164352592002377840e-01
-1.486653449406071248e-01
1.909564260621339493e-01
-7.197381539981627385e-02
1.352067220507298662e-01
-4.535288314722065173e-01
3.670006246515395421e-01
3.353837997854804964e-01
-6.174390661610717340e-02
6.827959606532116865e-01
-7.168383236411383086e-01
-5.752812177454749154e-01
-6.840079667028882149e-01
8.202101415654009520e-01
3.005883246434729594e-01
-2.218905469446377787e-01
1.356191471271178395e-01
-6.421528716486157862e-01
-7.332273194212406420e-01
-5.553770783077558448e-01
4.996682088361903973e-01
-3.404264348210207514e-01
-7.001754292711265260e-01
-1.664222777033619871e-01
4.971242231795283129e-01
6.285591397730616592e-01
6.588286752372957134e-02
-3.656611921134025334e-01
-5.961923673703793947e-01
7.638605162273434113e-01
3.353037385782769997e-01
7.663281102316942262e-01
-6.179093066727074646e-02
-3.407316760224280427e-01
1.741090670128832285e-01
3.205951774134178228e-02
-7.815655965402056315e-01
2.494525108209483949e-02
8.305378012412105715e-01
-5.729728641462825678e-01
-6.944445514272689080e-01
5.591634662099052022e-01
2.875667538316675764e-01
9.181795800406521157e-02
-9.973906196292618709e-02
-1.477593322696955092e-01
3.162898914967948727e-02
-1.637064887310735184e-02
4.095214275783251034e-01
-2.828239651485149331e-01
6.159781063542533186e-01
3.169946148932257235e-01
-2.254203028403346520e-01
-1.514047017490777747e-01
3.215286885220358659e-02
-8.241201291175397348e-01
1.594585735266203508e-01
-5.860911606306641319e-01
-5.846676643426326203e-01
-7.917498084619227772e-01
-3.730350316019459544e-01
-1.043899330389796987e-01
-6.116359578284658038e-01
5.235892428229300677e-01
5.570577085652683724e-01
-5.184324860342333086e-01
-7.032340230112698043e-01
1.166710573793808825e-01
7.855172190791840370e-01
-5.537835077940223005e-01
8.764415012329516141e-01
2.517717806761476385e-01
5.174109545408851485e-01
6.212988538880286349e-01
8.778660751496183412e-01
5.159358513738218077e-01
5.873420059656115910e-01
-3.506764848579479454e-01
-5.670168909393800138e-01
5.785991997845376655e-01
2.419954190564367336e-01
-7.928393419439268008e-01
-2.771036184293725890e-01
4.153159872970299538e-01
-2.522123362063876106e-01
-6.083287056779473900e-01
-4.243880328293292425e-01
2.891947274880592444e-01
-1.912199708477812232e-01
-5.188755361888860440e-01
-9.016044255649277583e-02
1.140836539128192162e-01
1.739281406497156790e-01
6.374034553468967967e-01
1.637296674973105215e-01
-9.739725552188286395e-01
-3.120887816934905246e-01
7.596978933958113966e-01
4.621774033437804977e-03
4.835737122052654047e-01
-4.101641736241328218e-01
1.904206731057303814e-01
5.493744641908795412e-01
-3.209868646346944465e-01
5.284778430170488095e-01
1.763941163168517290e-01
-6.488912558299818334e-02
1.502201830753376877e-01
-3.925318279265410659e-01
-3.843089318678451494e-01
-7.634879988676844531e-02
1.160525855721848860e-02
-5.658436983997050529e-01
-1.766785385674697617e-01
7.128537456628150082e-01
2.689282132388646218e-01
-3.687878499605434096e-02
-3.822308420608090951e-01
1.440362979580365188e-01
-7.502827572740307094e-01
-7.362034579375333898e-01
7.276726239538026109e-01
-4.611936464892635312e-01
3.377629389718880826e-01
-2.010956193204281595e-01
4.318869878213709157e-01
-3.044127151183467772e-01
-1.127811404661714645e-01
4.528570861299380246e-01
1.094270682957827756e-01
2.391337918695320974e-01
-1.076408177667479288e-01
-7.450445827622670381e-01
-2.727616395612748046e-01
2.552295361265175533e-01
-2.756708476303296185e-01
3.611777615772452377e-01
-1.343722682870073515e-01
-9.945885930668134367e-03
5.230253398254147701e-01
3.871681693463651514e-02
