-1.979392813540894747e-01
1.698198445201968276e-01
6.213308370597143693e-01
-2.894839727720706080e-01
-5.460783602072906417e-02
-1.782325526384351821e-01
-7.188740065112081412e-03
-5.245831162421775717e-01
-2.922217880215781660e-01
5.242726635003227553e-01
6.867230234964213365e-01
3.699531836555882136e-01
1.206898833772152013e-01
-2.955988027980099853e-01
1.252749699418797269e-01
-4.669281318925910806e-01
-2.088608681662985356e-01
-4.016726560144392444e-01
6.162384273421672720e-02
-5.765589271778399638e-01
-7.923168524518484079e-02
4.080609296705543509e-01
-4.506172876644272129e-01
5.854842662173846968e-01
-9.073784989627366182e-02
4.259462548703536466e-01
3.505425157172073480e-02
2.166619996772492784e-01
-1.457039184474300531e-01
-1.999726697708621714e-02
3.037918231088856946e-01
-3.603087333324939134e-01
1.253102328512703534e-02
4.644644530795490889e-01
-5.854038779524657621e-02
2.562062355368136535e-01
-4.225152653664863700e-01
3.095150067353028001e-02
-2.193286357057299962e-01
4.415506625711022037e-01
-5.443044476958343036e-01
7.407746991012874316e-02
1.079400528007169457e-01
-1.295017759661224455e-01
-3.791780959565136389e-01
2.756226470083827373e-01
2.609376625146702100e-01
-5.985638434340905256e-01
-5.042330937638873634e-01
-8.211886822801275909e-02
-8.033540131075732338e-02
-5.659142020966211328e-01
-2.927646080023375841e-02
-4.037547258691626118e-01
1.881114174653388815e-01
-7.997230004222092292e-01
2.024128993490877937e-01
-3.007146563814064866e-01
-2.678402743314013332e-02
4.062322818262752433e-01
2.153734761746932680e-01
3.520706845385281891e-01
4.329764001768549031e-02
5.682463226493364994e-01
2.921226203307368818e-01
-4.254393460481989409e-01
3.532188660416610837e-01
2.108045352411938855e-01
-7.925795436913907199e-03
6.043942701777293980e-01
-1.539072360873758316e-01
5.566824251434146498e-02
-2.604099218238730695e-01
1.647500650890887375e-02
7.426246370165084931e-02
-5.404618787731427787e-01
-5.771355199471827069e-01
2.476713886191783676e-01
3.559913896267498656e-01
4.689476685906242004e-01
5.388176351751503002e-02
-4.246271160392545152e-01
2.344312843734987217e-01
2.930918270845081497e-01
-3.636407915255800427e-01
-4.176656964948849415e-02
2.373521799314664837e-01
-1.064818779343112282e-01
-4.725800933551409511e-01
-2.507593017942166824e-01
1.878930486515783260e-01
-3.879804258798989075e-02
2.642142930182929672e-01
-1.713897508887829990e-01
-2.048590125526322109e-02
3.712142793565579302e-01
7.761506797577748251e-02
3.395305489126224097e-01
-1.062564910639287874e-01
5.571951873293359836e-02
1.891181794929923388e-01
1.019436283025402790e-01
-2.232938556661858143e-01
3.078286438500308364e-01
4.841064397588886181e-01
3.011672707491599432e-01
-5.757365172355121130e-01
2.333210384795939007e-02
2.469176990238559355e-01
-2.596490608047402060e-01
2.198147168420410136e-01
1.340450326550517435e-01
-2.024073513754064968e-01
-3.781261760736566169e-01
3.866551528988109721e-01
3.203287115654603334e-01
5.531205662085636465e-02
3.527577803722128369e-01
-1.312211557561503983e-01
-2.002743469650490327e-01
4.273834536576998078e-02
4.824316405778483197e-01
2.706717519747061096e-01
3.888020062059397430e-01
1.306832380395979154e-01
-4.284827888508536686e-01
-1.948435435670672899e-01
9.003653266840150327e-02
-1.285787617111894543e-01
-1.916040080607753215e-02
2.991521088798335670e-01
-4.546122991184146644e-01
-6.510510911553307745e-02
7.105807942893123119e-01
-2.311105837766054827e-01
2.725591572274070895e-01
-4.146605756954526711e-01
-3.873704835327526630e-02
3.006963709553112096e-01
-2.045932306922114696e-01
7.030943685020714096e-01
-3.644996594695854020e-02
1.832266278201260257e-01
-3.283760851500785449e-01
-1.030931206638308062e-01
-1.356630268686079832e-01
-3.918439527016595036e-01
-3.994820601745161515e-01
-8.330872873102128651e-01
-8.921519147190914989e-02
8.280614742239525428e-02
2.492127696924038016e-01
-1.169803069583281174e-01
-1.123319961989631688e-01
5.724314472484113292e-01
-3.574796289481704248e-01
5.722859942802674404e-02
-4.031922960791196608e-01
4.761780728295933462e-02
-1.011368123272096686e-02
1.317999804256594631e-01
5.395421428146393583e-02
-1.798385676033814606e-02
-1.041253786184609120e-01
5.721866611985049200e-02
5.377001573633277687e-02
-3.924322595173767025e-01
-3.855557761696468133e-02
-6.759242639327938118e-01
6.269393891642711658e-01
-3.771984133098215120e-01
6.907479293743157278e-02
-3.461704339593112967e-01
-6.837658072999930337e-02
5.843936750235048661e-02
1.270872961591910655e-01
5.680519049543689691e-01
1.348152458100130568e-01
3.965838198438237372e-02
5.113772032794401401e-01
2.495195068063542354e-01
-3.016734501425837323e-01
1.031721041567274511e-01
-4.266491891502101619e-01
7.569863469061764993e-01
1.803446632611959144e-01
-6.635122668712209459e-02
-2.184426912951874244e-01
2.847307730996499475e-01
5.576327034956118922e-01
3.239820884188814309e-01
-1.447412324820240570e-01
7.285643628472482369e-01
-2.307721916734859768e-01
5.747568437571500821e-01
1.882834112895559742e-01
2.142079365117328660e-01
2.002721326531801127e-01
-3.309089129899199233e-01
5.179986676884731356e-01
-1.546703222359048502e-02
-6.666923446009845877e-01
-2.365038040710552014e-01
4.676933130826587126e-01
-5.920885021688899741e-01
-1.877113446734737512e-01
3.775571723125421553e-01
-8.509609512005880672e-02
-2.977182302649058476e-01
5.510465568617339827e-03
2.520151057630903302e-01
-1.314210172900490969e-01
-1.309423880178898214e-01
4.307207098861178807e-01
-1.188317935433166050e-01
-6.680023276208877370e-01
-7.265522239097908785e-02
3.096620508917311554e-01
8.342411132570311250e-02
-1.744085414283535473e-01
-6.481304389589159776e-01
-1.447107857369688833e-01
1.105572448882063963e-02
1.001471248910062173e-01
-1.698244167012059325e-01
2.312119994786353550e-01
5.033925930766139367e-02
-4.229587183271095174e-01
4.057279841906627493e-01
3.373645604172142431e-01
-5.590586039739373625e-01
1.428735234562446554e-01
-1.783629698406175024e-01
-2.857703770591220604e-01
-8.390728555359272534e-02
-4.785510696926388308e-01
2.890699690344992190e-01
5.042277659784297761e-01
5.501380490171330351e-01
-3.073531011272323532e-01
-1.121505482833416445e-01
-6.777937928888166930e-01
-3.430680590215539616e-01
1.001708193374638844e-01
-3.068637242833134327e-01
-6.863547700922205397e-02
1.239788480476360644e-01
1.214378243525561507e-01
-2.120704906710771109e-01
-3.555333589641057612e-02
-2.306332916405242073e-01
-6.416051013845083806e-02
1.677115000133026224e-01
6.198116966769204317e-02
-2.014102046082918429e-01
-4.487535166748520821e-01
-8.099810663490920881e-02
-3.356718152617417239e-01
3.989717809621954880e-01
2.050362565231780843e-01
-4.418504620208391631e-01
6.430629031374571203e-02
2.016036102603557534e-01
-1.284426355123954866e-02
-3.686640050072230723e-01
