-2.173886980932103474e-02
2.256219459213788525e-01
-2.574174938886790165e-01
-3.776361528917692723e-01
3.086603638739398026e-01
2.602039826914598342e-01
6.431113800560839255e-01
-5.871021634738691208e-01
3.130665682410314066e-01
6.546779322942374302e-01
-5.550438758061991829e-01
-7.417075527604874985e-01
9.272101916726886994e-01
-5.568546361859618710e-01
-4.095678673648817103e-02
-3.103010500023149487e-01
6.201932013287027035e-01
7.092498081461477977e-01
8.639096909605877839e-01
7.858920449751103376e-01
-6.870653542135909397e-01
1.000000000000000000e+00
8.878828509348705156e-01
8.578860753756422097e-01
-8.024677520118126406e-01
-6.119894165474788483e-01
-6.277573786058868732e-01
7.830094344342678481e-01
-1.000000000000000000e+00
-1.097810593691702918e-01
-3.920511031158115944e-01
-6.322087594951530942e-02
-5.171440928974750939e-01
-1.000000000000000000e+00
-1.932382067192256747e-01
8.603563272129530759e-01
8.834326958740537084e-01
-5.443572917434496006e-01
5.834352984252980656e-01
-6.657018316149017068e-01
-1.024705631146522328e-01
1.368407089158495682e-01
2.699490384001137500e-01
5.550229996479795203e-01
-4.564112088820655444e-01
3.235916750964731303e-01
-6.209449442550363241e-01
-7.587472801715505755e-02
-1.261949137229518292e-01
5.216812401927490850e-01
1.398292380385863232e-01
-8.527616518139713442e-04
-4.475259688153328530e-01
-2.185726488770331211e-01
2.566956345612919632e-01
-2.614322036138507221e-01
-8.629989299926258406e-01
-4.615095962469913937e-01
-5.722999219860493980e-01
5.210269741730269022e-01
8.816777737975831086e-03
-1.000000000000000000e+00
-6.386515365931415555e-01
9.054827429091298896e-01
7.877187055736973864e-01
-6.343844727010782281e-01
-9.913017642728685908e-02
-4.628868717550759793e-01
1.000000000000000000e+00
-7.546020705711550258e-01
-1.424383448934189167e-01
2.209676463589985151e-01
-5.842162981934767574e-01
2.692763022306192133e-01
-7.587366803226687217e-01
5.176848181332724952e-01
-4.547267687350902143e-01
-1.724547218239080582e-01
2.324468835171735193e-01
7.347472426479145780e-01
-1.369969032780664620e-01
-1.686044645669345088e-01
3.567069170154296698e-02
5.891827535842897312e-01
6.283688955573355495e-01
4.863585687331540841e-01
-2.348687243590475704e-01
2.539126025804390174e-01
-1.000000000000000000e+00
2.555098693370492224e-01
7.054585675002118528e-01
-2.609936939760745256e-01
5.995373741317141514e-01
-9.975282767049810095e-01
-1.089228750699614556e-01
3.888877833199421152e-01
-5.319989389643105943e-02
8.894266487637182694e-02
-6.348652384602735399e-01
6.189412552638468012e-03
4.708146916134939297e-02
-9.410604339771784232e-01
-7.885276981978034394e-01
2.154691337971722243e-01
-2.537064988594157633e-01
-5.107967821690176380e-02
-5.613798793456900027e-01
2.229524974206041343e-01
7.293527607481495867e-01
-1.000000000000000000e+00
3.081882302735312051e-01
-9.222637795122740068e-01
-6.493117478726834202e-02
8.334423295725466030e-01
-4.042988357433754398e-01
-2.760586344180717688e-01
-5.188906707144382846e-01
4.986856850980238010e-01
-8.914452060645122744e-02
4.622266005109708642e-01
4.969980070285759388e-01
-5.901343736421863495e-01
8.775351673039840650e-01
6.899794083078134577e-01
-7.992222467383593987e-01
7.161693060386375986e-02
6.780540453511449961e-01
7.465459570787827404e-02
-7.249587316772685419e-01
1.496775047312746444e-02
7.678246685818593820e-01
6.615824126078158063e-01
-1.373743889406331409e-01
-3.666992262850392592e-01
-1.615176834878179202e-02
1.412901839684767569e-01
-3.973251048332480662e-01
-1.040133522155190227e-01
-2.045497704055949384e-01
5.253498527800209983e-01
7.390051414574140554e-02
-9.868450470925008711e-01
-6.674081911325623340e-01
6.190222163005288936e-01
-4.781095628702508593e-01
4.797671940370334953e-01
8.092125192765139974e-02
-2.002103344578818889e-01
5.487557807392249298e-01
3.616779465125198323e-01
-7.109968829886496033e-01
-6.957288962844723201e-01
2.204142557862409368e-01
2.942293854372712292e-01
6.446123035854957051e-01
-5.781131431942001520e-01
1.682251965417353723e-01
-2.646291052573232494e-01
6.737252244681547486e-01
4.994595354081875216e-02
-8.728653139401432171e-02
9.001187393951561033e-02
-9.056263662007048021e-01
1.000000000000000000e+00
9.225073924084868648e-02
-8.103354139761460850e-02
8.099521854808611199e-03
-5.381097465639861355e-01
-6.928903150607463868e-01
4.687805821302980513e-01
-3.056069053726430673e-01
-5.945126841430303788e-02
9.578768575345009140e-02
5.961525353265397786e-01
-9.242693893222196644e-02
1.978344664552674284e-02
9.266701892793514916e-02
-5.520337937285931806e-01
9.417488548377846991e-01
-1.000000000000000000e+00
-1.000000000000000000e+00
-1.000000000000000000e+00
1.000000000000000000e+00
4.551098383866788444e-01
-9.860901111848086042e-01
-2.099267694149063376e-02
1.182380266608850927e-01
7.129602093705465771e-02
7.286951230551691472e-01
-1.000000000000000000e+00
3.472172995258501205e-01
-3.755348297233527810e-01
-4.792894529738208620e-01
-7.111739204491515087e-01
7.357690753326107114e-01
2.481538157453495597e-01
8.856161916787180788e-01
-5.276311365737088588e-01
1.000000000000000000e+00
-5.192208719858238952e-01
-5.203015900544760708e-01
1.835049747031188561e-01
4.649089029553814534e-01
6.210721143494380980e-01
6.527273259726378007e-02
9.400836053465748687e-01
-4.388687831056004018e-01
-1.703920813174509830e-01
-6.626281296133319509e-01
-3.155179158031032882e-01
-6.717070059329031118e-01
-8.104820030093214944e-01
-5.113984805296262204e-01
-8.000913524101963548e-01
-6.177904730474871320e-01
-6.760714064955748448e-01
-1.741747966761747479e-01
-4.489025532781947686e-02
-2.246516268858683441e-01
-3.196003912093619004e-01
-2.760551322375288108e-01
3.551119038249786475e-01
9.300730522413193091e-01
5.499014162234174830e-01
7.884074595824769327e-03
-2.512581552994319622e-02
-1.863377228809092734e-01
-3.390176785467619025e-01
9.113365079375610467e-01
-1.000000000000000000e+00
-4.729213846951653144e-01
6.235534927136120176e-02
3.512750152929783876e-01
-9.364919545250571797e-02
5.195376058746121739e-01
4.116795157908385572e-01
9.211377579235929813e-01
-8.923897761232199022e-01
-4.594687828525770290e-02
2.284225878369731677e-01
1.422147718887877554e-01
6.959106875423000105e-01
5.608450972270566659e-01
2.165962103318384846e-01
-4.269355483385651184e-01
-2.252730934246136851e-01
-2.288241496289807608e-01
-5.790939904974051755e-01
-1.494618268538832062e-01
8.404715726500324724e-01
7.876708115347023087e-01
9.472861347578127589e-01
6.595868868814634967e-01
-4.705258838131500254e-01
3.019999689079693739e-01
5.484122262097899103e-01
-1.958753646384788494e-01
-3.295760174882597648e-02
9.737219950262324675e-01
4.192155635096552757e-01
-5.258436574473245306e-01
1.080384878804874216e-01
7.862428342534905079e-01
1.799827610191982452e-01
5.394734694944216535e-01
