7.744689098089403423e-01
5.313664088518545991e-01
-5.659333088867462003e-01
-8.842263607607226961e-01
1.498471784395948581e-01
-7.911296863624910358e-01
-1.378183699157763675e-01
-4.510433453618175603e-01
8.885654685172765799e-01
-4.591507056625803163e-01
-5.121406283515187452e-01
-6.780363237281908928e-01
5.739255207727844699e-01
5.527207607741382311e-01
8.016104910119492555e-02
-7.278288995766214742e-02
4.008956617374681564e-01
-2.516078505444148128e-01
2.855539340598385878e-01
-4.374387303994946574e-01
3.752988862937716164e-01
5.599729330324247911e-01
-5.969928641939974134e-02
2.748326499441371973e-01
4.081344415339646647e-01
4.560803281468946979e-01
-1.285361346420866302e-01
4.596941180330026307e-03
3.121433341930623384e-01
-9.277481753682408072e-02
4.195997429003245349e-01
2.087827339306552454e-01
6.195717815658883243e-01
-2.337039668925165736e-01
1.223545462293995911e-01
1.698034953746083153e-01
3.391863028996203733e-01
2.628808786290650623e-01
-5.368472869986853357e-01
2.623453250724129826e-01
2.460961508275603116e-01
4.038114616920072120e-01
4.685386887560580860e-01
3.022065386813002630e-03
1.198215595516093426e-02
3.242269307328948247e-01
-1.847935897974043451e-01
-7.744128122797773461e-02
2.404778161809285192e-02
-2.315958651503425281e-01
1.193218398289151994e-01
-4.138317055940722577e-02
3.659144813068723745e-01
2.305657608032792849e-01
1.673192154332762138e-01
-7.735018550693147088e-02
-2.285871116520749591e-01
-3.879247366584976930e-01
5.205053672626071964e-02
6.161661420219711333e-02
-1.842186922850556352e-01
-4.434890525831199914e-01
8.351638457043379649e-02
-4.152660921452070442e-01
1.611982664363444673e-01
-2.342996455650261378e-01
-2.647686861388749979e-01
5.025326684021688139e-01
-4.021684264268838432e-02
-5.657292689490207582e-01
1.257010981374382178e-02
-6.784162161674016367e-02
1.788805827393977893e-02
-2.461899037338077800e-01
-8.667983450285343672e-01
-4.420853323643627042e-01
4.497398131523321352e-01
4.986599646761772364e-01
1.885674524836096766e-01
-2.342683120883514714e-01
2.634964475576689336e-01
3.535081809521292695e-01
-1.032899826423583078e-01
3.034115158772187071e-01
-2.113137863335558808e-01
-2.769860630013593061e-01
1.151248223698577988e-01
-4.188412244741946955e-01
1.274013423899204578e-01
4.515890828935550383e-01
2.341350753637347348e-01
2.072881041210787034e-01
4.016824295331222761e-02
-4.150898490576743760e-01
3.452761532447468640e-01
2.644137361891040761e-01
-4.855663507156177672e-01
2.108891839475166841e-01
-1.516742602515097071e-01
2.049085578346130920e-01
2.492508675950826369e-01
-2.666559133434890372e-01
-2.381093642648891007e-01
9.745492816299529404e-02
-4.715579364484568936e-01
2.071027625233333724e-01
-1.411382361872224322e-01
-1.034465907505454502e-01
2.579336625012296214e-01
3.467538783751620834e-01
4.243603776753734208e-02
1.659908546246151584e-01
-2.242697206025215939e-01
-1.228661874837998491e-01
1.102091086366078221e-01
5.513509575762483017e-01
-1.760600732660992651e-01
8.941590854893093077e-02
-2.477124132789631505e-01
-6.170999301410172444e-02
1.265115626083058911e-03
3.291207911920781548e-01
-5.104113297045682618e-01
-1.193560662617662721e-01
-4.050934920121663368e-02
-9.205569637783836412e-02
-4.443335427593717579e-01
-5.211047748368479587e-02
-6.878466737591305835e-02
2.222529698677244148e-01
-3.700713762089402059e-01
2.213944686078384572e-01
-1.818403906222901822e-01
-3.922552602940875266e-01
-3.843627736170046605e-01
3.461216777509117382e-01
-2.406920475029138418e-01
4.567155752182081585e-01
-2.473524904100932176e-01
-1.338743534769367555e-02
7.412747300026790720e-01
6.759778231554511851e-01
6.534835604019957334e-01
5.435476744404420524e-01
-3.907631057588012435e-02
3.895327478905983298e-01
4.941717472105824904e-01
-4.035460757403737664e-01
-4.348190873032374282e-01
-1.464376433123281140e-01
4.345079758871275288e-01
7.882058002923303386e-01
-1.490592500487268879e-01
-5.527388882078768662e-01
8.433504899347257222e-01
-8.850135252010772335e-01
-2.365896717145017925e-01
5.360972837932079238e-02
-2.690819784457075259e-01
-2.971067280170910929e-01
-1.272790192705105516e-01
1.025214223118812440e-01
-5.421774847637814698e-01
5.959645009426184359e-01
5.681842603124287461e-02
-5.235407139525056763e-01
-1.000000000000000000e+00
4.423962171650014930e-01
-4.432645720293678093e-01
2.528035501459641732e-01
4.053809968522044116e-01
2.901289936540760728e-01
2.050044662882598984e-02
6.898282807458931964e-01
-3.777395549566716637e-01
-3.915994527842620032e-01
-4.921405553284350920e-01
-3.818819511734409811e-01
-1.262708622485941845e-02
-8.623625806373887148e-02
8.404104558758968002e-02
-5.566152791815356382e-01
-9.206395989305296568e-02
-8.995150600594593870e-02
1.243227943641846966e-01
1.979589581590680911e-03
-1.019700739578869725e-01
-4.009309626902953644e-02
-2.900890914039481738e-01
-6.861993667699703980e-01
-1.357664502178836385e-01
-4.706662276968864855e-02
3.597821059219076800e-01
-6.815017823327277346e-01
-4.511543914593693083e-01
2.346878227931367689e-01
-1.732772935061581976e-01
-7.518919901509362180e-01
-2.710530441235704524e-01
7.334203520711465307e-01
-3.109689271809366606e-01
9.219976209481364759e-02
-3.506595209380508615e-01
-1.599668175798658887e-03
1.172050242769377415e-01
2.883911139214706543e-01
5.576149003042193408e-01
1.299831800228801182e-01
-6.675682056253218200e-01
-3.414832910886709816e-01
-3.541077733010433159e-01
-3.449523858308103930e-02
-3.626068083968416733e-01
-9.262687347086967504e-02
-4.619487027184022709e-01
7.928197292708871746e-02
-8.695338652246114020e-01
5.429074987627943161e-01
-1.023045872031114745e-01
3.984519075735095672e-01
-2.369980635257509238e-01
-3.492206750570481244e-01
4.367199483023660456e-01
-4.587203816875208284e-01
-7.330204825585351358e-01
-5.374241752262813865e-01
-3.426641761286206567e-01
2.617923862882252095e-01
1.818026620726742315e-01
5.633129598250300463e-01
4.005121812622958744e-01
7.720097073018405975e-01
4.854238604664995460e-01
6.432423607548826139e-01
5.644583398332363444e-01
4.274321311136905499e-01
4.239092817734273488e-01
3.882384584301319386e-01
1.381954201266324123e-01
2.934249149093426934e-01
-3.672864230219410331e-01
6.163608356736840488e-01
3.617765603608231184e-01
5.647820919507112736e-01
1.735574103057117568e-01
-4.853383087617666458e-01
2.033633386290277789e-01
-7.741085937918475990e-01
3.799826349402867232e-01
5.556376415949286773e-01
3.981861530385855108e-01
4.166520355608979154e-01
-7.108856282780311453e-01
-5.353997372046518516e-02
-4.489231497986781450e-01
-8.431060875490780093e-01
4.917127762914802469e-01
-2.650083602489967105e-01
5.649940926864923663e-01
-1.615670322345408305e-01
-7.742175586509528751e-01
-6.328571589625963112e-01
-7.824393834474392406e-01
7.086493673673488480e-01
-4.727563830233535436e-01
