2.401866865301636733e-01
-7.265733286017367343e-02
3.249780204831971275e-01
-4.166815339045872729e-02
-3.299839737628078584e-01
3.456512817031824336e-01
4.406579392406952400e-01
-2.047887863938832875e-01
1.577752294452732795e-01
3.227716241182546075e-01
3.320918752062714807e-01
2.129926841539066251e-01
-3.630476425671150253e-01
-3.956565884501716396e-02
3.388736905887201334e-01
-4.497193285938766993e-01
2.481253277008675651e-01
8.615569324037078425e-03
-3.953804125746195886e-01
-1.568591971959747422e-01
-1.268014676150793496e-01
2.809062909950668097e-01
-3.821280925549391250e-01
4.158427773705811181e-01
4.766439071451546994e-01
-6.359027404490336793e-03
2.538653379996537174e-01
-1.133247374168198235e-02
-1.128489627323285283e-01
-2.719787823780659974e-01
-1.087916876089801560e-01
-3.449556468459203384e-01
-5.435483588264052035e-02
-1.390146153592498046e-01
-2.892266772803966934e-01
-5.914032551555659101e-02
3.618908773048788441e-01
-3.412350657230543982e-01
-1.703528027748643647e-01
4.429182345705737767e-01
-4.497174954436936045e-02
2.125074373521269600e-01
2.770847307123494585e-01
-8.014564244160694850e-02
-1.772568255691731737e-02
8.087934515908370980e-02
-1.721057139369513711e-01
4.642907681356343019e-01
-4.630135938497736969e-02
3.099410118672891734e-01
3.491445018948394208e-01
-1.349014945405172528e-01
3.207984401001351404e-01
4.404924739639749509e-01
3.614626613523358456e-02
-1.423282667445281424e-01
-9.247975574961614376e-02
-4.184945171102408268e-01
4.702663035932974078e-01
-3.234928642501180285e-01
6.354671626084102964e-01
-2.704930681028013262e-01
1.888388207335481295e-01
-3.536381850546996830e-01
-1.217933471772203041e-01
6.641279884531495759e-01
-1.819989406753982630e-01
-1.572568465430832230e-01
4.416849830405915611e-01
3.565488165650778640e-01
-1.651964850819006847e-01
4.649429480534698900e-02
-1.228738195676761791e-01
1.188936802956113981e-01
1.768582888872379244e-01
3.145238108986006531e-01
2.624696758157453180e-01
1.832775615810604553e-01
1.409913179883408030e-01
1.798699220035286650e-01
-1.245620621817620094e-01
-4.792005319190419388e-01
-7.944610938490744845e-01
1.989779925772746649e-01
-1.336534198546807939e-01
-1.152097121346242065e-01
-7.557157800676736481e-02
3.732468994920949967e-01
-1.700398595758101927e-01
-4.068812215508449404e-01
-1.441952840630423560e-01
-3.303866819081951456e-01
2.535036558057443198e-02
-4.043043000186010150e-01
-4.018583011780267333e-01
1.975678771338962303e-01
-6.489220527183459097e-02
2.221852677583547042e-01
-4.443133028028651288e-01
1.529353649839463591e-01
1.902299705389549345e-01
-4.614160161805622856e-02
-3.014314419425495606e-01
-9.127131657886092264e-02
3.333317772442999649e-01
-2.816312510720879736e-01
-3.989005366780983830e-01
-3.534623311071528051e-01
2.410326395636306351e-01
-2.408142625164657880e-01
2.984261712900120322e-01
4.137719974749922702e-01
-3.404807809390338891e-01
-8.853456783224442073e-02
-1.816492960970701454e-01
2.194771447592309618e-02
-4.860609722409867661e-01
3.620426377045578570e-01
-4.084055615002500361e-01
1.288209232069044974e-01
4.886450014748267567e-01
2.346866005518924991e-01
2.935951058535095082e-01
-3.089744805831647900e-01
-1.082009996820735981e-01
-6.842350232844421343e-02
1.537329410679103836e-01
-4.701568462488240896e-01
-2.592084165960503173e-01
-5.793222246732634105e-03
1.769710677788751407e-01
-4.532392457735051616e-01
4.122790948375278930e-01
-2.129354771850314465e-01
1.049597260167591667e-01
3.359793045330564110e-01
2.539679886790275898e-01
9.480128352481105580e-02
2.864116981475285911e-04
-1.199262247546756532e-01
4.966938393518932626e-01
-2.834917464273806753e-01
-3.297892260251872321e-02
2.147123994496850929e-01
1.791435162596710096e-01
3.407016592191859372e-01
-8.842864404020113478e-02
-5.876721119452028158e-02
-1.534990873322508997e-01
-2.845706780719106099e-01
-4.749331016356863611e-01
-2.340713515842552939e-01
-2.441556171013794241e-01
-7.211852986811211064e-02
-1.484103340569071228e-01
-3.160677723405191930e-01
7.735750442471682475e-02
-1.794703998887769714e-01
-7.450062015870956289e-01
-2.762261991849047915e-02
3.417217835118961135e-03
6.241627314408353111e-02
-1.835982422977808781e-01
6.037765815918559337e-04
-2.063852638322311306e-01
3.131528276669185429e-01
-2.401013585743608236e-01
2.912650234440012920e-01
-9.046754385152909472e-02
9.333066833193582879e-01
-2.338328631086281639e-01
-2.018428788681899677e-01
4.360317793885941096e-01
9.865175288054162106e-02
-1.020402730990131041e-01
-2.182120757157959834e-01
1.472729588594006433e-01
2.777609357437659798e-01
-3.197956832833559471e-01
1.076843764257974234e-01
4.108071595552145044e-02
-2.499575712664601698e-02
1.686589436395256603e-01
-1.669304091425331538e-01
-1.272743223887935482e-01
1.394947579623218581e-01
-9.781568150499722614e-02
-1.486430180126329381e-01
-1.511368558325601463e-01
9.160392545586200364e-02
4.290452163118163020e-01
1.368057506781630572e-01
4.568700189749995144e-01
-1.559607830769051406e-01
3.039315586641821304e-02
1.996552858263100916e-01
1.048099596994759436e-01
-2.587039867610027022e-01
-6.654612601085246881e-01
4.317846596425006789e-01
1.149207057607098126e-01
7.073605561683672660e-02
-2.826570074536181951e-03
3.428981753327945969e-01
-1.025246406920985315e-01
-5.174734402495335672e-01
-3.129807033551536000e-01
6.180532202705864009e-01
2.712925616650316285e-02
-2.247625855458472346e-03
3.359939159890088511e-01
2.544438206059735849e-02
-6.212262981205318724e-02
1.891204719880038021e-01
-2.217018565510089079e-01
-7.238604768571726966e-01
-3.867013868049386516e-01
4.556796669673505717e-01
3.137137706108316659e-01
2.474879374535673138e-01
-1.935924853156122116e-01
-3.091770129550820978e-01
-3.608887501933012998e-01
7.703531224013165923e-02
-4.884144905761885203e-01
-1.616977945062320066e-01
5.160462905470992734e-01
-2.894154076289096045e-01
2.040788084798363933e-01
-1.797504211694604115e-01
-2.067877348176303323e-02
-9.888486731470053082e-03
-8.784238801430296895e-02
-8.712301816910603125e-02
1.199407606772475016e-01
-3.096443308517868309e-01
3.057611460401197800e-01
4.319816686631057223e-01
-6.950399105847036851e-02
-5.029160889325287598e-02
3.355803004211431739e-01
-4.001961292284573757e-01
3.877585149913416740e-01
6.615094483146485294e-01
-3.264093504248178346e-01
-2.227861863071331494e-01
2.281871674612090117e-01
4.701115457559996713e-01
-1.467173705000364703e-01
-7.600496422841399036e-02
2.841340890669952768e-01
-3.050180533119923321e-01
4.776948377617292740e-01
-2.560107110899690341e-01
6.662630693332106668e-01
-5.757447013297032345e-01
3.631532869232616950e-02
-5.224935032202551177e-01
3.793904335025841124e-01
1.022252022767292517e-01
-4.929339441496427554e-01
-2.185046742323392965e-01
2.791593358214218834e-01
6.862136174043650394e-01
9.758038007797589786e-02
