-7.417089227799827933e-01
5.940366876373510685e-01
7.863608395399843687e-01
-3.893521202890704025e-02
5.763594131218585659e-01
-7.838701887204228003e-01
-5.617151526120143235e-01
-6.843505228598643075e-01
-6.957971582179964809e-01
5.729112945268448609e-01
8.944347519299405969e-01
8.448159930697642928e-01
1.506689369004088341e-01
-8.822416648364148628e-01
1.508752522851871947e-01
-5.962174025536635114e-01
-1.260796359821125812e-03
-3.636890747402948265e-01
2.980563334294593636e-01
-5.673397310448740072e-01
-1.554718762868179671e-01
8.415993872950612298e-01
-8.715757526789724707e-01
1.000000000000000000e+00
-4.913609478932094987e-01
7.009367220993911740e-01
1.140110509342111000e-01
3.609763805923317803e-01
-6.323820900829557612e-03
3.628878514459885074e-01
5.186339480767967469e-01
-6.712288634321865732e-01
7.085802941269623290e-01
1.000000000000000000e+00
-4.375645880790461906e-01
2.962310562887244814e-01
-7.055682737889634737e-01
-3.231759322308053739e-01
9.168368711445012975e-02
7.133012221638825867e-01
-6.329212348739922112e-01
-2.934416290061532262e-01
2.966974089242544466e-01
-6.635548670070638977e-01
-7.754806522986539274e-01
7.223329886319902471e-01
8.996634161104384297e-01
-8.604416433871631131e-01
-4.394839004294381901e-01
-6.647470974417408751e-01
2.897970419925499641e-02
-7.848441212781445131e-01
1.719083302355131626e-01
-9.083578626588695304e-01
2.515155986311189973e-01
-9.702393537267092194e-01
5.313045027287998101e-01
-3.894916992099741737e-01
3.839967968094348816e-01
8.245925712022490472e-01
1.355814856828254089e-01
4.473072770615764693e-01
1.174262142375892548e-01
9.595261688656961940e-01
3.705615285469272546e-01
-6.918175470350012013e-01
7.527516332604107241e-01
2.865389146044179380e-01
-5.795151808802070370e-01
8.267992058469105787e-01
8.726247324259960025e-02
1.299694593138722709e-03
-4.127281690105606415e-01
-3.877236770175426228e-01
-3.788737578697089492e-01
-4.212789708188402482e-01
-9.118875696039001610e-01
3.057878493436059220e-01
7.998741417026018485e-01
9.338959037141170150e-01
8.340643854931117929e-02
-9.741724357030345782e-01
9.752254149299199870e-01
2.600519095295938943e-01
-6.711209546004073268e-01
-4.446677447854463505e-01
4.310667610654345672e-01
-2.965298566626948240e-01
-4.925617159242985377e-01
-4.374143357294095757e-01
-5.541551852583724569e-02
7.990515937695841231e-02
4.963722738738581830e-01
1.123304027800386962e-02
3.305243197511709141e-02
8.207459378693181540e-01
-8.543520808364180041e-02
3.405771718157647454e-01
1.940527634326689455e-01
3.349064502417208322e-01
2.581340070342557635e-01
2.711027173685662817e-01
-1.341960683571322838e-02
5.479844429983039555e-01
9.578651930097137335e-01
1.000000000000000000e+00
-6.921812537486297101e-01
4.193637591243943863e-01
2.839030498667375890e-01
-4.980167235726495889e-02
1.814689071263464459e-01
5.364383328029589393e-01
2.983810717456263362e-01
-9.305143334810050959e-02
1.796311010511131290e-01
4.391171215677826534e-01
9.906021977684682511e-01
-1.520729050146936157e-01
-2.383398582375042402e-02
-8.909098011760170355e-01
-6.455230090781289842e-01
5.209369251317474969e-01
1.607549782101844182e-01
6.588027055661056508e-01
1.430850698518688346e-01
-8.455207737079517560e-01
-7.702963455663305314e-01
7.553231423258057742e-01
-5.071582596659001130e-01
3.852063665002189996e-01
7.284511266062607682e-01
-6.428396071027370207e-02
-7.221626816182530328e-01
9.811837450693595697e-01
-2.225938816799284403e-01
-1.173243191844316469e-01
-4.326731188247541771e-01
-7.387773715956527099e-01
2.524273121675475462e-01
-2.617134203280873095e-01
8.492763654623732839e-01
8.024189167913517995e-01
6.498636233810228813e-02
-9.276101554798177329e-01
-6.619627953919304808e-01
-9.052281285591532445e-01
-9.446869301279852138e-01
-3.582823374586551202e-01
-8.219118165298981982e-01
4.068620576529439203e-01
5.997690126297763324e-01
8.241965681807996713e-01
-1.316848491837661062e-01
-8.308463319864809460e-01
1.000000000000000000e+00
-8.104619707145945817e-01
2.265849921843297310e-01
-6.743166107126328246e-01
6.380946074125892764e-01
5.286577294665328886e-02
-2.642236645894989744e-01
-5.564504358192756683e-01
1.361307439232923855e-01
5.924498206663808553e-02
7.342295008886123853e-02
-1.634327948839010558e-01
-2.189682249831812477e-01
-9.853466489245232829e-02
-9.932345962166180264e-01
6.454544988237742587e-01
-2.512137158858570030e-01
6.259631183365946816e-01
-7.472861283865059878e-01
5.737142652195580395e-01
-4.732060719252724201e-01
1.861311218483123475e-01
9.119956684891197263e-01
-4.487065830698444557e-01
5.176662818526855947e-01
9.419317798341826364e-01
3.530644978346100804e-01
-6.495506590990141049e-01
-1.971155937803714675e-01
-2.347233145526086417e-01
5.508695770717855211e-01
4.734193237767001516e-01
1.233710619840245326e-01
-7.730213146962539028e-02
5.082139801736760276e-01
6.433171247950104643e-01
7.646174956268223522e-01
-2.572234573411535941e-02
9.949443553285253206e-01
-3.353488900383775895e-01
7.797882544377967573e-01
4.474760700207378594e-01
1.134242162664902409e-01
1.321331860869471020e-01
-2.230299557876136429e-01
8.206000410403513357e-01
2.217839559339657152e-02
-1.000000000000000000e+00
3.751641277599611635e-01
1.639940636713663746e-01
-8.047599273843315526e-01
3.750620710539722680e-01
1.822153232373537879e-01
-6.082174911815674268e-01
-1.000000000000000000e+00
7.919234776936825426e-01
-2.133430982177609292e-01
-2.455674984763261404e-01
6.436509070498785956e-01
4.790713091434586346e-01
4.037055915240334580e-01
-9.883601406752349217e-01
4.587805327581678805e-02
3.333071506442399357e-01
-2.815980935595052692e-01
3.878232132228776052e-02
-6.311141992705453507e-01
1.752455303152717914e-01
5.830944288012462895e-01
4.824336221353412446e-01
-5.347708170375964354e-01
1.379373576912728272e-01
-1.364368822870520859e-01
3.916893124687392813e-02
9.925847353875976165e-01
7.507035778029478301e-01
-7.374270510753389019e-01
-1.680660186327846972e-01
-3.601743664804219619e-02
-8.141998952387186073e-01
-5.989581807673260982e-02
-3.856194563144406673e-01
-2.800084791966853115e-01
7.374387424567372396e-01
6.431186020187125152e-01
1.354989109450508433e-01
-9.303364529412159190e-01
-9.831902335714630681e-01
-5.179145248946366298e-01
-8.175781010885508904e-01
-6.587673301142493720e-01
1.634588847936115918e-01
3.311862468643804180e-01
-3.931533499955111033e-01
-3.271481050287053383e-01
-5.499790922432923335e-01
-4.251642776510722865e-01
1.728566412698675503e-01
-5.134694621458759656e-01
4.303899057597826427e-01
-1.000000000000000000e+00
-3.908747789106870041e-01
-4.825684884238123917e-01
3.419128378355423825e-02
3.824416956605293239e-01
-1.372569724451200290e-01
-4.778860266543652480e-02
1.768524364965523565e-02
2.253639176728788884e-02
6.213763274910490131e-02
-2.639876956823988818e-01
