2.395167735276016729e-01
-3.812275956236053642e-01
-4.422405443108876066e-01
-7.232767792468850487e-01
6.250665995875206438e-01
2.085542621338881686e-02
2.118955279646765055e-01
6.497696160093768825e-01
-1.756915993694906364e-01
-5.271744370635516042e-01
-3.606483783055403070e-02
-4.541257047672601632e-01
1.758289195634969437e-01
6.803116746534754178e-01
-3.178269036059149788e-01
-4.232735231740935022e-01
-3.888449698572457036e-01
-3.518811909491891265e-01
5.831311981301825487e-01
-5.974176952834897580e-01
4.568952148003424529e-01
4.270054271927134493e-01
-8.560395186342517615e-01
-1.043187160662057411e-01
-9.070436539007291632e-01
-9.145439860302349844e-02
6.412112282624058412e-01
5.758124253825175343e-01
-4.238196892523833359e-01
-2.982482824956970702e-01
1.995420823246811248e-01
-8.253144854839731259e-01
1.220234980765560855e-02
3.843133905174643816e-01
5.269715784181058238e-01
3.017505809261674665e-01
5.065770483285177983e-01
-2.007069011097046829e-01
-4.602510642698467991e-01
5.326507090173344255e-02
-7.139570748688102153e-01
6.704310458965413444e-01
-3.062588192561340739e-01
8.349961522660557245e-01
1.689973201381218815e-01
-3.155950966470879027e-01
6.846093104222473746e-01
-4.110663813267720901e-01
-8.288974017268414540e-01
-7.562249979701302083e-01
-9.409772909194732415e-01
8.476126916165938052e-01
4.147844277681105307e-01
-2.230079767219289855e-01
1.968778623763118296e-01
9.301085132246436626e-02
-7.752151211211821824e-01
8.663727393470276317e-01
1.453543572602650769e-01
-5.706437274499692736e-01
-5.722556537877447891e-01
3.620453980356213020e-01
-4.486950839594330831e-01
-4.635200672720372062e-01
-9.322737774654792087e-02
-4.236747841279111526e-01
1.425445756413997733e-01
-7.389839808614930838e-01
3.876706128436651633e-01
-1.102673399851114844e-01
-3.913226425709379619e-01
1.079663678125924453e-01
-5.958914198483489244e-01
-1.525208068054456911e-01
6.779368796263228747e-01
-4.469123684366109184e-01
1.676622694559197491e-01
2.737647407591466964e-01
7.805160635289771776e-01
-5.355121694430411416e-01
7.289038854071540341e-02
1.607423681629528978e-01
4.036577784516986456e-01
6.654772369606706262e-01
-4.584345672787520365e-01
3.169223291896474670e-01
2.105449273984405789e-01
-1.673087363338127964e-01
2.062280145040842061e-01
5.066012325374106284e-01
1.000000000000000000e+00
6.492677477723252100e-01
5.016834745955764951e-01
5.218609491707161263e-01
7.809587248532318116e-01
1.777422722296873314e-01
-6.011576967306465208e-02
-9.809450401825801913e-02
-6.778430295998342237e-01
3.571959513925281327e-01
-4.140603326056513378e-01
-6.819127340301879281e-01
-4.121581766754975895e-01
1.000000000000000000e+00
-3.300173723018177130e-01
-7.397520661724383828e-01
-5.718753640020990403e-01
1.097036590336037676e-01
9.006149112765994280e-01
-1.073081489112933384e-01
4.846976585029751372e-01
-9.093100777275774094e-02
-1.197752145664817205e-02
-1.523261070903815240e-01
1.708119881900061199e-01
1.299312764286005839e-01
1.350504053042506369e-01
-9.611411278269677005e-02
2.494874981373362277e-01
5.185174281471964797e-01
9.177188826986357739e-01
2.700358313023942802e-01
4.969277275641754699e-01
-1.928049456105395132e-01
-5.375634853180847328e-01
2.215105210503827415e-01
1.910973579108947162e-01
8.167465169907398570e-01
5.550186881768244263e-01
8.504316105286262306e-02
-8.669362388628942817e-01
5.599862635219620133e-01
-4.197340928289294837e-01
-7.540841900295911504e-01
3.696140623754292642e-01
7.038835204990484540e-01
-1.804639707514914815e-01
-4.900925020585404912e-01
3.470012779720327289e-01
-1.792131962777198939e-01
-3.028151582058286606e-01
-8.245982737548120944e-01
-4.967881695316893609e-01
5.178561741345821812e-01
-8.926663478715778366e-01
-5.138461577696966653e-01
6.149899628469657209e-01
-6.678903198220867976e-01
3.961895793076560257e-01
2.075077474801079458e-01
2.950620921545537567e-01
3.397106276274699521e-01
7.747446071016977909e-01
-4.750469220063971987e-01
6.421514454786672044e-01
-2.929263699920152120e-01
6.776617229247329233e-01
-2.754223077396253383e-01
5.067574928533720158e-01
2.827235729032637201e-01
5.389755068486398182e-01
4.632610326758611619e-01
-4.991199019021177463e-01
1.856900906885035063e-01
1.944979898732004386e-01
1.739085202049945877e-01
6.903307283404087613e-01
7.410447362816736661e-01
9.827296351375798267e-01
7.682076451815814666e-01
8.738892400995437182e-01
-6.565888906767286537e-01
5.769723415352440155e-01
-1.175171951722677050e-01
-7.685161115864455050e-01
4.748743992959771898e-01
4.446072874773717709e-01
6.237961704429911824e-01
1.678498636086495077e-01
-2.788882775884541365e-01
2.667630893483429189e-01
7.346876372294858237e-01
-1.872618216799463442e-01
4.851995214619741481e-01
-2.797992337890641001e-02
9.233588941174723785e-02
-1.650288099011014975e-01
4.755401514112043704e-01
-2.370849245625428758e-01
1.823420090015225592e-01
6.834146914744922974e-01
-1.583950782867834736e-02
-4.824173786000139907e-01
5.681073604654512943e-01
4.702312936765943863e-01
3.054044418057022536e-01
5.511882059367991804e-01
-6.665020571661146587e-01
-7.795560829660638236e-01
-3.768347737034985490e-01
3.843075213185068728e-01
-1.735354417285139839e-01
6.009396613999766490e-02
-6.191638130461559753e-01
2.313445764473050226e-02
-5.729353370396799150e-01
5.184738279120412185e-01
6.930518533672196391e-01
6.345966679694079460e-01
3.472373521817469916e-02
-4.376313157816185129e-01
-8.075791206538773803e-01
-1.092622010000337263e-01
-1.543413073730162122e-01
1.000000000000000000e+00
-3.960816435660513557e-01
-5.566664171963527918e-01
5.498549351851061973e-01
1.281797366046495967e-01
-4.365658696532090377e-01
-7.185489928760527834e-01
-2.829772699670388691e-01
2.353287746470985459e-02
7.213080092598596060e-01
-4.940633414207722951e-01
3.718326777944266359e-01
6.116405252802173398e-02
5.420653131629592503e-01
-1.709826820298712136e-01
6.906015202093201966e-02
-6.926970518751851547e-01
-2.366997174203981369e-01
4.918806546399635549e-01
3.454500904557000762e-01
-2.285691067272419552e-01
-5.877134486607380470e-01
-5.424860167540841438e-01
-9.949856203489255702e-01
3.908364134825129677e-01
5.006063915149921995e-01
8.518264399727616676e-02
6.630455358662750154e-01
6.237149098107510614e-01
-6.902847117085665340e-01
-1.113111590940196478e-03
7.101345352001804390e-01
2.921930002143284244e-01
-1.586599266173853717e-01
-9.075212968196487429e-02
5.386967089715475332e-01
9.821919490261397934e-02
8.267477645592977709e-01
1.086247517145023100e-01
-2.947757679481601278e-01
1.389439185298457502e-01
-2.958730505131688115e-01
-4.925609319586601864e-01
-2.545336473275579547e-01
2.061904062764758350e-01
6.820615549398646449e-01
5.394086436016848340e-02
-2.976576701629385924e-01
-4.929382460868225735e-01
7.191525127428785025e-01
-7.748719608062671904e-01
