-5.619245094942583174e-01
-2.850673682100882123e-02
4.422905208399523502e-01
2.847981587401992032e-01
-2.099340352765128800e-02
-2.291531324260559152e-02
1.796405814328733697e-01
2.531527655927657827e-01
7.353657833199622740e-01
-1.941644560431875569e-02
-2.685666487419717252e-01
-6.250178915233188803e-01
-6.074601107277306511e-01
2.916436263120105732e-01
4.301021147803060773e-01
-3.235805095574721402e-01
-4.850718646970093584e-01
6.564018839657446147e-01
-9.294940192048212202e-02
-3.161273685592349003e-01
7.581536733029159425e-02
4.320033982815301155e-01
7.710840324897723086e-01
9.927155979784775541e-02
-2.776880790577916924e-01
-4.452791102671961876e-01
-3.296552807272307151e-01
-3.492620449391776183e-01
2.985878020646788311e-01
-2.401585047308912313e-01
6.274063917549453639e-02
-1.630206442177869197e-01
-1.552167352763523522e-01
-5.985103160422151625e-01
1.948078674183446879e-01
-3.942084348787260328e-01
-7.600469297528047452e-01
-6.633670348566065300e-01
-6.705502318088112090e-02
3.573189182364638894e-01
2.375549659455132578e-02
6.994007975171373515e-02
-6.770425093624159452e-01
2.427042819717329658e-01
1.969751129513082066e-01
6.829449099289662817e-01
-2.512937159879525817e-01
4.647537597242109575e-01
-1.891689141209855762e-01
-4.559929476781893753e-01
-4.063669206613106932e-01
-1.876451732479452184e-01
-3.076190629131717591e-01
1.748296288299834023e-01
6.319706146820902593e-01
2.276367664104787802e-01
-4.964156461900882077e-03
-2.677774559388167996e-01
-9.393716832376752812e-02
3.457395755918089009e-01
-3.817079480842136552e-01
-5.192976289116250088e-01
-3.185196582321571102e-01
-7.970409024365701089e-01
-7.698498015694349439e-02
3.490109555144588205e-02
-5.495516269015979782e-01
2.403640640314241850e-01
6.427961671353285000e-01
1.000000000000000000e+00
-7.746372998064923188e-01
3.025976146940096978e-01
8.525102642769233352e-01
-6.063207793163503112e-01
1.000000000000000000e+00
-1.763890282172481117e-01
4.721863417251226380e-01
-6.232693376136817509e-01
1.944289303555386539e-01
7.232936009229278262e-01
4.163305465429212870e-01
-5.277296510537827778e-01
9.126329691882173467e-01
8.070238738371970921e-01
2.911080375180863378e-01
-8.454902426240384905e-01
1.000000000000000000e+00
1.363973948256703705e-01
6.672383559522145902e-01
-5.106559322227000042e-01
-7.885742384812038930e-01
-6.841854171272129248e-01
-1.854781051490794752e-02
-6.268549110558868653e-01
-4.605458040076542137e-01
-4.870180392889345011e-01
-6.905167938846301645e-01
1.242316129896252619e-01
5.189675359845822289e-01
3.998837258551691809e-01
-5.638956505674319608e-02
4.860004391499811449e-02
-6.458010199890502623e-01
-4.608711792931429185e-01
1.000000000000000000e+00
-6.985681309720359611e-01
-9.446626225854709569e-02
3.532943621648039212e-01
-7.407471516762547115e-01
1.000000000000000000e+00
-2.564556899794904199e-01
4.754371008335265270e-01
-4.093189756304131399e-01
-3.525753519842478312e-02
-5.255798763084001957e-01
9.597244554341383127e-01
4.901157181543189800e-01
-9.297465742229410468e-01
9.567574893291117544e-01
-1.000000000000000000e+00
2.771451377494331125e-01
-1.916806165937154915e-01
-6.617441549351135155e-01
2.628093314810810988e-01
8.544195783528396593e-01
-9.697479487054219138e-01
-1.092282081924305093e-01
-5.459416394084604107e-01
-2.772658181475360362e-01
-5.138800071501599120e-01
-6.918546777892156108e-01
-1.000000000000000000e+00
4.648483585901027615e-01
5.043899885004154982e-02
-4.272445770295747458e-01
-1.840199468896497326e-01
5.897233508108551403e-02
5.151379980743739928e-01
-6.000687685014469697e-01
-4.075450611823050462e-01
-1.484825048398916714e-01
-6.381026763699129134e-01
2.663764468837880039e-02
1.000000000000000000e+00
3.787928957763461724e-01
-3.829562578708944898e-01
-2.396520878988332992e-01
-3.219777134812152886e-01
2.298710605983762534e-01
3.396462929754964222e-01
6.930743471864995175e-01
-1.824129849436728623e-01
9.703550232779014628e-01
-6.188912340861725259e-01
6.566254770842561150e-01
2.187265822492281409e-01
3.552512503957415690e-01
9.037142524975925184e-01
-2.610401864817594175e-01
-6.172283786751513457e-01
-5.841466435329145668e-02
3.988286606693656200e-01
-7.194728615356540402e-01
-3.074420863784279589e-01
4.762955842657706773e-01
-3.230450790510923653e-01
6.885202413384228226e-01
6.333813425267678099e-01
-2.304012463278268807e-01
-4.429916335680299522e-01
2.932197211758009181e-01
5.014855245700385877e-01
-1.731294154018396814e-01
9.263641423382411311e-02
-2.064005976165637635e-01
-1.585579687554729000e-01
-5.340706444415554977e-01
3.136462829579167444e-01
6.143392323877455707e-02
-3.728117217275705997e-01
3.537485965766692386e-01
7.106959450872848971e-02
5.064964780055837279e-01
-1.754487266211159358e-01
6.115585469541251484e-01
2.899437053286566535e-01
2.168892883327934451e-01
-1.803844679594260036e-01
-2.931897310371521237e-01
2.792313828921150765e-01
2.153508610320955252e-01
3.062594013191123898e-01
1.781557931201174227e-01
1.748787377248763042e-02
1.848138202296201460e-01
-5.364816454919703048e-01
-3.118987729741409809e-02
4.755152625351988793e-01
2.388842781037960883e-01
2.471422767039664625e-01
-6.745462107926267215e-02
-1.633645207092859486e-01
2.435897868430776936e-01
1.393320517887325360e-01
-6.071128204796351346e-02
-2.973335911375457608e-01
1.688770781206311855e-01
-6.919571816156155908e-01
-9.422635757053199335e-02
-9.397469147825912583e-02
2.031953384113286964e-01
3.693514927981939033e-02
3.915547654725118898e-01
1.730522133377658534e-01
3.663382329797737480e-02
-5.329310268064562095e-01
6.818453716056405156e-02
3.949714627495105046e-01
6.307611707000058132e-01
1.164547032019971895e-02
3.991218622028108176e-01
1.749294271163800985e-01
-3.632587139629197548e-01
5.532434017036254315e-02
1.000000000000000000e+00
2.994726760896802009e-01
-1.753864789792353440e-01
3.273941013302178460e-02
-8.529300279462086465e-01
-3.738305144833478089e-01
-6.776270265602627463e-01
1.000000000000000000e+00
6.159924164154096937e-01
-2.196798676977931297e-01
-2.643851066092756663e-01
-3.101490500226172231e-01
-3.165032158369779358e-01
-6.520864158735908411e-01
6.316595443388364206e-01
3.836230772926738086e-01
2.400149019537445860e-01
-5.645409160413747407e-02
8.195044597908877071e-01
8.556204273371935398e-02
1.506519334960456924e-01
-8.795909650351314557e-01
8.014909598367933041e-01
-5.273964956036519824e-01
-5.264870828884055109e-01
2.699548617718676158e-01
-4.001462083333296449e-01
-7.163163024565225578e-01
-1.509201069683108187e-03
9.889571336279935621e-02
-7.389449117458646299e-02
5.003469620166214327e-01
4.709215113375700978e-01
3.860971908835049149e-01
-2.093960592991641126e-02
2.058179746596654480e-01
-1.911432596659511096e-01
-6.471061326490159527e-01
1.666469369478917883e-02
8.509643267946780387e-01
-1.400615629566561715e-01
