2.808719691474980129e-01
-6.191101357277296879e-02
-1.259028372606537383e-01
-6.504971957424747486e-02
-5.494878575095386852e-02
2.630328975232307798e-01
5.148878718447010838e-01
-2.745372974614189165e-01
-5.195531216195981017e-01
4.309920414973455460e-01
7.128360554470206112e-02
4.665590074643079753e-03
3.301858116950100869e-02
-5.288799614404906535e-01
2.317253573666020472e-01
6.223452042617910740e-01
3.184407994107732454e-01
2.213187068626044640e-01
-4.140049675819518771e-01
-1.382683152929511106e-01
3.377290237348692381e-01
1.555821679085692411e-01
5.689059780767444785e-01
3.576242875577531066e-01
3.429524260924921020e-01
1.466648849802666132e-01
2.534684833763172218e-01
-9.415882597821979838e-02
3.505945897396935962e-01
1.415346206066149803e-01
3.678320533475963328e-01
5.241853978597656866e-02
4.083780595844830885e-01
7.801838848678600835e-02
-1.751160428364184340e-01
-7.346682171441301645e-02
-1.197537642623504733e-01
2.035802146232888743e-01
-2.080575702613229605e-01
-2.075519042957930937e-01
-1.242562617823831511e-01
1.281089692929694712e-02
-1.339813279325747786e-01
3.349526678736746699e-01
4.972042896740715839e-02
-2.285151054676973492e-01
4.191163673131217959e-02
-8.196408593594650682e-02
2.520812819806259042e-01
-3.818808771250234435e-02
3.450249291279358088e-01
-5.461632713398113514e-01
3.588875865580058722e-02
6.289512614319839323e-02
-1.209117678747743674e-01
2.572215118282312855e-03
2.241337846882862639e-01
2.464041697394466768e-01
1.697436360258063326e-01
-1.595185219903894891e-01
3.701228262730569263e-01
1.161591798845610646e-01
2.579020037017607514e-01
3.601063312175284414e-01
-2.802719181363487813e-02
2.530535057772493879e-01
2.072096648267423083e-02
-4.341291588777397847e-01
1.804589990626731255e-01
-7.873507051209695240e-02
2.780590066991301401e-01
4.202052748209305633e-01
-1.294786730958922827e-01
-5.388895493998466929e-02
-7.125336397746705464e-01
1.616652228762505139e-01
-2.939247470101226112e-01
3.038115890409657724e-02
-2.765185882450055602e-03
-1.936368320811969468e-01
-5.444789054786365323e-01
6.033401163545336343e-02
-2.434155893384419289e-01
-3.128531428458658503e-01
-8.287705264934995542e-02
6.299660339527076713e-01
2.198921670601144684e-01
1.256823801442099112e-02
-5.821806656728047979e-01
-2.164866911558093465e-01
-6.116503154288670530e-01
-4.246233773025526737e-01
-5.080798429727368948e-01
1.988200674301290882e-01
-4.592012455150455419e-01
3.841756374321046996e-01
-1.305431560612555497e-01
2.304929874902435227e-02
5.222266966769890245e-02
2.193002922682878997e-01
3.853680435463802123e-02
1.952811237455047699e-01
4.255398458032166320e-01
-5.541879025953599935e-02
-4.979904435485983660e-02
2.233421082464417950e-02
-3.412890401653580902e-02
2.106434768464617580e-01
4.911910751947206055e-01
5.228350715752944078e-01
4.903574804306407575e-01
1.973238438109014281e-01
-1.614036731976232208e-01
3.856649377414357593e-02
-1.381505226848029066e-01
9.462865007365389713e-02
-3.562605864067684980e-01
-1.304814390438119587e-01
5.814484761229934406e-01
2.777742719519342256e-04
3.056958659993828098e-01
8.342965013076682201e-02
1.328255600048005025e-01
5.019948231098363828e-02
-1.729076788496258510e-01
1.449942228161384683e-01
1.012296528529849221e-01
3.184682258427117829e-01
1.536218381900358032e-01
-2.257105646443604077e-04
1.252544205297741464e-01
2.857316763792073361e-02
-2.063706156710428397e-01
3.594018739798542916e-01
2.457395754644275676e-01
-2.215383761820403224e-02
1.292249792946437159e-02
-1.709011048735446098e-02
1.605223157530149825e-01
-1.792593665309181461e-01
-1.136303255506245502e-01
-1.046908354821158710e-01
-3.241106704117160398e-01
6.948223929781748021e-02
5.435681582871210171e-02
3.069422675246221699e-01
-2.517633661234390807e-01
1.448311888956339659e-02
-2.168453411361954686e-01
-1.915142220296808112e-02
2.180734979667893758e-01
-3.316364249514808238e-01
-2.284265752984315501e-01
-5.034800801610024301e-01
4.704078790040745472e-01
5.872044012692487769e-01
-3.610934941514999941e-01
3.318958270002008160e-01
1.706970366698117580e-01
-2.716382459840621100e-01
1.765232078249735492e-01
2.694943850806575947e-01
2.854157228945479741e-01
-2.434459482841815903e-01
-5.709242590275060980e-01
4.631168373908923774e-01
6.450480567395477927e-02
-1.596192617645458833e-01
4.687412478618065981e-01
-4.373011590489412487e-02
-4.567336104830083676e-01
2.552002330959187715e-01
-3.554702053056952860e-01
-2.685798550005267238e-01
1.891008207719252765e-01
2.121961025482251850e-01
1.912488216505557614e-02
-4.142981561466217988e-01
9.217876485857895430e-02
7.038385297556048678e-03
-6.037427499136762687e-01
-3.889465032654219612e-01
-4.817985787960306632e-01
-5.248865574108514676e-02
5.786518600238876875e-02
-2.251145351811547068e-01
-4.316815021131857333e-01
-2.119762638707828051e-01
4.903561851872336730e-01
-6.747471675411526038e-01
3.133684588172317431e-01
-5.818250260717512390e-01
-3.376745528233150440e-01
-4.908690703493481244e-01
3.985102473947352286e-01
9.360925693014220117e-02
5.700812651689779464e-01
-5.661014731036625447e-01
5.058063230686905554e-01
3.634844517186821555e-01
-1.253006985835232803e-02
-3.387104250642805625e-01
-3.940410985115875286e-01
-4.429576937284000065e-02
3.554315559024175952e-01
1.114163857276630198e-01
3.759977084066684072e-01
-2.767994700655464491e-01
-4.673337670553094902e-01
9.917860953592483320e-02
-4.624517306398258643e-01
-1.770078630986850754e-01
3.398231135742520448e-01
4.525932298495653483e-01
1.599841619144232174e-01
3.228600969083600947e-01
-3.909454070911131951e-01
6.296159423207495776e-01
-1.061931873652033481e-01
-2.557947290639463883e-02
-7.610255654234891753e-02
1.451983712816911909e-01
-8.498936595395321925e-02
1.399191758014110831e-01
-3.669148698730849145e-01
-2.259724950468542867e-02
4.617783934682166413e-01
-2.712511565193962415e-01
-6.350454317664150361e-02
-4.506909380407035648e-02
-6.187928031460474543e-01
4.436310902379357601e-02
1.232261140013792000e-01
-2.871193889313346514e-01
-2.588215427834736904e-01
-2.031145104333466622e-01
6.967632831202735799e-02
-4.961878285167116778e-03
-1.575986496662328262e-01
-2.286149339871625663e-01
-4.944983230643461292e-02
-9.410327427446471549e-02
-9.970753997111800326e-02
8.861338624554333798e-02
-2.037783257621521293e-02
1.173019520034260590e-02
-9.175342745020187429e-02
-2.040655940166931359e-01
-9.598832635323681362e-02
-7.310038987334659122e-02
2.115000369968905447e-01
2.156968398677563126e-01
2.163376920033276141e-02
6.964905697957446407e-02
3.891572142180402816e-01
-7.556907753089218971e-02
1.682595731521276672e-01
-5.809165684447005484e-02
2.504563090959344152e-02
1.484786008616814645e-01
1.740960397997749071e-04
2.233792428874075420e-01
1.525121274931552917e-01
-8.257148049259950898e-03
1.753671027075708322e-01
