3.182682969245544113e-04
-3.008422848794927162e-01
1.788064425654000422e-01
3.753254392457506250e-01
-9.037875344834428448e-02
1.843570003127735224e-01
-4.157758290659164802e-01
6.206534447674596500e-01
-1.762247287429346554e-01
2.329529588225707770e-01
3.054417161530748048e-01
1.878496336767794539e-01
-7.927298854174660847e-02
-1.382853598018531360e-01
1.577248726026504455e-01
4.349165291391052790e-01
-8.324560243183187769e-02
-3.053891035761102102e-01
-1.131224230266525133e-01
-4.303681408393714714e-01
-4.968095195324785385e-01
6.989437393242087238e-02
-1.756797234021722220e-01
-3.552185732328297929e-01
-1.269416110350295168e-01
-2.672140920135019915e-01
2.569992325489164897e-01
-2.805169090257739542e-02
-1.448980474498599152e-02
2.764613675720709596e-01
1.194239791880649798e-01
-6.766603819386679541e-02
2.851015494487815771e-01
1.055341796426013112e-01
1.220723066602756590e-02
-6.176723403423430014e-02
-2.926624991906627282e-01
2.372037548878534741e-02
-2.332798803427556522e-01
1.268882453642586165e-02
1.012027710037134154e-01
3.188679953284455637e-01
-2.431264348531653186e-01
-3.731360293265616190e-02
-2.243043413436365124e-02
-3.653933228991352866e-01
2.755730241367781441e-01
3.388705998473972442e-02
-5.846040907013368981e-01
-1.100893015040315392e-01
-2.426819381071068371e-01
-2.878347206094198918e-01
1.873819775607175053e-01
2.226381241529062638e-01
4.197629437518847206e-01
9.999646675414004815e-02
-3.295549791708285992e-01
-3.270779843609913362e-01
-4.276805642016930087e-02
-2.692917412163843283e-01
-5.052025489968974270e-01
-1.985554869030987102e-01
-3.402823371350042758e-01
-4.321531158011993612e-01
1.370456778721379776e-01
4.576853068406706859e-02
4.411617066702778756e-01
-2.246340889273573671e-01
1.743728245360013918e-01
2.669266895153371566e-01
-5.647754295790659018e-01
-6.303180597213300929e-02
4.121611699275259943e-02
1.388626391997316023e-01
-4.498051394501061118e-02
-6.148201210500831709e-02
-2.758306134901606921e-01
-1.271328347412735149e-01
-4.172255613769188659e-02
2.418562884066309260e-01
7.846786478833980838e-02
3.393526904847906089e-01
-2.620354687337935751e-01
2.552773805839889110e-02
-3.717213546935772550e-01
4.484157608768431502e-01
-1.461637591547665198e-02
1.001364580200237442e-01
-2.598984485971999603e-01
2.454257616429368072e-01
9.660178116449069652e-02
-4.248742026302400054e-01
4.011655627563037729e-02
-8.140222822537829250e-02
5.804508284444580557e-01
-1.539857378548434574e-01
3.701589916082137499e-01
-1.627161357147681175e-01
2.224139840664653422e-01
-5.412072396056936963e-02
-1.471862755203628970e-01
-8.843398712658717686e-02
1.269041117521746698e-01
3.120425962703536893e-01
-1.332804613955694273e-01
1.952476603223495810e-01
1.193910771137455945e-01
-1.472008896146037582e-01
-3.681035018645653634e-02
1.966566342280701152e-01
-1.740088351972468583e-01
3.167301909311010522e-01
2.540686326233338455e-01
-1.193685047719466874e-01
-4.720697032390190340e-01
3.060793346006798754e-01
-4.187248713947971934e-01
1.040718068671619284e-02
-5.150360405817458465e-02
-2.057633260432853162e-01
1.393436234164712739e-01
1.691100735850201153e-01
-1.313372087031128288e-02
7.865061247901686259e-02
6.082424363180260335e-02
2.678201257792542367e-01
-2.318172937978435766e-01
-1.294905259475492010e-01
-3.445348137395591870e-01
2.201748723717168732e-01
2.562395414861370346e-01
7.138211103981438876e-01
2.215825888180164571e-01
-8.953418217182167183e-02
-3.578910203469914952e-01
1.861822954650318440e-01
2.109896975822120602e-01
3.376117685844454153e-01
2.659822475386243723e-01
3.092326691062723398e-01
-4.661368273838337878e-02
2.994036648336455969e-02
-2.782755532524708308e-01
1.343346441378340805e-01
2.814110669018222155e-01
-8.784561437927140837e-02
-3.886390268302489237e-02
-2.951636104061728383e-01
-5.205089863674307038e-01
1.834044541441335607e-01
-2.142534142306120881e-01
-4.119477550429063717e-01
-1.982132107495931939e-01
-3.561906775212079213e-01
-1.295309635217648248e-01
4.308167347580568740e-01
-1.971113757107007536e-01
4.007708609194574612e-01
1.436140621600435763e-01
1.129154726351908056e-02
-2.191996920541197658e-01
-1.278245119358358828e-01
1.800672792960591462e-01
-2.008837071890996473e-01
-1.066269912447161683e-01
2.091193104881136078e-01
-1.396656338629860272e-01
-4.053234777407412892e-01
-1.992776015853298111e-01
6.596916219570783113e-01
-1.861748396003260753e-01
4.002150206573139579e-01
2.864313154009623386e-01
-4.395045280234285423e-01
-2.529760800335007498e-01
2.050996059438967289e-01
-2.106540992815780777e-01
2.460413947096056209e-01
-1.620045573227911762e-01
-5.301554105720380772e-01
1.967902357403287783e-01
5.001871416655655489e-01
-4.906683037204214171e-01
1.723993874965739637e-01
-7.270137098823679089e-01
7.944090817853553810e-02
-4.874441764497967622e-01
6.084709894275164288e-01
2.987473452461755219e-01
6.171020447681861976e-01
-1.038838259785919427e-01
-3.217718229209128866e-01
8.184538957750985000e-02
1.288632342809875597e-02
-4.081758135960295020e-01
8.920545868299251113e-02
-1.136149081960620422e-01
-1.575945318769957082e-02
1.727192458472696368e-01
3.421281902247497175e-01
-1.082313400974078132e-01
-1.257226722938067226e-02
-2.496039665860674273e-01
2.520731504689219249e-03
-1.259107227025055287e-01
1.833494762305576675e-01
4.462718025292295582e-02
-1.773504492980657390e-02
8.701860342594480713e-02
1.085014559201152307e-01
-2.155540404761024653e-01
-6.349716790904018360e-02
2.316984024571351053e-01
4.047505947266064052e-01
-9.967777986012700542e-02
-1.021504038314781371e-01
9.068055687862151826e-02
-8.866626938544924785e-02
-5.534983581178221784e-02
4.692414347710540529e-02
-2.115540901720934855e-02
8.451207957080410227e-02
-2.417736981965086795e-01
2.198637721704647940e-01
-8.133999064748664853e-02
-4.636702224227288310e-02
-9.648744146064140714e-02
8.091012360865407205e-02
1.025776300529905316e-01
-3.230938886206690119e-01
-1.137256371624146556e-01
2.671338271226639943e-02
-4.742929945028320216e-01
1.614279764679360796e-01
-6.114845175381530135e-02
8.652298556494788725e-03
-3.604750114501203972e-01
1.493035757875007252e-01
-2.512055789545751885e-02
-1.988151375541873447e-02
-1.743256287197798293e-01
3.435207826218225069e-01
-2.930575866603710167e-01
-4.278285927606316763e-01
-2.043547872468047255e-01
2.039587203188557574e-01
1.378644150236687238e-01
-5.570855733399571186e-01
2.879501447206989084e-01
-2.129117478380074813e-01
7.858938967510988027e-02
-1.885960862125569681e-01
-3.975427578566568254e-01
-2.355353149105587907e-01
4.424281996220712221e-02
3.304762343476959074e-01
-1.978924019079351670e-01
-3.494118301015772809e-01
3.292874919933845290e-01
4.259732470822906181e-01
4.859366446090996466e-02
1.492316690526032386e-01
1.005656939117451631e-01
6.553593619710952334e-01
-2.001014837962393766e-01
