4.016024782815717092e-02
1.564716295954747816e-01
-3.093023053779743181e-01
-2.086998559492125871e-01
2.092288540843288691e-01
-6.557442985801474611e-02
-1.685809501676217570e-01
2.803574620358107450e-01
-2.332773546547783905e-01
-2.819054811959901263e-01
-4.066070674338287949e-01
-2.166829357771843656e-01
1.403884277710899797e-01
-1.974330370343281849e-01
-3.874410784715119627e-02
8.171953391540320855e-02
4.006178855328726418e-01
5.366511203160243548e-01
-2.864010650962751092e-01
5.474138638796435252e-01
-2.259500416135762080e-01
-3.659009642836070220e-01
-2.686040493350801972e-01
1.982317166670412301e-01
9.854282591476154485e-02
3.597998192018564967e-01
-3.643058840959390032e-03
1.583605184680304534e-01
5.040985761603375970e-01
3.740474672411521206e-01
9.631287710085878473e-02
-3.697682179240383560e-01
5.466875462635447658e-01
5.631649517822625572e-01
2.661885114770422556e-01
-3.611386250250613328e-01
-4.879580554715539087e-01
-6.164752958620382806e-02
-6.874759313552447626e-01
-1.558914292709580596e-01
6.233117817991825627e-01
1.123861154224789216e-01
-3.528895659992276057e-01
2.392618349430145619e-01
4.079906001806374305e-01
4.970223608326120868e-01
1.388484360853645683e-01
1.033044324312295675e-01
2.809786612568540565e-02
-1.073190916245490428e-01
2.148218660349590289e-02
8.397844550795181828e-02
-3.748660000164981132e-01
-3.562419050763836470e-01
2.857603508256802982e-01
-3.611655031210367350e-01
1.658811188805916770e-01
-9.515581676089441832e-01
-3.976828420832666938e-02
-2.511031254622056452e-01
2.731548118266134417e-01
-8.842792525316375829e-02
-5.959644889284207991e-01
1.918413254534310219e-01
-8.491953754152483519e-03
1.507574590483091725e-01
-5.122596259424057052e-01
2.738007551358153102e-01
4.450022304517381455e-01
8.675073801942052576e-01
-7.087931680387244970e-01
4.808287526191774575e-01
7.219180726532976600e-01
-6.611065233913229200e-01
8.427127987805446141e-01
-8.453335507191322984e-03
1.674180511159985840e-01
-5.511575468670093514e-01
2.330945883721451395e-01
4.545931830864693435e-01
2.107542612670085247e-01
-5.163170546605326816e-01
4.359144349848483868e-01
6.286552350274579037e-01
2.588212496215336333e-01
-6.910285887578127006e-01
6.443810937234785152e-01
-1.281273659707213575e-01
6.802725566979063165e-01
-3.492156764107019473e-01
-4.045364388954553192e-01
-5.618683485099560393e-01
-2.837654501793714923e-01
-5.728649379704675582e-01
-3.999805418601548035e-01
-5.586162330313305668e-01
-7.138255391347327894e-01
4.167591223025674529e-01
3.409981606245900410e-01
4.010165797438078883e-01
-4.118447559104006922e-02
2.922993345089138773e-01
-7.437030026968962648e-01
-9.505557696158926095e-01
5.022368060687966151e-01
-6.292320643862905349e-01
-3.406100950873178212e-01
1.066733956255116605e-01
-7.278472043586331486e-01
6.588892513217140534e-01
-2.442125476444224064e-01
3.474018290827410871e-01
-3.353807966831792164e-01
2.860203434487131324e-01
-4.004397604608788686e-01
4.671105984918705878e-01
7.422124632819233625e-01
-5.060857309664716919e-01
8.801870574711831985e-01
-8.156095208369066318e-01
6.066387421130675639e-01
-4.042566233086692939e-01
-9.302593661734861463e-01
4.727680716050098320e-01
3.072328618319733473e-01
-9.086258600387635553e-01
1.561686621293999818e-03
-4.588623915168945633e-01
-7.668919337637014610e-02
-6.841314200520567379e-01
-7.804194503631854962e-01
-6.385524533007942427e-01
3.667508651892742444e-01
-9.501429268849694021e-02
-1.113495317953115127e-01
-1.050542819333463718e-01
1.820645615935331807e-01
3.000599701455405333e-01
-6.244403812707988166e-01
-2.509547447404901765e-01
-7.888299206445929801e-02
-8.495814983376799301e-01
-1.481132369402325122e-01
7.592462606134218195e-01
1.667700193795063068e-02
-4.350531560994871372e-01
1.373668551113260972e-01
-1.377629787171656683e-01
2.112321108507756451e-01
3.117261245394142843e-01
6.576784918827264237e-01
-6.396733261056691822e-03
8.516964594935276800e-01
-5.200654341272942238e-01
4.064773283469085285e-01
1.377586028157185283e-01
2.449195410123378158e-01
8.378276915588653839e-01
-5.463591455595998014e-02
-9.495911575283852990e-01
-1.065000946282415074e-02
3.087800882332959462e-01
-6.000521971224485052e-01
-3.104959619768129508e-01
3.640745137292611955e-01
-3.694115097204389020e-01
8.439665023018624312e-01
6.275075672405280303e-01
-1.635189508695195637e-01
-2.812718587961428041e-01
5.840316526408256825e-01
4.272149342578950293e-01
-2.608614324801411533e-01
1.461763339821298691e-01
-2.436191035423710960e-01
-3.294503824932584757e-01
-3.123220388546201209e-01
-7.779339078580341238e-02
2.623003117629330028e-01
3.963226481171301836e-03
3.577415779117844030e-01
1.065326199889921888e-01
3.234041940933456427e-01
-2.500850750784263665e-01
4.479906611484201218e-01
1.387776890491624338e-01
-4.428209561000921723e-02
1.119094509817385452e-01
-3.697751876083001932e-01
1.902594626429149338e-01
1.641904305717008239e-01
4.222931423492338743e-01
-1.046718300780756089e-01
-7.636904782600564823e-02
1.666783673994289006e-01
-5.354030778122411682e-01
2.179908898425271802e-01
6.385041794422490202e-01
1.816703433921584010e-01
2.313595616301600266e-01
-2.731670378952755218e-01
-3.748426054124003870e-01
1.846798450865744234e-01
4.164376577576062166e-01
1.240866624072530233e-01
-4.179256967346022256e-01
2.710946043972317643e-01
-5.562132613899239963e-01
-5.092937244520111262e-02
-4.521637450193737029e-02
-7.686832072389709891e-02
-1.820102613534654856e-02
2.700771509187350206e-01
-8.526860149856003990e-02
4.643974350914006899e-02
-8.412428057900046552e-01
1.900572678954796368e-01
3.022578873512320463e-01
3.613967462175115553e-01
1.148207637050131236e-01
-1.554412626852840484e-01
2.119868611553881455e-01
-3.744014986159718283e-01
1.239994987307371371e-01
4.089250026466604293e-01
1.289338930996633270e-01
-4.568796748462548851e-02
6.485496401556241353e-02
-7.764919639444317623e-01
-3.688007419337463455e-01
-4.228418754809052937e-01
9.148211282198925876e-01
6.165246978360844343e-01
-3.476451854225469651e-01
-5.120034934535385718e-01
-3.473086987867443631e-01
-3.726077094656630728e-01
-7.222228973337362357e-01
9.160371593634308862e-01
4.695355913728754826e-01
4.618192290262657096e-01
-7.686312435522053843e-02
9.577033534509808987e-01
4.854399746190141141e-01
2.010950314320286147e-01
-8.149294079999951368e-01
6.439987172572153584e-01
-5.637306625267901605e-01
-4.431916523459838997e-01
2.374406340530299531e-01
-5.129594565768715864e-01
-8.049039572351414096e-01
9.800241498698651632e-02
1.561346335199401830e-02
2.193913784506201781e-02
2.832470504759750374e-01
4.852421405033645052e-01
7.656649809396885997e-01
-4.263544139181852932e-01
5.862202482625902267e-01
1.089541981636458906e-01
-7.315649370724062184e-01
6.941313523405646946e-02
7.745940128078414588e-01
-1.300266742477118043e-01
