1.993381973063579338e-01
-1.443075033837591392e-01
4.256106334417909115e-02
-7.204674238285797838e-02
4.362819400099016698e-01
-2.384133128955098213e-01
4.931599353702321165e-01
3.688907333885507733e-01
-1.124645466093534552e-01
-1.353862397135616180e-01
2.523611277546743970e-01
-3.694487300101725880e-01
3.986696271055422125e-01
-3.855017226085622473e-01
-5.016297515594753120e-01
7.916655864683386223e-02
2.075633149514237996e-01
-9.595048249098465931e-02
-3.847159978368994843e-02
-1.570656778368676593e-02
9.835074019080816687e-02
-2.740229699167972544e-01
1.310786486407821416e-01
9.008368390079728172e-02
-1.106482854966115287e-01
4.384673400064636462e-01
1.376880154866274089e-02
2.818690563717087261e-01
-3.382088036531789021e-01
-3.035810239611287376e-01
1.626897950102570989e-01
-1.555094964639445188e-01
1.055469976727795994e-01
4.526315452457692068e-01
1.066198079203047912e-02
-1.056768026666077831e-01
-1.571889746479602501e-01
-1.436109318350730357e-01
-1.568667437663910924e-01
-1.243744538993399734e-01
3.610242836931411292e-02
-9.347140009433827501e-01
3.070709208932000944e-01
5.292874659621762401e-01
4.810101728221649608e-01
7.550282755858883643e-01
-1.828447225677629628e-01
8.148740811826129526e-01
4.048902221606899277e-01
-7.958384502128668103e-02
1.000000000000000000e+00
2.438574704000284754e-01
9.869320379848878222e-01
3.899361438101308086e-01
2.747676359470205831e-01
-6.043850670745312126e-01
-7.402822401850914780e-01
5.476575086625952160e-01
4.860797029363705946e-03
-3.490038699926878429e-01
-4.843988000388328441e-01
7.313149319257574721e-01
1.342619236073694378e-01
8.644029368888230813e-01
-4.021720265939195404e-01
7.087305457574981649e-01
-3.545896675162216738e-01
1.000000000000000000e+00
-8.273531798508824142e-01
3.739149330448885422e-01
3.605071989707833158e-01
-9.950026216649512367e-01
-9.748689204792612140e-01
-3.843541680987264675e-01
7.435038581127484392e-03
9.728065989021084103e-01
4.787899323631050752e-01
1.622833284928750786e-01
6.568826280612269919e-01
4.364555669356606771e-01
6.090766580792592588e-01
-1.480036353601739130e-01
7.863110445729182274e-02
-2.979297382592542842e-01
-5.626972593853274418e-01
-3.275313442669903763e-01
-5.529736507429680037e-01
6.641437022340370699e-01
-1.191740484649866059e-02
3.132722185118348018e-02
-2.949379950717462631e-02
-1.972782486163391080e-01
-5.647854655040127070e-02
-1.980792146807327514e-01
-4.164614666542428290e-01
-1.608222892037236562e-01
-2.886828753639912870e-01
2.116418467451833818e-01
6.283081948189530586e-01
4.576975379125232668e-01
-1.923589707125723525e-01
-2.510799645989970630e-01
-5.715912395704117466e-02
-9.776709924697937759e-02
-8.778871580788155660e-02
-8.252753447699232026e-02
-2.246271631415747150e-01
3.872126987548112353e-01
8.305032253172843770e-01
-2.402938214115811211e-01
-1.035286475021546942e-01
-1.828814471145952525e-01
-5.981167015164308154e-01
1.671967205691352043e-01
-2.411836286774125537e-01
4.622343531402460792e-01
8.926816754489183547e-02
1.585919796496244039e-01
-1.647814698039151704e-01
-4.869446790092507582e-01
1.814867428807936112e-01
5.505959469511667592e-01
-5.354083044481203757e-01
4.477556570700849115e-01
-2.487252725629982009e-03
-3.898693592223817506e-01
-5.661363426580662273e-02
1.401302845562275023e-01
-2.270867089984466847e-01
3.513308142683710944e-01
4.929457486529671001e-02
-2.746979271985215965e-01
-7.207584735626190731e-02
3.821836597137326375e-01
-3.032885772962529147e-01
3.249373701587592311e-01
1.541080799829025461e-01
-8.798126756416682626e-02
4.485436342533141024e-02
-4.904750608608518525e-02
-2.387611013538804561e-01
3.996247251009417689e-01
-8.199760528719360342e-02
4.534659953538873745e-01
1.518314362358201552e-01
2.462902817092539332e-01
-1.899406660129263347e-01
2.913063268696003960e-01
-6.780844733133151170e-01
-4.184378222467358133e-01
2.275100391477190981e-02
1.427456007363847035e-01
8.758237908454215292e-02
-5.886395725572420023e-02
-3.395001682331947879e-01
3.174098142154149205e-01
-7.247485088056107583e-02
3.047707349981303993e-01
7.745271167364568832e-02
-2.904710353726708272e-01
-8.752113754480132790e-02
-1.802867612945631415e-01
-2.295271042954578206e-02
-2.049591985527486615e-01
-7.349347792262835022e-02
-5.559902750205495403e-01
1.078706491563926895e-01
-1.726805373400657484e-01
-2.654760091307577508e-01
2.771071861899869759e-01
1.370418657160005493e-01
-3.644000307628459528e-02
2.344719942518167233e-01
-8.393136006390279624e-03
5.186258382929156419e-01
-2.264424669279036517e-01
-3.185941087433203922e-01
-7.341819812064865301e-03
7.361494155756753699e-02
-1.446523993242033179e-01
-5.249695093039954408e-01
5.290815908990345040e-01
-4.068073798592409807e-01
-1.152167022455407308e-01
2.562309970068212678e-02
5.037044687969122192e-02
8.779904158297735517e-02
3.072849131936906120e-01
-1.658137628362471305e-01
6.740587198424825566e-01
-2.025730144174603398e-01
-2.420204304301098452e-01
2.330734125325684691e-01
-9.641953624535395950e-02
1.670323221290196392e-01
8.073768577265169610e-02
-2.787565046078639419e-01
-1.716972764917245875e-01
1.863275545882373263e-01
-1.279116364819477825e-01
-1.398754396074744777e-01
1.268164731643311449e-01
-2.556790824690259312e-01
-1.703257653445190978e-01
-2.431580210637366291e-01
2.553740322275289687e-01
2.342382493473587068e-01
1.661023053382892911e-01
1.402008191400009873e-01
-5.015622997502131586e-01
1.409155046009685774e-01
2.676108938933543513e-01
-3.533651089797592570e-01
2.789217040267707448e-01
-5.350358437921389626e-02
-2.770189990719040818e-01
2.444711284699918885e-01
2.811045350302159296e-01
7.604739366212269480e-02
1.799866371457594927e-01
7.888375723572896292e-02
2.252357935721614746e-01
5.051319710413346847e-02
6.927943036478069472e-02
3.251577977025040256e-01
-5.453132015418893364e-02
6.549926370546206578e-02
1.404858764803797455e-01
9.162775871019013252e-02
-1.465846834040829272e-01
-1.633747813553262929e-01
-1.329911034851654628e-01
-7.986629226700127371e-02
-4.682615530719468760e-02
-1.573653967493996164e-01
-5.094230162346480295e-01
-1.995304106907185293e-01
-1.337082201340472065e-01
-1.446033139494256811e-02
-1.354093356105308676e-01
-1.909528403217009354e-02
-2.912284818757139848e-01
7.902482515135277052e-02
2.546010716872733615e-01
-2.387689852151248238e-01
2.090594353878384021e-02
1.364133361534344280e-01
-9.353032545356479432e-02
-5.388584621691263482e-02
-1.157909202898174811e-01
2.882286712664574105e-02
7.596608623540780994e-03
-3.550612399669784702e-01
6.970834164474121186e-02
-3.665763842362886743e-02
1.940182265274288387e-01
1.034022802930914531e-01
1.086716497655137031e-01
6.876069515447763569e-02
-2.183036654467388621e-02
2.835883965858986278e-01
3.097460407009348105e-01
1.471658185591235013e-01
-2.987417044092004551e-02
-8.285549606948995616e-02
