-3.862871025387372703e-01
-1.484631578311381706e-01
2.750952946651452624e-01
-2.847018404156728133e-01
3.072670970755109199e-01
1.037815684008398243e-01
-3.544709781218260969e-02
-5.326143838611009373e-01
-1.449013334780557827e-01
-4.950252427139624212e-01
-6.179960372757999088e-02
1.343002792229014419e-01
1.354633105171476615e-01
-6.889350324474932674e-02
-3.076499095167457148e-02
-2.651551493874815257e-01
-6.585120102952768395e-02
1.057920881941209514e-02
-3.150579954093974400e-01
4.978413929925661341e-01
2.854558549822876490e-01
-1.196025977873154539e-01
-2.546723313838704650e-01
-2.902293430484726433e-01
-7.171842364548345339e-01
1.851534524121858649e-01
-4.493397502026854617e-01
4.061806072275750967e-01
1.265815257087277435e-01
2.995804125514923699e-01
-4.242166211265482878e-01
-6.718121290976396542e-01
-2.478417918750658311e-01
3.390658174889413790e-01
1.173333141932139945e-01
7.784702573273763471e-02
1.528204003454756432e-01
4.629683781146416433e-01
-1.780350599635645015e-01
4.627741584979035983e-01
5.176430575260020789e-02
1.795487077558305389e-01
5.960252636753039512e-01
-2.859116689565487923e-01
-2.608569897766455092e-01
2.894545749544907842e-01
-2.440310437241328678e-01
1.278252245479127303e-01
1.125350651926001477e-01
-2.356933024812730704e-01
3.167340830758873516e-01
-6.255151510302002504e-02
-2.151320558078038681e-01
3.269663486670543184e-02
2.484290182891893406e-02
2.903006760926808982e-01
-2.577988909903544332e-02
4.358165970456405747e-01
-1.532979325728758280e-01
4.330940133487236610e-01
5.031179021805975288e-02
4.674238049473538048e-01
1.167514591535806223e-01
-5.103709671668864578e-01
-5.518728277093148255e-02
-1.682906743762943580e-01
2.784789615501834584e-02
1.003286452987830479e-01
1.861328981537929000e-02
-5.231314970235729361e-02
-5.966845831081867280e-01
-2.715968386375005039e-01
4.381418966871569731e-01
-1.458951698728275237e-01
3.589389346982719831e-01
-4.901595322000442678e-01
2.702046229969107261e-01
-3.341885872337614360e-01
1.740903845674259265e-01
4.054140553421987647e-01
-5.678356646826677734e-01
-3.158452544779489224e-01
-5.299095052624529234e-02
4.633578500882639117e-01
-7.003268153616257208e-02
1.278016389483819792e-01
2.251498013316353963e-01
-3.061991701633726137e-01
-4.221905978480533506e-01
-6.832196448464976368e-02
3.112060477129336422e-01
-1.106041964634990743e-01
-1.575414115083338673e-01
3.690296160796374680e-01
-3.879399455150035481e-01
-2.519490426964186014e-01
-8.691589801290982020e-01
-2.116228562600726837e-01
-4.195339623776476318e-02
2.291360496366088573e-01
2.749085316864639528e-01
1.063913254796359925e-01
-3.408749966739780257e-01
-2.842870691181951792e-01
2.425727710701049145e-02
-4.174307032526367589e-01
-1.958528926186198227e-01
2.865161926854216112e-01
4.106786536051899583e-01
-2.842216716194621018e-01
2.509354094178440908e-01
3.382956622999411245e-01
8.998653654922545569e-03
4.535374923044058759e-01
8.321124951966543670e-02
3.969405665280436452e-02
-2.651788078283093819e-01
-7.573545122037879385e-02
2.676317085420339970e-01
-1.213081937676266028e-02
-1.116696940560156920e-01
7.102007441495139517e-01
8.399461309071916057e-03
-6.022653696008020141e-01
-2.237199491243141991e-01
-2.504414578921309031e-01
3.267949150431774807e-01
-4.952897953465534853e-02
-3.384240121998792761e-01
-3.038535814617780439e-01
4.374768940584045085e-01
-3.750207832674966602e-01
-5.104130244679808692e-01
-5.627756718668598390e-01
6.980075753365275193e-02
5.711508261737346936e-01
4.050909585018960257e-01
3.682880491146585666e-01
3.254986787382377900e-01
-1.048570353706807512e-01
4.730528482197981499e-01
2.013336181528991298e-01
7.854892773686654728e-01
5.510188308015033787e-01
-2.343797081859490539e-01
5.024430156183581908e-02
-3.154967561151273553e-02
2.175270375992132965e-01
1.915287698890847379e-01
2.106483348842940195e-01
-6.645276866928465642e-01
-1.817345636851756263e-01
2.191144726774989504e-01
4.511995476020608242e-01
-1.303045221748204141e-01
3.709735202803896015e-01
5.870684208822316563e-01
-4.082290380037079669e-01
-1.702962081586693599e-01
2.471510858588643056e-01
-9.079417623750241084e-02
4.570248780174617775e-01
-1.625180233916787842e-01
-3.398846214789107145e-02
-1.230789939068190897e-01
-3.456270753255656913e-01
2.554542982435543952e-02
6.047858664488675595e-01
4.078005854745569980e-01
3.831862163830260792e-01
-7.267897068021390850e-02
-2.834014809616106634e-01
4.667869080859909925e-01
2.444893213050370051e-01
-4.527197607301775006e-01
1.407009721593005247e-01
-1.086996884071190217e-01
3.273791296168314657e-01
-3.917056644094578655e-01
-1.999429459750646232e-01
-4.920928521916849430e-02
3.394551614583048438e-01
1.192131356344131379e-02
2.337519766191407389e-01
-7.252678887644375960e-02
4.369506347485020425e-01
2.349882257220087811e-01
-4.223092815808844880e-01
-1.715763302967918957e-01
-2.504009428942826077e-01
3.401887938102139408e-01
-3.693053360812542096e-01
-2.756159823519990781e-02
3.956662732485555223e-01
5.096916987309554337e-01
2.651214093578799225e-01
-4.059175211379278253e-02
1.745337131930609076e-01
-5.114360278640681656e-01
-1.033255427211307587e-01
7.243442664842628109e-02
2.507782831904899479e-01
6.229786598958531041e-02
2.732376787658685191e-01
1.705532847428037624e-01
1.096591425331410741e-01
5.068289701481253767e-02
5.258820454047629100e-01
-1.170145002669136514e-01
1.345426595307748496e-01
-2.652667361001772584e-01
-2.636113639493860572e-01
7.225740838031962099e-01
-1.086077394692435139e-01
-2.785834133234573184e-01
-4.171421433748690455e-01
2.792360661920109677e-01
4.191434587936047618e-01
1.597442603680785944e-01
-2.057962356843121565e-01
-1.896900329355273584e-01
-5.397164534629775856e-01
2.439426066509371993e-01
-6.083686814984931579e-02
4.907456537915477757e-01
-5.799345221457361532e-01
-3.510056299826164183e-01
7.197983355711978781e-01
2.645365190044744394e-02
4.867031066255926297e-01
7.280593269785519128e-01
-4.474181908513329975e-01
8.029576532333452255e-01
-3.814731238696761340e-01
-1.972469547291012537e-01
6.634635760972726892e-01
-1.291999750080333013e-02
-4.741754771713668770e-02
5.743031571524290779e-01
-6.031524031479315040e-01
2.427776161650222475e-01
-3.702555858743221129e-01
-5.664546013939604496e-02
8.699954954441382893e-02
1.330273408200031704e-01
2.488447268585770034e-01
-5.024865560508166018e-01
-3.339170503815026836e-02
-4.580382346284052053e-01
-8.241688091009246042e-01
-1.734071822554259512e-01
1.508446924005505674e-01
6.059584799448005654e-01
5.949248400368450929e-01
-5.804368441202386597e-01
-4.778473983227993771e-01
-1.896772517189460883e-01
5.778335596869069724e-01
6.245779781573244094e-01
5.042479832462120060e-01
2.801177439244526349e-02
-7.762559811458484837e-01
-6.576680568231578761e-01
2.693536131079610207e-01
-7.468618211132196372e-01
