7.666865341135998824e-01
-4.094320474688503131e-01
5.628740287213317428e-01
8.169759307827986206e-01
3.110744319944990233e-01
-7.424384267316569419e-01
-2.752743083077323627e-01
-6.019484725946818715e-01
-4.092379896692883712e-01
8.412499731121181323e-01
2.865208295589396492e-01
-5.676595998729625503e-01
1.292587211788191470e-01
-7.195053116257987824e-01
-6.821623903924889376e-01
4.266066214468943255e-03
4.695826987456666046e-01
-7.057460720742247950e-02
-3.359226492311435108e-01
5.101344359544317530e-01
-1.717663300554193861e-01
-7.169145755878980619e-01
8.316725883683737108e-02
-2.666000601739700326e-01
1.746924768362004832e-01
5.137923795100989288e-01
4.373542358552618969e-01
-6.046214491366694310e-02
-4.187985111054334242e-01
8.504341677680760103e-01
-1.965012503868005800e-01
-1.919747132156391367e-01
-6.165877810479770266e-02
9.990499733865437770e-02
6.777261074141778252e-01
3.513860762121638892e-01
8.689891300642021976e-02
-2.299271998510128423e-01
-7.498137593971079817e-02
4.459769148775776237e-01
2.758204312685023085e-01
-5.693047420380206725e-02
2.968988794537491538e-01
1.270323103344230820e-01
2.147673861878396373e-01
2.036575490756534490e-01
-5.649646596632338369e-01
-6.021485777549651086e-01
-2.198559323895762918e-01
5.513646607223411378e-01
4.918323886573213732e-01
-1.917952465031634302e-01
2.473810601373026552e-01
1.612997573565880249e-01
-3.107909624588407471e-01
-3.335354286863028150e-01
1.855126806420134555e-01
-2.095895167700477513e-01
-1.854351545435479198e-01
2.187009763675047680e-02
4.626038343194339708e-01
-1.447566532061604072e-01
1.749270906417278032e-02
3.034764676674399642e-01
-2.823605851640776931e-01
-1.279845159171515423e-01
4.455142758018283411e-01
-3.282674567853843817e-01
-2.580949815749787324e-01
2.722339774279884939e-01
4.540072461596912357e-01
-1.087788417773352251e-01
5.384445702232882880e-01
-5.392267242943092898e-01
-6.007543657514166080e-01
4.988975823564465450e-01
5.600557202815535929e-01
-1.695167089467430888e-01
-2.308521729278585899e-01
-2.517145761985442598e-02
6.169025314750524736e-01
2.189682500614959226e-01
4.450816099327731257e-01
4.508734953157101932e-01
4.474015824711323752e-01
-6.122247728674958811e-01
-1.754864134767645800e-01
4.805951650972217215e-01
-1.152552323388255917e-01
3.315671984107814163e-01
-4.657443723194425178e-02
-1.878879389349120965e-01
-5.095096759594635039e-01
5.846096280502750542e-01
-2.540211783136644419e-01
-4.277146352168918475e-01
-4.731332363365536864e-01
-4.270505064480789037e-01
-3.170303442772069991e-01
-6.933886624517915376e-01
-2.986221049481888601e-01
-7.932359981005090988e-02
1.340092257575294099e-01
-7.875260743189890777e-02
-2.537755124711971733e-01
5.214777331816987660e-01
-3.573763756632862831e-01
7.411252214026746721e-01
-2.648976198871914600e-01
3.235605616958497910e-01
2.011662786034742467e-01
9.099557283712125799e-02
-4.675993679637885370e-01
-6.186941325881654963e-02
-8.792988612173388563e-02
6.860252277548342104e-01
-5.688161757997320933e-01
1.555034455042754171e-01
1.070088898251338738e-01
1.668060648108363186e-01
2.143838914531889239e-01
-2.245711977144657090e-01
1.230037643463543218e-01
-1.383286168799143234e-01
2.755277640780346982e-01
1.155646111795045894e-01
-3.546547916200231132e-01
3.527734143513148179e-01
2.148407472549040964e-01
-5.850189292558882759e-01
-5.243770874287188022e-01
-2.232043643277609735e-01
-1.425667953406815347e-01
-4.207133305635043508e-01
6.607085506845103984e-01
-5.444840777123425291e-01
-6.049325336639166384e-01
1.004517943153380027e-01
-6.855631839427620555e-01
2.502429874284299305e-01
2.660531930573086790e-01
-1.298359953394946364e-01
5.360462825654361829e-01
-7.871279446186763007e-01
-6.987895597540680903e-01
4.735591335446326933e-01
-6.172785997725792617e-01
6.003852302561210053e-01
4.716749700176363636e-01
2.774644640221359676e-02
2.559600261450115447e-03
-5.097701184879932512e-01
9.286738795812534697e-01
4.597175337681178586e-01
-2.156828636898264207e-01
6.981559927398726106e-01
-6.728948513827015532e-01
-2.150318682937993886e-01
-6.503777177665078790e-01
-3.744456177825061793e-01
1.000195289369334301e-01
-3.296146173711934080e-01
-3.838756596901998219e-01
-4.991103252780647592e-01
-6.274568288612907274e-01
4.259018309336025099e-01
9.890933152313707843e-02
-6.961687064057235919e-01
-4.386423182814348093e-02
-5.004805153096354431e-01
3.209371488579993992e-01
1.305255686334390319e-02
-3.394413924315285991e-01
2.281820917088541456e-01
-2.732704766374883798e-01
-9.152412849455385802e-01
5.240294151064636141e-01
5.463265636780383350e-01
3.171063246466139240e-01
4.223515643617496429e-01
-1.486877932005316871e-01
-4.326682406857916274e-01
-3.999185130978102354e-01
-7.295098658113441381e-01
-4.540112214049615846e-02
5.765963445639719076e-01
2.348183030929285042e-01
-3.686465651960201262e-01
6.035729820291824144e-01
2.736330578378660672e-01
6.225239126695538694e-01
7.655365607185062871e-01
8.841679728969217833e-02
-4.103712334490704494e-01
-4.648157608833186072e-01
1.212820336229622070e-01
1.777274432727440345e-01
-5.063299625989837738e-01
-1.776600535333492520e-02
4.390408343911558209e-01
-3.195190033418227049e-01
3.270374983928705515e-01
-4.720081964681989151e-01
2.746500450653155401e-01
-7.589151318740722241e-01
7.138216733626255861e-01
-4.247804331995553850e-01
3.823203315609745301e-02
1.861236364567311896e-01
-6.279125502802647141e-01
-3.830547322720021519e-01
-4.411710695408597727e-01
3.715767345921553444e-01
3.697130852352827346e-01
7.189252684976298047e-02
-3.770644500914805963e-01
-1.621569250281214569e-01
4.193887204128756707e-01
3.786014133081696542e-01
-3.974380183223581442e-01
-2.944663338369627459e-01
-1.927616486621794578e-01
-6.124682196375040855e-01
-1.367954389219998290e-01
-4.187544160232408164e-01
-3.092616845972214756e-01
2.663993878909809432e-01
3.561549846766084437e-01
4.804410350258733198e-01
-3.616321312413912636e-01
3.786757600984521632e-01
-5.912474613966135495e-01
-5.212723227337383580e-01
-3.746529541087478266e-01
4.505556644539612243e-01
3.014285867367385574e-01
1.785453327761560294e-01
-4.139025660577093091e-01
-4.338644155170164884e-01
-5.325470330534987085e-03
3.121119917444198366e-01
1.325029581053736583e-01
4.008691610136901340e-01
6.039234943696520919e-01
4.796613328714429692e-01
-2.004002827177121804e-01
2.985165755794296771e-01
2.117694601191225101e-01
-1.192681645075468200e-01
1.030800525425024650e-01
-2.714456977862845233e-01
-3.306522163494229893e-01
2.760428048355238473e-01
6.496739859237781189e-01
1.773331236853651072e-01
7.839613216621901248e-01
-9.437461825699430817e-02
-5.038485788716564606e-01
1.669088519018912531e-01
2.449665944648383720e-01
-3.561461499585533846e-02
7.009416496126135154e-01
-1.193216309667427255e-01
1.253835686203833705e-02
8.662943228155133291e-01
