3.105233907643720759e-01
6.946094572999167438e-02
-7.329949448243444632e-02
-6.946656020588617420e-01
-1.458408593687410826e-01
9.986228198451778393e-02
1.278811696059757586e-01
-2.295795666857715009e-02
1.024301145641216271e-01
-4.208101249950479961e-01
-5.718660284397402149e-01
-1.670902822901179086e-01
1.365904198842182726e-01
1.702088925068773184e-01
-1.173999736609352140e-01
-9.747957202713625202e-02
7.503166611216666171e-02
8.482108132750262874e-02
-5.469389191769761377e-02
-3.543568188583691714e-01
3.559994221119038293e-01
3.397884293823211221e-01
-2.692971663620808975e-01
4.106840764822388690e-01
3.632342946566844422e-01
3.159047235708958290e-01
-9.412854870849667044e-02
1.745228234188950234e-01
-9.369309086830146516e-02
3.955922677807215404e-01
2.369723452623629933e-01
2.013421421839127201e-01
2.935632378781020124e-01
-3.578698114318426549e-01
-5.091078762981510880e-02
-1.986274827801735587e-01
2.416100714536391636e-01
-1.968029785805846255e-01
1.510411274656616454e-01
-2.416976934366178442e-01
-3.732404183307548862e-01
2.033800397469659182e-01
1.901595932303049574e-01
-9.635795246771505784e-02
-1.767040226554813381e-02
2.497280419056020079e-02
-4.877679749169043510e-02
1.906272419471957136e-01
2.052405798433176720e-01
2.234425079767896616e-01
-6.999252642077571918e-02
-3.848874601923891747e-01
4.641512787905747311e-02
-1.783506219586589725e-01
1.636747449465369708e-01
-1.538594772724099502e-01
2.284498283122769757e-02
-8.347606672115155668e-04
3.567890599604953694e-01
-2.173108109113257580e-01
1.259251555732958106e-01
3.155753347683954435e-01
1.256894023796115423e-01
-1.426713214817344477e-01
-4.366552764073703408e-01
-2.279518845084099743e-02
-3.448366889250091827e-01
-1.680481790191007685e-01
3.155971184476175084e-02
6.807534561561093267e-03
-1.316297366937304036e-01
-4.040447015982119583e-02
-9.004759280653665265e-02
5.010539203015888093e-02
-3.887195011499706282e-02
1.431407900699632751e-01
-8.554422921502441435e-02
-6.003301486199308368e-02
-1.488998459859707246e-01
1.640846318275737681e-02
-1.765472601517150686e-01
1.989827166483542908e-01
2.976040600712586137e-01
-2.663363151404399276e-02
-2.484711522892157909e-01
2.364872730316584515e-01
1.303043143934540238e-02
-5.310356586930758960e-02
5.994564692783669324e-01
1.341703651885888249e-01
1.302423323235508967e-01
-6.692234522132425867e-02
-1.915757665418923728e-01
-2.769761565103904255e-01
-1.253740198967358971e-02
-3.849477704485991802e-01
-7.399509083922153896e-02
1.045850656411085600e-01
8.246495288184910177e-02
8.131976991246901709e-02
9.704120614670748435e-03
-5.102581164199095076e-02
2.415864038652620338e-01
-2.700934017693071287e-03
-3.233750529800222817e-01
-6.698342029027137823e-02
-6.668987239747888041e-02
9.169697148895344929e-02
-4.134966647423742314e-01
-4.051088248474239428e-01
-2.501268739376382930e-02
-1.864981970380842347e-01
3.436842640599737653e-01
5.663937521195970548e-02
1.864486278429984267e-01
-2.863444096541825079e-01
2.668219481860527043e-01
-1.394015445118016450e-01
1.926580419756514229e-01
1.038492777690179503e-01
7.769521596869902180e-03
1.968147999630359135e-01
1.926069196320439048e-01
2.642319940555868385e-01
2.223133822685435801e-03
1.981757655384775441e-01
-4.164262271715568620e-04
1.940125551161122064e-01
-4.441958534116891011e-01
-6.458069633401469778e-01
3.820088418045894385e-02
6.042960640800082439e-02
3.997655188858839082e-01
2.124140773357563183e-01
-1.750747223328012470e-01
4.578445512196093747e-01
-2.639189216781089864e-01
-1.679609371328898981e-01
2.796180415749124903e-01
-3.410240711182885298e-01
-2.077401648313419169e-01
4.888017401480049262e-01
-2.468474410368244609e-01
-1.404194618033190178e-01
2.168300167355070168e-02
7.440760296859556810e-02
-1.648708417338193982e-03
1.177358038355609260e-01
2.069710891266743347e-01
3.424316375132335777e-02
-3.244749012384882114e-01
1.734383652976335399e-01
6.613585783321336564e-02
-8.431522305845021159e-02
-3.013268874673999398e-01
-1.885019185404387954e-03
2.133302911499942722e-01
-1.995852660228585873e-01
-7.031633135885201336e-02
-6.275843207046449823e-01
-2.955582146099733354e-01
8.983652757230453645e-02
-2.891964577840979156e-01
-2.264198142090760590e-02
-4.076477905209133223e-02
5.288706299652308485e-02
-7.701301953137706935e-02
-1.436506477952652350e-01
-3.970812160680355085e-03
2.444214448159364728e-01
9.214426331707337159e-02
1.248073247221926640e-01
-1.483921328125183819e-02
-1.519913806339335260e-01
-2.901012056609930667e-01
1.509916544381212922e-01
1.474455596502974863e-01
3.621303766214209463e-03
-1.695609397180106170e-01
9.584418594367941080e-03
1.197419069921326351e-01
-2.721837351155696472e-01
2.438379745255609410e-01
2.114424447544408503e-01
1.115192320518497426e-02
-9.046108341518843687e-02
1.001292152306409583e-01
-2.382158014592165030e-01
-4.067218482132525792e-01
2.620183492409289619e-02
-2.650986458673097457e-01
-2.192641637468873209e-02
-2.665517258942556866e-01
1.532987122177124628e-01
8.199364673716311169e-02
1.101447286387687435e-01
1.130034221969886954e-01
1.986894003536276154e-01
7.551778891142042760e-02
-5.591768523043581796e-02
-1.511476969556962424e-01
1.534315260116761448e-01
2.364025672543894341e-02
7.025394260897764587e-02
-2.695446257141645430e-01
-2.343075130237328441e-01
6.844171724124722966e-02
8.345887823682809903e-02
-1.946015078793541797e-01
-1.594116768668880357e-01
-4.803881058327498232e-01
2.388421706673213574e-01
1.528982951290137060e-01
-1.942107878643037355e-02
-2.568596822822264425e-01
-2.987795410369366023e-01
-1.943711584574963624e-01
1.477049309371866043e-02
2.246236344818097752e-02
1.461193422130811492e-01
-2.364646157070521837e-01
-7.442420299968653674e-02
7.977071624287603024e-02
7.904173512124129664e-02
-3.391236725793350670e-01
2.866146058019952703e-02
-2.863899753299810058e-01
6.191647951035629538e-02
-2.272776908024034398e-02
1.835205989620105893e-01
2.705775397721683628e-01
-2.027622508053086026e-01
-7.325408135349904815e-02
-5.891849698466465612e-02
-2.166112681101906023e-01
2.620325831648778747e-01
2.559187989215749859e-02
-1.236561178492495694e-01
2.227040790193313136e-03
5.061699909761263605e-02
2.352048578941866308e-01
-1.802524477212498200e-01
-2.642206662441331511e-01
2.610888412234734224e-01
2.993725920456840606e-01
2.896587037524725461e-03
-2.608230757359973340e-01
-4.173411055461725971e-02
1.893481811508617232e-02
-7.790486629456720713e-02
-7.353518948339529682e-02
-2.310425883041179740e-01
-3.290576399773347815e-01
3.716577921547833396e-01
-4.656594046566905343e-01
-2.191005846465025053e-01
2.603542167692887155e-01
1.483257497922946810e-01
1.453260079491107415e-01
4.181954745933899598e-01
-3.003593625462137595e-01
-1.851180952902602150e-01
1.187429909859065713e-01
1.523755459572527504e-01
4.105327761909310924e-01
