2.468442342139900436e-01
2.074200520756222521e-01
1.334501723342088053e-01
-7.371585448003301066e-02
-1.144846596612005274e-01
2.344636822177788293e-01
1.465178376318299891e-01
2.588162464856233469e-01
-2.616053688361097418e-03
-2.123700859768494487e-01
-1.036003680727364262e-01
-2.242845473188356253e-01
3.284341678341803905e-01
1.368919124790062558e-01
2.060723159860985421e-01
-2.685486246832572976e-01
1.131157156169643879e-02
-7.318660916399286620e-01
3.422877772890071946e-02
-2.468354657364565941e-01
1.590668996225387821e-01
5.570636693447109100e-02
-4.065506455954700504e-01
-1.856777909215469036e-01
1.688428733456100450e-01
3.043097013385098193e-01
-1.130955736009944673e-01
1.635587247698041397e-02
1.419599870117341234e-02
2.779406617113466815e-01
8.901448167442495285e-02
3.147798422295940979e-01
3.154434041629688990e-01
-5.532996943332756379e-01
-1.128703771518469734e-01
-2.306163882620900218e-01
1.377600996231704289e-01
-4.467135362148143968e-02
6.979772307708426160e-02
-5.894618285321956419e-02
-8.519482139810011234e-02
2.061773409329975826e-01
-1.384034499826151954e-03
3.369311161007581545e-01
-6.614765081002718650e-02
-8.255301518035504382e-02
2.592050912692779319e-01
1.455922812023633384e-01
3.416918332047056417e-01
1.731878692945602038e-01
9.097689420438832830e-02
-2.098027941219708647e-01
-1.706794919726184467e-01
-6.680609323394574861e-02
1.294809626599378871e-01
2.177713649528991158e-01
-7.435703486122277606e-02
1.148275028125458341e-01
8.892964040018609684e-02
1.909222265008464481e-01
2.712268671631294370e-01
1.724401418533884900e-01
6.985821507076186987e-02
-3.148643378265176401e-02
-1.971861792202747043e-01
-3.680878191465750127e-02
-1.553502140117158509e-02
-1.521223499528856493e-01
-8.907753857877720449e-02
-1.045017335765661970e-01
-2.578956118109820284e-01
-1.788516274003036644e-01
-3.643012776245951878e-01
2.415677041411197212e-01
-2.298063312454884377e-01
1.032623544236940666e-01
-7.553704733075311539e-02
1.391646985422149430e-01
-8.454948623659920559e-02
-1.817888906285460848e-01
-9.021613528632330126e-02
-4.990153800365931119e-02
2.940935374108542555e-01
1.971141976659414041e-01
1.983907484389472176e-01
-4.656471744821479020e-02
-8.663436197511036052e-02
-2.272240686216696337e-01
3.275522201763582664e-01
1.152459016392931024e-01
9.831723564196448439e-02
-1.736733108945387460e-01
-2.813125234736681968e-01
-3.550932990289193958e-01
-7.578207474744122485e-02
-2.074624794725399846e-01
-5.024481460690288781e-02
1.159763838741567354e-01
1.587025030312402135e-02
4.149204402618271448e-02
1.866967935130146167e-02
3.338261933620619848e-01
1.237407380494766618e-01
2.114792652143208940e-02
-2.325096637119671295e-01
-1.344605284156037139e-01
-6.291173925335702410e-02
8.284275091299858618e-02
-3.287956442672238522e-01
-2.652493346871675484e-01
-4.915568422004859550e-02
-3.376671405489867772e-01
3.047377503433374990e-01
5.892209022787973927e-02
2.154985735822649573e-01
-2.450086920900761411e-01
3.116032797091159434e-01
-1.604345691297062726e-01
2.251109702942594715e-01
-2.226462501639685787e-01
2.584804035042790812e-02
2.351654627023584410e-01
2.080644449802187823e-01
2.802261841851810820e-01
5.930581461215214678e-02
2.245589977120657499e-01
8.364751210262455494e-02
4.379526268059893979e-01
-5.674479814836810299e-01
-8.500992022472142473e-01
3.875519954068681883e-02
2.723433455968343742e-01
-1.437691189333456868e-02
-5.619242175977022802e-01
-7.018541460188063574e-01
-5.399862230214454994e-01
-5.908969914722586592e-02
7.840421806309164077e-02
1.326949494810449603e-01
-3.410240711182885298e-01
-2.077401648313419169e-01
2.908514564110755707e-01
-3.093820506525550296e-01
-3.472085977997250161e-01
-3.360031168724071926e-01
7.440760296859556810e-02
-3.682773484337052705e-02
1.177358038355609260e-01
4.695625666962556788e-01
3.424316375132335777e-02
-5.352287324230526888e-01
1.734383652976335399e-01
6.613585783321336564e-02
-3.040401769028907575e-01
-3.444028098344762423e-01
-3.283280296542685495e-01
-1.837008660842001928e-01
-1.995852660228585873e-01
-7.031633135885201336e-02
-8.426689083351524001e-01
-7.203042391177397752e-01
8.983652757230453645e-02
-2.891964577840979156e-01
-2.264198142090760590e-02
-4.076477905209133223e-02
-4.736377358679106503e-02
1.334474802070477473e-01
-3.583938515089539756e-01
-5.262209990015922871e-03
2.290739555017719531e-01
1.730642840844341668e-01
2.593098262266803067e-01
-9.226973755005621336e-02
-8.198770180403807534e-03
-3.851667802924940154e-01
1.760259401055449813e-01
5.730064982677715579e-02
1.625523948473429625e-01
-1.494006791784128763e-01
1.940446908830140149e-02
1.466215105110572070e-01
4.851414374774234428e-01
1.348425386003228033e-01
1.745348001375981450e-01
7.028922404803876756e-01
-9.065577646292770353e-02
1.607488944931967367e-01
-2.675681928239387886e-01
-3.294415080870953250e-01
-7.323719302954949384e-02
-1.183741669786660955e-01
-2.697171078577136338e-01
1.539186373738884728e-01
-7.289439484409684922e-02
7.306684697517006055e-02
-1.083245113658806713e-02
-6.947702473167707837e-02
2.339277091088518556e-01
-7.727705372586096688e-02
-4.263665386274475000e-01
-1.164987489246090829e-03
2.859158835439686852e-01
-1.498170917935922608e-01
-4.226467367831100025e-02
-4.051397232106080937e-01
-2.082845089430921393e-01
-2.369360563149323223e-02
4.233337209765410114e-02
-1.956270927554569217e-01
-3.365356601812102832e-02
-2.817291243572428439e-01
1.017791233654897626e-01
1.365783176031129809e-01
-1.328424639873015956e-01
-7.575706925078875553e-01
-1.576801746160019779e-01
-1.889533212255021799e-01
-8.470050108191334859e-02
3.379318672257233813e-02
-4.137681785837540871e-02
-2.827622595256588656e-01
-4.481682882565478365e-02
4.455420556039410562e-02
7.321858393075467153e-02
-1.613061749451597804e-01
-5.274969252694311495e-02
-9.757307124929673336e-02
1.754749316416402138e-01
2.883205255485974949e-01
4.366783210408248239e-01
1.005323093459399714e-01
-1.867592395360405388e-01
3.982076775906098765e-02
9.250477388113559352e-02
-4.386407817016998306e-02
-2.937249195040539385e-02
-1.672973239359120956e-01
-3.236417230824794461e-02
2.206984284074775260e-01
4.325598880692460568e-02
1.236332583024664228e-01
-3.167677332952216485e-02
-6.622898777317695052e-01
2.742794141111958850e-01
3.101593030272561946e-01
-3.117487987480036665e-02
-3.548338380162902594e-01
1.573777085569243173e-01
5.823631641474051601e-02
1.325134582065796984e-01
1.783478901845988451e-01
-2.442963868119805287e-02
-2.755690217032074063e-01
2.605453485723678853e-01
-4.513733779422680059e-01
-7.749941062124109104e-02
2.622542824721337262e-01
1.190346265435835715e-01
1.782599397938153807e-01
-1.702967863260146653e-01
-2.192554348094899186e-01
-9.525857601759765703e-02
-3.168094715455299637e-02
1.362783944327894403e-01
2.586337182871826235e-01
