3.543102655048072092e-01
5.946739522470700923e-01
2.084477509849947952e-01
-6.700564568711013802e-01
-6.714218282716212238e-01
-3.013590176642338969e-01
3.622492760082814955e-01
3.735823650585756162e-01
-7.234887004639749541e-01
1.084257969040279268e-01
8.042662410024714603e-03
-3.249087555314987830e-01
-5.556224014940229772e-01
-2.974602818935095372e-01
2.022336844711877524e-01
2.125220331145015462e-01
-4.431474678372512299e-01
-9.797619573970513251e-02
-1.032826346592583822e-01
-1.351807372570863475e-01
2.449271610146435130e-01
1.995875671539992513e-01
1.317630291190262370e-01
-3.270326952371670481e-01
3.407710030795567113e-01
8.063243058734281821e-02
-3.576483424667093458e-01
1.534676677691454438e-02
-1.392746734426429933e-01
-2.332911606725215636e-01
5.249160457470350982e-01
2.977776685134935764e-01
2.740350983161746190e-01
-5.177160136944873869e-01
-9.522962528768824653e-02
-6.847176786958311667e-02
3.831693933895238269e-01
9.858195140220707420e-02
-1.482477754988702212e-01
1.340068951956737142e-01
-2.760425585143978511e-01
3.454263554429543026e-01
1.301047682359393887e-01
-2.679943315352971700e-01
5.941201451487410079e-03
7.946641215193128716e-02
2.620042741599850622e-01
-1.237784350782128173e-01
6.012264228797963295e-01
4.966067546207617589e-01
-2.544999888367764987e-02
-2.038395730926009508e-01
-2.915264129758249334e-01
-1.656645957828844495e-01
1.096169334542768520e-01
1.720724722162615683e-01
-1.401910038385701524e-02
5.082175713675992634e-01
-1.201086523229993874e-01
6.324598407774639774e-01
4.798309497628279741e-01
5.106789327968963565e-01
-2.829191734379804535e-02
1.266962021607391242e-01
-2.890123024102977389e-01
-4.071145540653366979e-01
5.263071127571125607e-02
1.033127618290847621e-01
-4.163653410850909342e-01
-4.336025786480966482e-01
-6.154958300220269019e-01
-4.494665449560043546e-01
2.303850321989919236e-01
-1.633383047453582648e-01
-6.230827564729409795e-01
4.385024294243025089e-01
-1.362976023401515635e-01
2.137690447819888540e-01
2.000327519812213073e-01
1.307105268707829948e-01
4.029188486827718907e-01
-3.120556841848142748e-01
-7.336788118978880835e-01
5.355717848652660207e-01
6.359540920207437664e-02
-2.061987732323860081e-02
8.327693707611551199e-02
-8.134386057424307648e-01
6.247289910843627503e-01
3.198884556123646195e-01
5.281299600631210733e-01
3.220494868842653513e-02
4.809108601975309871e-01
-3.934061371520604644e-01
-7.388785877314308914e-01
1.192269573031938812e-01
4.082848455638176111e-01
-3.078230242972213038e-01
2.041419445905048313e-01
-6.766663642879199303e-01
-6.200418760076072816e-02
5.250104704516401766e-01
-1.183523488754184005e-01
-2.513156981862555983e-01
5.404771721896073355e-01
-2.458913808054476458e-01
1.441808749342245177e-02
-3.680761787304848154e-01
2.413823816792792509e-01
3.376335510453067901e-01
-3.211499500642254201e-01
5.683573418316320014e-01
-1.635860129525955053e-01
6.243695647987681507e-01
5.581257625258604360e-01
-9.060885301822223514e-01
7.720950315486651006e-01
-2.461845298696860307e-01
1.899488468632690719e-01
-1.670380957282362536e-02
-2.330584248808824921e-01
-3.405585592558696417e-02
2.194990816031945069e-01
-4.073405156916890535e-01
4.126413973922631317e-01
4.391391447394494413e-02
-2.898885826854590286e-01
1.182604714312602556e-01
-1.897215703992763958e-01
-1.046175845254272707e-03
-2.066760637706129833e-01
2.344937085792557219e-01
3.331374012500236126e-01
5.132337829425024367e-01
4.492228572125421815e-01
4.692993816211060709e-01
1.897739029923383933e-02
-5.222925686542835289e-01
-2.253144922814671047e-01
1.409706538042686808e-01
-5.889961874654493501e-01
5.296395503200965749e-01
4.328617044945960030e-02
-3.492851181591428711e-01
-3.880233697345419897e-01
2.721768466641485418e-01
-2.732375816269339008e-01
4.075503211183375551e-01
-8.014392660478056318e-02
-3.863659186511743115e-01
1.827463008883291051e-01
-3.233453224248433733e-01
-3.667540557350310593e-01
4.060341623490688057e-01
-5.203317728449957658e-01
3.553687542095097518e-01
3.783367082326294928e-01
-1.106495791450722577e-01
-2.482329418275827995e-02
-3.489747855038127788e-02
-2.948211573578624067e-01
-6.655007823380892917e-02
1.231310742754371801e-01
-3.874286566393205233e-01
-2.618496632849315331e-02
-9.044040268900496171e-01
2.002465325315018196e-01
-8.474790402692528035e-01
8.686387026318027615e-01
3.129524843222231123e-02
3.827876606188126626e-03
3.202048655017788459e-01
-3.766094265864011748e-01
1.765404060309113121e-01
7.586237101027040741e-02
-1.285047670990374646e-01
4.784910613785318678e-01
-3.743760216642506022e-01
-3.839854166772098676e-01
3.601219509439843036e-01
2.652823395133907525e-02
-3.689560184269921050e-01
1.291966872800614508e-01
-2.559225767665986861e-01
1.923524833638610432e-01
-9.575762785676542044e-02
2.607611496440469523e-01
-3.023936627842984115e-01
-3.604606695601498267e-01
9.802470342891107802e-02
-2.228190367651373682e-01
-6.996751602527062630e-02
1.065811706356192962e-01
1.526170565535133750e-01
8.192487985460185362e-02
3.607895803276314761e-01
1.154876216860468291e-01
2.738226823183799175e-01
-7.286095306883276779e-01
3.502854457621373818e-01
4.393578364928512059e-01
3.842418888409840916e-01
5.616020299719214071e-02
-4.550550289332366827e-02
-2.118196856320549437e-01
-1.718345634185516058e-01
-1.557388451450906208e-01
-1.561393416970574544e-01
2.863587368358463392e-01
1.595940223352215193e-01
-9.192882346034898788e-02
-4.254752458430131057e-01
6.704379701679560877e-02
1.039754868003676946e-01
-4.901853279713868083e-01
6.440414075291382712e-03
-2.645904377933191998e-01
3.694554650122756634e-01
1.537634772056505894e-01
-2.792764404406643253e-02
-6.692325909204017986e-02
-1.419735264041420697e-01
-1.191179300139935671e-02
1.606705033107640734e-01
-1.649700845226400037e-01
-2.482934264624169496e-01
-5.854184089041010453e-02
-2.317025454061770115e-02
9.113096481172529989e-03
1.649453577609910071e-01
5.541400525755209305e-02
-5.399438206368823573e-02
-9.564918079754802793e-02
-1.240379689412265674e-01
-2.019388649098554089e-01
-1.855946260761195121e-01
-1.983001462357849021e-01
1.770254880795932850e-01
2.182549355110350864e-01
-3.865796094255443682e-01
1.168095949925330168e-01
-3.096467011326003993e-02
1.991173171590596147e-02
2.029940368977894982e-01
2.093373252389402750e-01
-4.292407698212806766e-01
-9.888008574622772495e-02
3.646992862417335890e-01
7.325427866964484558e-02
-1.381548088418428355e-01
-2.386124143424811495e-01
1.953111467596729822e-01
-5.833861620131716164e-01
3.884435402284364680e-01
-2.356867781765801806e-01
-1.306948849214981112e-01
1.347978499957938614e-01
-1.299780016518022052e-01
2.706439038189600854e-01
2.070486555970999509e-01
-2.053276646339674549e-01
2.196917256811398156e-01
-6.382509352614234022e-01
2.358006559192839802e-01
1.628383063244775164e-01
