3.543102655048072092e-01
7.518324423144787660e-01
2.084477509849947952e-01
-6.700564568711013802e-01
-6.714218282716212238e-01
-7.208511348831980747e-02
3.622492760082814955e-01
3.063195847386596116e-01
-3.605937799873533134e-01
-2.773450647051302065e-01
-4.826327910413890088e-01
1.323210466500902294e-01
6.531170415008893393e-01
5.042920521280449542e-01
-1.518517791038538900e-01
-4.455214430463493303e-01
-4.935196447471365544e-01
-4.150869400335202020e-01
4.112990642915546613e-01
-3.341174597038928384e-01
3.963895326897257654e-01
5.379199939574272893e-01
-9.860700370162192030e-01
5.853363307480307087e-01
-3.620101125762774097e-01
-1.355398107238849903e-01
-5.504079464048341475e-01
2.076684934477183442e-01
-5.393786385477822298e-02
-1.838250418104238060e-01
2.135978618581285682e-01
2.690296136431488128e-01
6.587211534240392519e-01
-7.839786045083280142e-01
-6.422887877436788129e-01
-1.064112949792420104e-01
-5.052553094113654275e-02
-5.586501111180358636e-02
4.449081168014917820e-02
2.125999207842621183e-02
-3.328127979653997537e-01
4.675242715656435788e-01
3.575788034563907591e-01
-3.662350092886011987e-01
-1.321499548917035305e-01
3.642748724567229646e-01
5.806687199206845840e-01
1.687137206475814721e-01
6.188709579783464587e-01
6.036162384821487370e-01
2.026967638663989824e-01
-1.497177546551204386e-01
-3.036340434417816869e-01
-4.558340250724901566e-01
2.063810267239739593e-01
-4.730647347190920782e-02
-1.100504037131133372e-01
7.043933223000993227e-01
-1.853471172438454495e-01
7.493460238259601613e-01
8.693602650857426006e-01
6.379227448366275866e-01
4.572581648806075538e-01
7.370249378578108690e-03
-2.891061863521411368e-01
-4.587095418735904762e-01
-1.159174829125867723e-01
2.868904893813825074e-01
-6.917145037058293200e-01
-7.245490254617343862e-01
-1.000000000000000000e+00
-5.363524978454792258e-01
3.116818670691707815e-01
1.878531798710688649e-01
-8.610452020276517793e-01
5.379524817471390552e-01
-3.297541374187875629e-01
3.936671863235312596e-01
2.174803782103567062e-01
-1.319950176275550557e-01
5.298422473102032404e-01
-2.021158821625452795e-01
-7.074887132185410099e-01
7.724288200121536274e-01
1.119447578165053692e-01
-8.412150239040808164e-02
1.878288236893465024e-01
-1.000000000000000000e+00
1.000000000000000000e+00
8.759435691990344885e-01
8.877771271423762212e-01
-2.027150734462450643e-01
1.482638194147025690e-01
-6.550232392647321600e-01
-8.453685417538568947e-01
7.100694563191831676e-01
1.000000000000000000e+00
-5.713492346038222536e-01
5.878913053398221455e-01
-8.853350080917412601e-01
-2.196101251727253789e-01
8.025695933684346972e-01
-3.935279716940502381e-01
-3.342294706795224113e-01
7.392049128664648361e-01
-5.202845464343170967e-01
-1.347765614727082784e-01
-7.192872580592486464e-01
6.409249708650547328e-01
6.242402668113742337e-01
-5.968629689124486104e-01
8.228916472331996301e-01
1.317276293707076440e-01
8.269393114664782551e-01
7.837702849105083747e-01
-7.412665011216663657e-01
1.000000000000000000e+00
-3.885101567733614258e-01
9.982286442634978607e-02
1.264268831430701012e-02
-4.207381182588261215e-01
-9.907601759720940926e-02
4.359595231853267139e-01
-6.631557972380153210e-01
4.375836271612338901e-01
1.865152592973617907e-01
-6.029112861401660917e-01
7.950170988673135875e-02
-4.061424553922046154e-01
-1.381216508895153350e-01
-3.854528114657382876e-01
2.062485749993436812e-02
5.764490285542795966e-01
3.576409601028966989e-01
6.576676380331385463e-01
5.834428404847245009e-01
5.822983437697537568e-02
-9.180034159005105998e-01
-1.672374883288800795e-01
1.435729193298117268e-01
-9.693223058972563200e-01
4.080811891268180669e-01
3.377420174025784760e-01
-6.146944648166539071e-01
-9.668647367034955975e-01
4.599790067043321162e-01
-4.633798226950103794e-01
8.851717910482655993e-01
1.973746605898878473e-02
-7.018782226364917998e-01
2.964063990620174893e-01
-6.899368700498558216e-01
-3.402799374367292407e-01
9.075785659474084888e-01
-8.268175371532253681e-01
1.647088027710363889e-01
8.519955928591367300e-01
-3.324736764743299045e-01
1.505085725413250058e-02
2.190507659514515648e-01
-1.646439902644049880e-01
-2.670586448438504457e-01
7.342128480117426914e-01
-4.343681664511635510e-01
-3.171607455730890424e-01
-1.000000000000000000e+00
6.857361677531593758e-01
-7.182881511652503548e-01
8.872126862210754084e-01
-1.065269166571635173e-01
1.006663257935516143e-01
2.951486987323979072e-01
-2.106942747210519551e-01
8.821861203723873057e-01
3.940947932510304730e-01
-5.543501522058122966e-01
8.305109848966559793e-01
-1.148965944439974129e-01
-3.421800443536000547e-01
7.119992025641285194e-01
-1.068377643612655747e-02
-4.541285338196083821e-01
1.108058753592869317e-01
-1.280175785075324535e-01
4.177021082916869132e-01
-2.263697212902700540e-01
3.180212239734310775e-01
-6.269470049250932542e-01
-1.459810793008056717e-01
4.567403729131535028e-01
-3.822267330939358998e-01
-1.781873332172823898e-01
-1.949816131854610890e-01
9.882360745973065574e-01
-1.797741751498838081e-01
-1.026980045979821177e-01
6.479057728881526534e-02
2.773128199345131772e-01
-1.179793561461154328e-01
2.202978808233820862e-01
2.104249297248821371e-01
2.461228695662465438e-01
-2.441252767746256158e-01
1.175239468891901840e-01
-3.292350654958560718e-01
1.285019054749000130e-03
-2.965426750371555897e-01
9.189183723144872529e-02
9.525162541109580966e-03
-7.995521067440167218e-02
-1.325648751562230054e-01
9.970225396207914315e-02
-1.161214189172249112e-01
-1.854662471861223405e-01
-5.535801675810346767e-01
1.736867911639980167e-01
-3.138675636116859402e-01
4.511361332866409279e-01
-1.141452558304827947e-01
-2.403694138179043871e-01
5.974867289863561998e-02
-9.984520221533808859e-02
9.018727330835155098e-02
3.258589309762461306e-01
-3.437796666895073239e-01
-4.403318238153146602e-01
-2.126881517621172502e-01
-7.675679315223291055e-02
-5.143913835142040203e-02
5.786865151166303844e-01
-4.428515323678938742e-03
-1.505807901636441182e-01
1.608090180955251691e-02
-2.372670774150558715e-01
-1.577515986014870197e-01
-4.670393153121508989e-02
-1.983001462357849021e-01
1.770254880795932850e-01
2.182549355110350864e-01
-3.865796094255443682e-01
1.168095949925330168e-01
-3.096467011326003993e-02
-1.532932930377852998e-01
2.029940368977894982e-01
2.093373252389402750e-01
-6.251404369268471761e-01
-9.888008574622772495e-02
3.646992862417335890e-01
7.325427866964484558e-02
-1.381548088418428355e-01
-1.818992962654942258e-01
1.953111467596729822e-01
-3.926631834054909453e-01
3.884435402284364680e-01
-4.665192993955374345e-01
-1.306948849214981112e-01
1.859549085904075860e-01
6.180376203605033453e-02
2.706439038189600854e-01
2.070486555970999509e-01
-2.053276646339674549e-01
2.196917256811398156e-01
-6.382509352614234022e-01
2.358006559192839802e-01
1.628383063244775164e-01
