3.816561616580389504e-01
6.687300544518223200e-01
-2.866593114719674928e-01
3.076068748084300752e-01
4.475216623396987559e-01
-3.851167794923341381e-01
-4.881252674258779178e-01
-9.262072474675037137e-02
5.806248270036945547e-01
-4.141310099702646963e-01
-6.149401519689143836e-01
6.056833240550909547e-01
2.614805330592970822e-01
3.936052272859169032e-01
7.711874802504323778e-01
5.899525773187103139e-01
-5.834210561733726985e-02
-3.957049815543921545e-01
-5.068638543048346046e-01
-2.696668965841658161e-01
5.403497587072596531e-01
4.705877722370045979e-01
7.109238347583408668e-01
3.267816999078934082e-01
9.281712597437019596e-01
-3.760146541568860912e-02
2.709931489537584781e-01
1.641265889410467860e-01
8.081864363956622332e-01
-5.455116875016507993e-02
-6.251130887920770540e-01
-7.744539938881134233e-03
-5.893310560729664305e-02
6.197603456351854501e-01
1.266595712568374110e-01
-2.955258526937880603e-01
-1.285679546665023376e-01
-7.362958974016990676e-02
4.987681486283269683e-01
-7.596844855110956862e-02
2.118348072680857896e-01
-4.987599044899843626e-01
-2.572080133285247205e-01
-7.545341744883884982e-02
-4.115266927805360520e-01
-9.338226368228409457e-01
3.009367585122088573e-01
8.235694926519422643e-02
-1.544904693931023476e-02
-1.246244506155214093e-01
3.300988603532321597e-01
7.013721129935397425e-01
2.370052228071620193e-01
-3.929498171764129744e-01
4.526629907299459243e-01
1.246693142239074098e-01
-6.334869593341662108e-01
7.346648585497084216e-02
-4.575540388758413402e-01
8.998293634558107712e-01
-1.803521853765348570e-01
-1.877630410092644420e-01
2.025610576194377677e-01
1.328945130973424593e-03
-3.688539995193715892e-01
-4.008676897273523720e-01
1.072070027116946989e-01
-5.174813284961089499e-01
4.259102157260432064e-01
-4.288103967331958755e-01
-6.760851626272749160e-01
-6.398176210797649199e-01
1.035045410342701477e-01
-2.480113948397776880e-01
6.082286709503894606e-01
4.375654271030982589e-01
4.194455176407163588e-01
8.873634908502914254e-02
8.232978196062792353e-01
-3.012921572160556227e-01
9.992676847610601487e-02
6.036033599120630422e-01
-3.671935020048512355e-01
5.256615896164292812e-01
-3.131738047924862434e-01
-1.560505561455907686e-01
2.884347466477336641e-01
4.108446459058805456e-01
3.797187043057170808e-01
1.051456584240725023e-01
6.367723466186379078e-01
1.765508803983256714e-02
6.557287426027531563e-01
-8.956878872751095066e-01
-8.289420755554174347e-01
1.881147362077209562e-01
7.731356730554350687e-01
1.000000000000000000e+00
8.168329684464130658e-01
-5.758476338461893107e-02
-2.100454669007906228e-01
-4.967368645747035627e-01
-1.487378013468647620e-01
6.613818810828999695e-01
6.556524349788743766e-01
-4.328599433754807269e-01
-5.690891889079482402e-01
5.078114587839083205e-01
3.913202329891365405e-01
8.201394159105011017e-01
5.136292922209484413e-01
1.407687932861743652e-01
9.566178240673999245e-01
1.619928175442776341e-01
3.240026788177314820e-01
7.101907650385933524e-01
3.209772349333618879e-01
8.705564985232570052e-01
5.473251120905359146e-01
-2.028794264225035615e-01
4.066259106388772082e-01
3.410463543538850839e-01
4.518769469025931684e-01
-9.507892346115831561e-01
-3.835307355046118083e-01
5.929266077974761906e-01
7.451185921524527966e-01
-8.623892483767754413e-01
2.642486676307734261e-01
-7.542654671895102636e-01
-6.456970246567327321e-01
-5.838754683530775758e-01
-4.440757094598701826e-01
4.101708385053108863e-01
-8.606915480095842508e-01
8.043549617229890369e-01
8.082207767760811734e-01
5.806723214252103027e-01
4.175275225478706220e-01
8.064128119001234829e-01
-1.000000000000000000e+00
-4.215943154974857165e-01
-6.222339635740261610e-01
1.000000000000000000e+00
1.000000000000000000e+00
3.830773708966961344e-02
5.144894667046924219e-01
-1.082359182206296122e-01
3.946961884055513181e-01
3.533326109758314626e-01
7.974122498696274430e-01
5.808123578930581843e-01
1.058313381983835288e-01
4.997356015118821215e-01
-8.149261800164881997e-01
6.586863088882567441e-01
2.217552954600461312e-01
3.868215740575677852e-01
3.051085556492355577e-01
5.963944580267357409e-01
1.391840087945390714e-01
-9.742739594839442407e-01
8.406142844522137558e-01
-8.903558903995586471e-01
8.358128404690079449e-01
-7.484096330252976159e-02
2.529162493037007131e-01
-5.600753327728588138e-01
-4.375559303404337186e-01
-4.732212350723068450e-01
-8.098643322517793397e-01
7.220998418111408412e-01
1.441891893876837138e-01
-9.988651720944097256e-01
1.427847224064879850e-01
2.389877856170645742e-01
-9.067252192847536918e-01
-3.829540136547187057e-01
8.069774782919707512e-01
5.249952829417106059e-01
-1.300176689348790937e-01
-1.557547608200804401e-01
-7.322568196956067421e-01
-1.000000000000000000e+00
-5.240062413767758720e-01
-5.141503980394884765e-01
3.630187527018735594e-01
-9.252424449550846752e-01
-2.841255295061770880e-01
2.624214684052343927e-01
7.675188476659511316e-01
5.083330285612555066e-01
-5.941432926735603637e-01
7.792659882559180851e-01
-4.731241490829218854e-02
-2.582866805039466529e-01
-1.000000000000000000e+00
6.129789902297574367e-01
4.044647297809695896e-01
8.146490326774129542e-01
-5.512353495422959160e-01
6.703671062358795840e-02
1.378192533058850699e-01
1.566695946768330572e-01
-4.033010966593540969e-01
-8.771161763262498301e-01
-1.125160115031450248e-01
-2.096111687070783824e-01
-9.081405773870224185e-02
-3.366608066557026935e-01
-2.871947867093470608e-01
-1.774117049639015870e-02
-1.441452290839821404e-01
4.471064998149918424e-01
-3.838871760441803227e-01
-5.176374915298792567e-01
2.478098081607689740e-01
-3.016626025202168160e-01
8.410479348368196661e-02
-3.283742689454757779e-01
9.041779321484558207e-02
-6.249264605739159872e-01
-5.976913975793407552e-02
3.773421776468683930e-01
-2.815457171804294223e-01
1.685908824596116240e-01
-5.182473619243084251e-01
-2.340345953575946603e-01
-6.086336200781772288e-01
3.335368941057096914e-01
3.251412485175619871e-01
-3.722023042108679736e-01
1.177296532060993772e-01
-6.065664388823258646e-01
2.409190223456836311e-02
6.075950662687620851e-02
4.239323330878688734e-02
-3.053099554257633352e-01
8.170806874976051237e-02
-6.904781093510493628e-01
-6.109294355276839728e-01
-3.789954787646664380e-01
1.084187987872608505e-01
-3.546214367342477858e-01
6.737274513559612377e-01
-6.639140571133831381e-01
-8.322352585794611235e-01
5.102034529623428183e-01
-3.064655414105136311e-01
-4.632074916536624842e-01
5.718292473156872946e-01
-1.515013538279809946e-01
2.972735322257608059e-01
2.472562819214430829e-01
6.738651702217891559e-01
3.092684022838508850e-01
1.990616915164362122e-01
6.492994494566695085e-01
1.759564481222420929e-01
9.096219926467030703e-03
-7.386547327200062574e-01
2.557280361885956865e-01
-9.378870554059831610e-01
2.178926718005985697e-01
4.851193537269009592e-01
