-7.024579278737626276e-02
1.004037293776172401e-01
5.468553822832108446e-01
4.336106766018635317e-01
-8.067202957431874877e-01
-8.848817201046903502e-01
4.508805911941811684e-01
-2.773017095801972864e-01
-8.453349348048844192e-01
8.680940839902535899e-02
3.770589495467175506e-02
-4.551306427232215679e-01
-9.052488635812737383e-02
1.855148364826422758e-01
7.723850735694366421e-01
4.247648275611775048e-01
-3.170706469202446698e-01
7.118284970898864916e-01
6.407750116937386275e-01
-6.312592367173593955e-01
-8.155775324252054759e-01
-1.039804719385797327e-01
-1.062564118396711610e-01
-5.203180643164786456e-01
7.858798683149752218e-02
-3.014114821930989341e-01
-1.459222438562308710e-01
-7.964269400466956750e-01
4.031698815024719607e-01
-5.585660325175541008e-01
-4.731320795937325463e-01
-6.550339016141697862e-04
-5.575909170575097384e-01
8.499076969240838553e-01
3.386964491830558588e-01
-8.184689984761902570e-01
5.661556102954783398e-01
-4.167313487316458565e-01
4.705048789281257027e-01
-2.381905466418848469e-02
-1.705133747607636141e-01
4.068942032151580679e-01
-6.792426299564984227e-01
-1.889706098509804852e-02
9.158501333005262257e-01
4.554017172297965543e-01
-4.877381330043326635e-01
-1.330686340884182361e-01
-1.059730975164209360e-01
1.431646015627514590e-01
-5.181273763013014566e-01
2.692027221162525130e-01
-1.261724041548913100e-01
4.194489403925652504e-01
2.836584659493261995e-01
3.822647337258559541e-01
-6.201296575689315693e-01
2.585956741418076257e-02
7.524713015346651268e-01
4.326960851813986264e-01
-5.682250939531148237e-01
-4.338006314645793116e-01
1.547565427802784777e-01
3.193914268211059393e-01
2.832658668830125848e-01
-3.963579837773155423e-02
-2.523136820963157168e-01
1.551598400734750804e-01
-6.113843136546873724e-01
-6.383242816583619694e-01
-4.519085266486410069e-01
3.712189754691469501e-01
8.331937217341103818e-02
-2.764499863792778123e-01
5.399433948914964532e-01
3.961706587435847582e-01
-4.838898488108792084e-01
1.210872518989622448e-01
-2.686881727191199332e-01
-1.425094961524763226e-01
8.824181380699248900e-02
6.517882839329156019e-02
1.672689819190368785e-02
-1.309653378012483049e-01
-3.963185437621835061e-01
-1.646322700494761704e-01
-1.237541999352496230e-02
-1.313769490551500996e-01
-4.945179241402849479e-01
-4.307979661429501839e-01
-4.846555989835688583e-01
4.296879653538658861e-01
2.462567272567487420e-01
8.264245858007428502e-01
-2.463599347913982274e-01
5.684948666454427979e-01
-1.340364148808274036e-01
-6.841714765916990793e-01
-3.191788725087309486e-01
6.654512093826282504e-01
8.036656182034309648e-01
5.385093763523969290e-01
3.972053677564311713e-01
-4.753793473788551771e-01
-3.616990459996935470e-01
-1.664999639216152849e-01
5.490300636639225962e-01
-2.326470911963638213e-02
-2.499773612166948100e-01
-1.677555296802089035e-01
-1.194629075167635557e-01
-4.009126911742273008e-02
1.867392289946422923e-01
2.971135873512605052e-02
-1.792995941425194473e-01
4.702167354338593896e-01
4.240126274263188444e-01
-8.353399080362863827e-02
-5.084478127157002758e-01
2.726203892357669800e-01
3.009864468366347245e-01
4.225023924039847389e-01
3.139022487423764884e-01
-7.398700639735697471e-02
2.570194556121863094e-01
1.067248237450271753e-01
-6.677330927666810800e-02
-6.723379776424234233e-01
5.666854112776128494e-01
5.052195491092000834e-01
4.084649225172287124e-01
3.149452765813954419e-02
7.907075524106899067e-02
2.297894165409835321e-01
-1.790119322039006866e-01
1.429843058980258819e-01
-2.276424507237115036e-01
-1.057012174879048000e-01
-2.461332331015693153e-01
6.627870682077759146e-02
-2.479012956008646851e-01
-2.194378999602824426e-02
1.419621981650190101e-01
5.223896176713134221e-01
-5.322905413019893839e-01
-5.097986295446407246e-01
7.656097384405204098e-02
7.250817297478266976e-01
6.268131438811330725e-01
-6.006762820731388341e-01
-6.059797734353759013e-01
1.048383997629544484e-01
3.829531259307255020e-01
-3.403377846639976667e-01
2.254837183516329724e-01
1.250705082027727122e-01
5.442049175573011599e-01
2.953317978974739355e-01
-7.041596280685249454e-01
-5.202695069857417032e-01
-3.096477541377608556e-01
-7.002161585002654454e-02
1.422882469212692624e-01
5.911364191052556061e-01
-1.085900280724625411e-01
5.130973283113176020e-01
-6.806786818745618195e-01
-3.224348819869808369e-01
-2.717179994416378808e-01
4.410152030012091107e-01
-7.989369064971832968e-01
3.471779039079405660e-01
2.109252127902450646e-01
-6.356085423756803188e-01
6.957245461146984722e-01
3.523425094308423877e-01
-4.219617997697153872e-02
-7.562862785166410973e-01
3.738106960360274011e-01
-2.457076375959679412e-02
-2.999243015840370452e-01
2.783380854494173495e-01
-2.225977216651257307e-01
-2.661403753366941016e-01
-1.167979552775555152e-01
5.422641223264716981e-01
-4.529476182632882764e-01
-3.227338881360456990e-01
-2.076706589584212947e-01
-2.822385689481116677e-01
-7.284413499068455033e-01
2.801348627680969039e-01
-4.776882422861739030e-01
3.818398540809250785e-01
4.790425284195289901e-01
-3.920414391059189874e-01
-3.085687461353520677e-01
-1.532022940367255004e-01
-4.803456523533753547e-02
-5.899221220680118671e-01
-4.072906510561806748e-01
4.249034785995742941e-02
6.755497851772505058e-01
-1.613929270407409300e-01
-2.397167791908019589e-03
-5.429916187752741319e-01
-6.180013598993581159e-01
1.556320071820473105e-01
-6.414075302776501841e-01
-5.672423762716934936e-01
-7.596940327941932303e-01
-5.086161004692311138e-01
7.819434697710434534e-01
4.857283184386497199e-01
1.613488892987745282e-01
6.981379139905586895e-01
7.690642774906204515e-01
6.892370260612707966e-01
8.743663799268037717e-01
-7.694420272816542006e-02
-1.588903083863668353e-01
-8.590412794463883617e-02
4.855339217167070065e-01
1.253558716925042282e-01
-3.780414287260892570e-01
-8.190399985137777339e-01
3.245479174557064916e-01
2.704698775270822919e-01
-3.068198566073541134e-01
3.169994208583181705e-01
6.939614929242171604e-01
-6.240531442349516178e-01
2.741961422039915219e-01
5.585792906902378174e-01
-1.741525641663466406e-01
5.811766687886686933e-01
9.031976301672886009e-01
-2.276428849668659937e-01
2.530213695733264934e-01
5.154443445239491606e-01
1.733241729237026615e-02
-6.620369827882632840e-01
-3.715251197887098344e-01
-2.890550540386465639e-01
-4.728838446404984852e-01
-2.998617453557200774e-01
2.111299725568746566e-02
-2.244406214014390555e-01
-7.076488691271446418e-01
6.663290558585571732e-02
4.587358265607072855e-02
5.345272994499293828e-01
-3.423341119649122577e-01
8.284651829347905450e-01
3.392623376462732820e-01
-5.958387975866211717e-01
3.486900199154707169e-01
1.477288547283773235e-01
-4.525689065480505979e-01
-2.371923145250663389e-01
-2.428296363429292282e-01
-1.736925554366900576e-02
-1.138728560541307222e-01
-2.379636738042857913e-01
-2.050360680219943110e-01
