-7.678105176813512789e-02
6.436672910195238018e-01
8.588193408368838266e-01
5.372530183906230050e-01
-5.946718078874739799e-01
-9.036941181764255315e-01
5.667434910767927825e-01
-2.865113503388650451e-01
-8.918174034930598237e-01
2.196589738942868464e-01
6.431518092096970285e-02
-8.532752466892552512e-01
-1.328306893414773204e-01
2.077268530647190248e-01
8.285820532173124864e-01
2.836539030300010977e-01
-3.360704934729117355e-01
8.008004718717542936e-01
6.346554986797834363e-01
-6.977946824724959862e-01
-8.672799388166754220e-01
-1.084207605307513228e-01
-1.031335345063599529e-01
-6.138976802598004046e-01
5.762178183367610423e-02
-5.229377157751906591e-01
2.975531586915147741e-02
-1.000000000000000000e+00
2.655389528686984413e-01
-5.627368905702015978e-01
-5.387951037193224879e-01
6.016340190234462093e-03
-5.575909170575097384e-01
8.499076969240838553e-01
3.386964491830558588e-01
-8.184689984761902570e-01
5.661556102954783398e-01
-4.167313487316458565e-01
5.512219240014790689e-01
-4.289974815339182151e-02
2.001296787677270261e-03
4.068942032151580679e-01
-6.792426299564984227e-01
-1.889706098509804852e-02
9.158501333005262257e-01
4.554017172297965543e-01
-4.877381330043326635e-01
-1.330686340884182361e-01
-1.993718466350370699e-01
4.883752595963847809e-01
-5.181273763013014566e-01
2.692027221162525130e-01
-1.261724041548913100e-01
4.194489403925652504e-01
2.836584659493261995e-01
2.583604310626496092e-01
-6.201296575689315693e-01
2.585956741418076257e-02
7.524713015346651268e-01
4.326960851813986264e-01
-7.759651535523057753e-01
-4.338006314645793116e-01
1.547565427802784777e-01
3.193914268211059393e-01
2.832658668830125848e-01
-3.963579837773155423e-02
-2.523136820963157168e-01
1.551598400734750804e-01
-6.113843136546873724e-01
-6.383242816583619694e-01
-4.519085266486410069e-01
3.712189754691469501e-01
8.331937217341103818e-02
-2.764499863792778123e-01
5.382766678052273157e-01
3.961706587435847582e-01
-4.838898488108792084e-01
1.210872518989622448e-01
-2.686881727191199332e-01
-1.425094961524763226e-01
8.824181380699248900e-02
6.517882839329156019e-02
1.672689819190368785e-02
-1.040632456977057529e-01
-3.963185437621835061e-01
-1.646322700494761704e-01
-1.237541999352496230e-02
7.781705256864565601e-02
-4.945179241402849479e-01
-4.307979661429501839e-01
-4.846555989835688583e-01
4.296879653538658861e-01
2.462567272567487420e-01
8.264245858007428502e-01
-2.463599347913982274e-01
5.684948666454427979e-01
-1.340364148808274036e-01
-6.841714765916990793e-01
-3.191788725087309486e-01
6.654512093826282504e-01
8.036656182034309648e-01
5.987183560222990586e-01
3.994415355154656289e-01
-5.394081732217466119e-01
-3.728469646426930129e-01
-2.115355409026741795e-01
3.423982840275767714e-01
4.330957465313396704e-02
-1.024483869509734135e-01
-2.100123551055583793e-01
-3.796817387883926198e-01
-6.071792917515127230e-02
1.756032310213138103e-01
-5.441989368861560594e-03
3.263052236610716195e-01
5.753034424397120983e-01
3.252924441760386975e-01
-8.140307935820384477e-02
-7.882251929205891239e-02
2.236646717486849567e-01
2.526462032584486650e-01
4.474124558473088764e-01
4.714488346516372275e-01
-1.960929839977336719e-01
2.353272954411068651e-01
1.406053742986261568e-01
3.051665225347972576e-01
-6.875288151384562063e-01
5.277949703993898289e-01
2.706342386945537193e-01
2.665442366935660834e-01
1.295069785697687027e-02
-7.014968816831228249e-02
2.114713722214059954e-01
-1.307356033759713987e-01
1.433054842759327041e-01
-1.665479257021837134e-01
-1.080087824624356568e-01
-2.094115667359671140e-01
8.779464047856885833e-02
-1.371509103252631645e-01
-1.099650757111566429e-01
1.271645682886302364e-01
6.521948100198960985e-01
-5.473447394429900026e-01
-5.277210293276154429e-01
1.036426108671384752e-02
7.574964253256364355e-01
6.214948244458498028e-01
-6.406430142019219343e-01
-6.278365778696015642e-01
-5.390848161183520171e-02
3.484020967464807605e-01
-4.536845169400050004e-01
2.551573439920973296e-01
1.854893137775596446e-01
5.548212547014073071e-01
3.121514856802241056e-01
-8.144002753510892756e-01
-5.354331648339518690e-01
-4.043034443027485603e-01
-7.480910633918702590e-02
3.089473781033153302e-02
5.949571225892321680e-01
-2.621245794942559937e-01
5.790147447514509826e-01
-6.923888754780331833e-01
-2.509020504960181031e-01
3.164142456054513941e-02
4.883003773898973998e-01
-7.851927396067305276e-01
1.571842330943010735e-01
2.742804737624347511e-01
-5.316438227620849943e-01
7.497865136979964262e-01
3.801158951061798241e-01
-7.126133250962808641e-02
-6.618030115698491089e-01
3.490494841308784957e-01
-4.566797480941205828e-02
-3.451662025858276972e-01
2.697467904456739562e-01
-1.073036398630396876e-01
-3.862548823773221951e-01
1.024450623350585399e-02
9.196842389511903360e-01
-5.213390991913565697e-01
-2.768509990600837578e-01
-2.900715261239331655e-01
-2.714869988878459983e-01
-6.993275005261185839e-01
2.427682878708904979e-01
-4.333183162324741322e-01
6.668835826962299373e-02
4.696197594431534839e-01
-4.936722065996827502e-01
-4.737513391099214544e-01
-8.970218355544790079e-02
3.489926426688663152e-01
-9.827576191065383604e-01
-5.192145583972903600e-01
1.104247994754825740e-01
6.855265738810570886e-01
-1.562564960122647673e-01
-2.695382996413062809e-02
-5.019580930412490538e-01
-6.238699552742420495e-01
1.241272288397835405e-01
-6.621861544179306058e-01
-6.847210817534040705e-01
-5.895331291158272258e-01
-5.288087109123075225e-01
7.976088047887359700e-01
6.223480579404337965e-01
7.637675566636592528e-02
9.847398828174253049e-01
8.296793147952185032e-01
7.260823747496800706e-01
9.233652157074051514e-01
-1.162279501036846269e-01
-1.940705575158336305e-01
-8.152683807913388425e-02
3.903243727960422627e-01
1.219231561400616892e-01
-3.695988498159489266e-01
-8.116107542411906683e-01
3.275526948274745664e-01
3.854268073934304373e-01
-4.250710565602272006e-01
2.999927220977454123e-01
6.690687187397587055e-01
-7.160059450893487831e-01
2.755694571848881780e-01
5.070191010559661482e-01
-1.183469984600457187e-01
6.379997879198275879e-01
8.833450781843034116e-01
-3.286765496794448183e-01
2.547414600022010478e-02
5.780328623741805005e-01
7.818847159522152035e-02
-6.323471305890251415e-01
-2.810979911721455116e-01
-3.571710933670427801e-01
-5.271262060860537613e-01
-2.847163558686005569e-01
-1.532494801231590875e-01
-3.940408101561513332e-01
-3.210610225656164163e-01
1.936351484938121925e-01
1.136757044150203677e-01
5.874534965656883490e-01
-6.399959974361182358e-01
8.273976018288462519e-01
3.181708233098101690e-01
-8.902116952525539473e-01
7.370997999522312938e-01
1.980336031051930235e-01
-5.100690045750382318e-01
-2.869977263515939847e-01
-4.659399602291346421e-01
5.364105831267600155e-02
1.329093512996603887e-01
-3.164654591526968042e-01
-1.919663294781386587e-01
