6.098469613171147996e-02
1.435536130477352845e-01
4.628668597192945322e-01
5.188359453225400708e-01
-8.598697302428206513e-01
-5.064211693712266094e-01
3.030335624285593887e-01
2.892940220332650136e-02
-5.654649277909384875e-01
1.837145456315107117e-01
2.420049362904031776e-01
-3.100502510103302356e-01
-2.031930577985416597e-01
3.557946332897668484e-02
3.717083794954373355e-01
4.366519581276501194e-01
-6.209951782703719836e-01
3.202273280866820282e-01
2.389730047675500679e-01
-5.131355294595126848e-01
-4.058847811982327358e-01
1.324338216097621368e-01
-2.965495567725449227e-02
-3.292385780298403009e-01
-2.350100447693501959e-01
1.941223943723827117e-03
2.015227233214108259e-03
-8.457498587020092495e-01
2.279889367699152250e-02
-5.326864955370101962e-01
-4.417137201885762421e-01
-2.050735209219349542e-01
-4.507489552529688193e-01
7.502433936407006954e-01
2.912034012531761751e-01
-8.560135315931818312e-01
7.338776533634382426e-01
-7.176143654686774342e-02
1.957365655972311824e-01
-1.528835517399249888e-01
-2.358041340270649044e-01
4.893909173680844882e-01
-4.563324937899964628e-01
1.027886543570185468e-01
8.190427393454146054e-01
4.424182108364584920e-01
-4.547203363943812526e-01
6.255912299002452936e-02
2.019520694086187895e-01
2.681711208537515545e-01
-1.573847069070941351e-01
-1.826430935273160860e-01
-7.246946222340856780e-02
2.774451781689484808e-01
-1.013929312438107549e-02
4.481488473620613977e-01
-2.803486451490742534e-02
-1.082287231041696579e-01
7.114539789326811414e-01
1.805366011941430537e-01
-4.100158649019667867e-01
-4.261264000413646502e-01
-1.491981800461954395e-02
1.520141330835329541e-01
1.268022503233103282e-01
1.001825719861361569e-01
-4.486399401689732946e-01
1.997637937747652470e-01
-2.499634270285003568e-01
-5.042266492039257919e-01
-4.481399742663851882e-01
4.570025174728409301e-01
1.280005304464316984e-01
-2.260607055466852811e-01
5.901016044953091289e-01
4.735112386092224512e-01
-4.396407689781512418e-01
1.833704250211919823e-02
-4.384120524639619765e-01
-3.839479108226776516e-01
-2.724915282393181037e-01
3.526565878602743592e-02
-4.021672896382508938e-02
6.564239034519928628e-01
-6.106204646062182162e-01
-1.383600419664475778e-01
4.358511679528399851e-02
2.548903428695830156e-02
-6.310429487371661539e-01
-2.831357440234087419e-01
-5.621738787103085500e-01
1.725998418464595174e-01
3.540387287621464818e-01
5.518446460398274134e-01
-1.778637456683157259e-01
7.830528761122887982e-01
-8.791033174280363238e-02
-1.730875175907504726e-01
-1.366805214796605605e-01
3.576770463121382027e-01
6.377133314456483459e-01
5.087814700483913599e-01
2.466241138527800747e-01
-3.094790176462565157e-01
-4.146329560502318712e-01
1.084882212915632693e-01
5.067964465509752214e-01
-1.780320564621426238e-01
-3.531920267034728278e-01
4.124272692224319192e-02
-1.352079006513234594e-01
4.165912830026066022e-02
2.428707761001431542e-01
7.004277506759319996e-03
-2.566864718379234245e-01
2.320452758112396541e-01
3.457404318633354734e-01
1.244440907702568794e-03
-3.747746647316069768e-01
5.838781736400268374e-02
6.645259577137038742e-02
3.539669007203055662e-01
1.518845869553146488e-01
-1.519201547357329207e-01
-6.065997782942592065e-02
3.746081898094869023e-02
-2.800937589700557007e-02
-3.226541678501840260e-01
4.374920217855042814e-01
3.593645046613502259e-01
6.104868485924667132e-01
1.956798161516665191e-01
-2.291596271093871429e-01
9.355307550910303693e-02
-1.352869027280823311e-01
7.448617255523656833e-02
-1.541216623256362606e-01
1.307564908420516259e-01
2.720829811587806291e-02
-1.867677345376357601e-02
-1.394044255754028350e-01
-1.983557055126873858e-01
9.752495778370494361e-02
6.230457859880358384e-01
-4.518976083033781621e-01
-4.174030049772320949e-01
2.619439682840115496e-02
6.881890427344947714e-01
5.644572806041225910e-01
-5.806526867604003828e-01
-1.334002642131877359e-01
2.155338870885488978e-01
4.386662485431956360e-01
-2.147658299645445745e-01
-2.754562314587164495e-01
-1.384614583523319231e-01
2.995206014322546739e-01
3.196700361430733217e-01
-4.599345004203208020e-01
-6.297080139700368395e-01
-3.002556097145701042e-01
1.520572055528631589e-03
7.194210325585020938e-02
3.913422274036451043e-01
1.389579355505318747e-01
5.026120770480568822e-01
-4.363563379232378581e-01
-3.158877568416626480e-01
-2.839026903467509744e-01
1.182794941141732115e-01
-5.347683810992973630e-01
1.554204860660116094e-01
-3.174213637633748614e-02
-5.914185801907912987e-01
4.223410787457047011e-01
2.362576732708026872e-01
-2.581034522124662223e-01
-2.616883168263005044e-01
1.768625497804451052e-01
-1.582930148514656021e-01
-1.582938463426130649e-01
2.801990985663241895e-01
-7.468753251474613553e-02
1.483829970010186183e-01
-1.280037179557859672e-01
5.273422592182039903e-01
-3.643047742559777369e-01
-3.660622974567795396e-01
-2.930911654849128190e-01
-2.928966343500776226e-01
-2.826374375647845993e-01
7.644050702795378294e-02
-2.391915405067942535e-01
4.534257745505148596e-01
3.669988633805563727e-01
-8.629225537437679172e-01
-3.470353521767419736e-01
1.117743496514846252e-01
7.436006875170380823e-03
-6.598984870786935852e-01
-1.675292080164673958e-01
-7.385846945160508270e-02
7.123194056817222508e-01
-3.866588380886043508e-02
-7.207607648397612587e-02
-4.631051037389080083e-01
-6.083172520140732731e-01
1.317609471712079539e-01
-6.674146470174775470e-01
-7.452952108176931212e-01
-7.059484866265282044e-01
-5.240378105248885143e-01
8.127204379201555806e-01
3.835837634854169509e-01
1.815931126544242380e-01
4.217003453034997573e-01
7.591641635602310867e-01
7.612236935140485050e-01
7.702249998688572852e-01
-1.804945647802276565e-01
-2.496639590143149845e-01
-1.413316970428667996e-01
5.460223436119585605e-01
2.065266140104232429e-01
-3.200905432922547256e-01
-7.133057041209894811e-01
2.877937963675265554e-01
9.395817290611316319e-02
-1.602570567498951271e-01
4.212077808314662608e-01
4.939981698211486916e-01
-6.810463491516201007e-01
1.328996595199321284e-01
5.679550291991146693e-01
-2.318597256023620656e-01
6.405803740117768097e-01
8.063483045340821276e-01
-4.733526367818540748e-01
2.738886195111282507e-01
6.685989533964978859e-01
2.270456313434779036e-02
-6.924393638577577281e-01
-2.369058222449191564e-01
-4.866262574180647560e-01
-5.932918610845777652e-01
-4.468715572311417472e-01
1.059685582960530892e-01
-4.171469285542936944e-01
-6.593596455104578924e-01
2.063001824360720937e-01
1.504993274283928095e-01
5.939679280220702129e-01
-2.226941565257543332e-01
8.827226674352346425e-01
5.976359713353022185e-01
-8.482449432313381443e-01
6.511837680065947209e-01
2.662807708363718606e-01
-5.606187739115585655e-01
-2.999837136853221176e-01
-3.570109694413905466e-01
-1.114057337058035752e-01
1.286411421925280629e-02
-9.398376392378143818e-02
-6.439189445129564482e-02
