2.112092620533951581e-01
1.168189185057288415e-01
-5.789960498797950272e-01
-2.415558268536360242e-01
-6.042118380713409342e-01
-1.578503141015411837e-01
-2.230825579364526523e-01
-1.595731924184571326e-01
-4.010450531816424080e-01
1.771750181833511850e-01
-3.061019115575768779e-01
-2.271614228099202715e-01
2.074479238641266932e-01
-1.937458588731194309e-01
-2.184954307107215277e-01
1.669981580520687181e-01
4.311397453764131416e-01
-2.481374468687354284e-03
2.719472945744728642e-01
-5.781995148030876636e-02
-1.379313598172101502e-02
-1.889735607070454071e-01
3.096966370345105579e-01
3.958430991722269310e-01
5.392934415372480084e-01
-4.401595515127945668e-01
-5.778089028172992414e-01
1.871979076971388711e-01
1.767180579254161721e-01
-2.940052773452114243e-01
4.035266886971577982e-01
3.087957079020997031e-01
5.692700812354622303e-02
4.501948500503077932e-01
4.294735592193588136e-01
-4.579089284445819197e-01
6.768464666049680556e-01
-3.794915239145065788e-01
4.153057650132873091e-01
-1.377707423733433301e-01
-7.315156086895961522e-03
-3.111581930921583083e-01
-1.461110864798432218e-01
3.123148491750650235e-01
6.195462548700771954e-01
2.738416836408503197e-01
-4.719989741963168117e-01
-1.906566038193278079e-01
-6.288341214881015828e-01
-3.428997217769202410e-01
-3.752783576067386107e-01
-6.938420128260283648e-02
-9.321493660501879719e-02
-2.452287276424744145e-01
5.882351853929117524e-01
4.691485648105147011e-01
-2.923742500087206375e-01
3.790695348058720771e-01
6.974180056266372496e-01
3.689225844101180485e-01
-2.641090552169012007e-01
1.122862319324818281e-01
1.805384726333900819e-02
3.624854645968031419e-01
-5.565058696569191721e-01
1.007033890723725289e-01
9.423821984187036316e-02
-4.809453098187747022e-01
-1.253592426453864761e-01
-5.572713107154690926e-01
-3.806400535987191081e-01
2.158838796918098601e-01
-3.697514514263812169e-01
-3.382790598447348029e-02
9.679222896545347510e-02
-1.772442381011325452e-01
-5.199835410509358047e-01
-1.646604481679813520e-02
-1.693880508842277033e-01
5.793377607274941693e-02
4.622642071569058736e-02
1.458540940925942553e-03
-2.423901384249196045e-01
-3.475627938061447986e-01
-1.452855104858344348e-02
-1.340906885777423119e-01
8.944890485168431604e-02
1.047100386296379582e-01
-4.065726952742503286e-01
-3.527709779046812044e-01
-3.887389562702817658e-01
3.673890076664864668e-01
2.664634794888023350e-01
8.326691197067841443e-01
-4.127518568530788023e-01
3.308987390001910112e-01
-1.557475304176349218e-01
-5.373927200221713107e-01
-3.092042830353153859e-01
4.189858646017787236e-01
7.462245841498535981e-01
5.845978994516555227e-01
3.117769312867827436e-01
-4.572700590131263398e-01
-1.037804160795165187e-01
-1.939359577576442450e-01
3.880506943846170342e-01
-6.758092771629717332e-02
-1.013061142014763938e-01
1.443071901132480517e-01
3.397442941015953177e-02
-7.639454155490323084e-02
1.594643651174288967e-01
1.713973366659736208e-01
-2.400694292670006169e-01
3.467548698389775197e-01
7.225718678412342832e-01
1.248484638638257954e-02
-2.049409753278547686e-01
3.760872387088207147e-01
3.173231813051521355e-01
4.425987097573221840e-01
7.763231751662837132e-02
-1.752542741453388120e-01
8.236530358053587020e-02
4.186966683403590128e-01
6.882933476887548307e-02
-3.152758833892163604e-01
4.716856018440654941e-01
2.989899380436461529e-01
1.301318837946962848e-01
-7.623212698901034312e-02
-7.811915543311620524e-02
3.265460049304290124e-01
-1.953623546812977008e-01
3.234638676944133762e-01
-3.135898289758773938e-01
-2.792390930598881993e-01
-3.146578970115223584e-01
1.654409767214123361e-01
-3.562804640088019781e-01
6.258613534351079033e-02
1.503650624722407403e-01
2.403202447628385585e-01
-6.145169263330727549e-01
-4.640335063215130229e-01
-1.343563536785413182e-01
5.040456383682386798e-01
6.368964620741821570e-01
-6.426051659281509787e-01
-5.691743964025088864e-01
2.946498542036088408e-03
4.333085473407095600e-01
-3.182714574847695932e-01
3.083157217636074976e-01
2.194220298493300136e-01
2.524965783163427568e-01
-2.673531879393504784e-01
-6.346001572500392651e-01
-5.391461833082333843e-01
-3.707114635108691436e-01
2.879223344828849701e-02
6.833990879141377262e-02
3.401926609552026193e-01
5.033718768587713138e-02
2.729511521117803929e-01
-5.530110549675444354e-01
-1.800454467028473338e-01
1.414901243384444340e-01
2.054982805009745728e-01
-6.726759716682111367e-01
3.892450103124012739e-01
8.941244435109688138e-02
-7.169518123638444207e-01
5.088539836106751313e-01
2.330786718016548131e-01
4.375286291839596831e-01
-5.000455273763300124e-01
1.070730659329996448e-01
-6.293537780906109658e-02
-4.047202778435633475e-01
1.517314441221745691e-01
7.369332960057754789e-03
-3.689263038731828148e-01
2.677530949378635616e-03
1.999775198210545502e-01
-3.406952246260085970e-01
-2.273914181175636373e-01
-7.203890760133199733e-02
-6.949147397391439163e-02
-6.671622153458180993e-01
4.852586172078215965e-01
-3.858531137631151520e-01
1.701291995547540847e-01
5.950548186134931861e-01
-1.899555917216607104e-01
-1.954542261222320110e-01
-2.478823134164755970e-01
-1.170148673033108572e-01
-3.681749695529167865e-01
-4.280129808167161265e-01
2.719846456876103824e-01
4.432484403986841071e-01
-1.597808634887571411e-01
-9.745579470617057871e-02
-4.611616543914996980e-01
-5.108876382950022776e-01
1.893056870315250328e-01
-4.516781967985595836e-01
-3.940125768025088959e-01
-7.133138526295017545e-01
-5.444357800393867519e-01
5.920049453080495905e-01
4.889307425127514262e-01
3.187590652414212244e-01
5.783263024758935611e-01
3.497750501142811164e-01
2.740220525440233978e-01
7.477932357488323856e-01
-1.854397127455308103e-01
-7.267491585357430117e-02
-1.432488049961284926e-01
3.832195296020383113e-01
-4.787421761014872684e-03
-1.550092066926345158e-02
2.438404149333123216e-02
-1.139138000596586625e-02
2.673724737185611544e-01
-3.640012221339659071e-01
1.843480679752023677e-01
-1.048792443599164126e-01
-2.762406009419112185e-01
4.502555881860289544e-01
6.080635030528429297e-02
-3.313267507838975057e-01
3.078938423563006288e-01
7.803935667336200366e-01
-4.165154233610059153e-02
2.563818743568537228e-01
3.093286174484514151e-01
-2.391000286242862538e-01
-4.473311678383256051e-01
-2.142232760443247563e-01
2.740704654604977919e-03
-3.599214772210840851e-01
-4.552209734960865339e-01
-4.339484275365711186e-02
3.283056780613361481e-01
-5.259073983042492628e-01
-3.483127637148173972e-01
2.234941902681621406e-01
-1.322643800592265551e-01
-3.270911402291540315e-02
5.444797852445817377e-01
-4.174392644212743253e-02
-4.439106230927002406e-01
-1.960166972669850072e-01
2.650159074510067270e-01
-2.970427944548972854e-02
-1.070875503466411360e-01
3.181910168417390050e-02
-4.548219031129344114e-02
-3.756241581606813984e-01
-1.660092713219834260e-01
-1.286153153685825890e-01
