2.785135927692793945e-01
1.547976990268460848e-02
-8.668373381419228751e-01
-2.532162754427935702e-01
-5.395734052341649711e-01
2.523674879927088541e-02
8.680116216044142519e-03
-2.514371301208493878e-02
-3.940169998115872207e-01
3.477524417621326025e-01
-3.388061673161603116e-01
-4.758219980516222858e-01
1.165086703353420683e-01
-1.041393132523697751e-01
2.924095356287992331e-02
1.377580196109194077e-01
4.780046447629571760e-01
-2.274939866164451263e-01
1.304533729727946345e-01
1.382391556762249674e-01
1.857553551301989736e-01
-7.320216543395118014e-02
-8.463262907705200455e-02
5.913802900470527257e-01
4.816609231777529976e-01
-3.721792156729802209e-02
-4.243424850585655328e-01
2.520184610159032501e-01
6.982670337690213835e-02
-1.631681922442233257e-01
2.881567475186745941e-01
2.960278590856360581e-02
5.694129480301236834e-02
1.183342162881637905e-01
5.380180108123957528e-01
-3.225363225788958066e-01
4.166566737432937373e-01
-2.472333572742795305e-01
3.305908912104129627e-01
-1.423756327000980648e-01
-1.976169998048958945e-02
-3.525122956736964075e-01
9.480535922929195225e-02
1.505583896925073197e-02
3.786478717800270677e-01
1.264379804269377128e-01
-2.314796240660011994e-01
-3.982634489625477836e-01
-6.679982884422800415e-01
-2.961732334556430035e-01
-2.628953939809145490e-01
2.050355451579751742e-01
-1.366182715259307290e-01
-2.131099168542926192e-01
1.000000000000000000e+00
5.025138263242379111e-01
7.732528757315416945e-02
3.563048920381465812e-01
-8.333107079322544380e-03
-1.990133843718627227e-01
5.145760189002247798e-02
5.384000548804525332e-02
-4.849577543665840873e-02
7.573818118029636004e-01
-6.544457177192833930e-01
2.888730386998698135e-02
4.838961776660647973e-01
2.470400038649153140e-01
4.956260944435041949e-01
-4.610818223012753680e-01
-3.834470639945131154e-01
4.509063764863881218e-02
-6.981542223450215578e-01
-1.056262938722235395e-01
-2.288678989482689496e-01
-2.445420120829370214e-01
-4.734314827125445380e-01
-1.966156629250413179e-01
-4.930572996175665648e-03
4.887189798952026321e-01
1.817975868536622075e-01
3.182291445030301924e-01
-6.990829421346085315e-01
-7.388148272850342257e-01
7.976049819134014562e-01
-4.273875078138746897e-01
3.972665101433962564e-01
5.434241914078403735e-01
-8.921087944804431680e-02
-2.243587697783722967e-01
-1.249018983892844492e-01
-1.711343949606580483e-01
2.213836565538719325e-01
6.855602077355962276e-01
-4.483438312602071596e-01
-1.312445217310901635e-01
-5.530720495871833953e-02
-6.806683105495010301e-03
-2.476576681516808875e-01
3.107356216361107371e-01
3.857710615360926965e-01
3.614314055388883062e-01
7.547072039226436491e-02
1.800852056111926225e-01
3.434045099890420949e-01
-2.248046191369711955e-01
-2.855717131835411871e-01
-3.787876853357972085e-01
1.271549924287279920e-01
1.277468199767180790e-01
4.635425743947722554e-01
-2.972433066466955154e-01
4.336394592911812368e-02
1.305816751481941318e-01
-2.885344618080057932e-01
2.059033127270931338e-02
2.294791528877758724e-01
-8.223819060949616455e-02
3.267094323481359863e-01
6.178697803955437440e-01
8.054898081040130497e-01
5.256982980386567528e-01
-6.756105405461722002e-01
-3.677324486424626837e-01
-2.263041127561158383e-01
7.399286266624849340e-01
4.152100092220960548e-01
-7.970569145787291809e-01
5.304897843254078316e-01
7.831038283073887829e-02
-6.921235596011776625e-01
-2.855180870651556901e-01
-4.345042811899078594e-01
6.489543720244006497e-01
-5.908056050580376972e-01
6.306726169650879177e-01
-5.980686987528437415e-01
-7.262339688013118577e-01
-5.189505264807435791e-01
6.880298521295022951e-01
-5.322447652275525964e-01
1.280910644229119044e-01
4.290669169577210895e-01
-5.188889741912431353e-01
-9.579836476661496292e-02
-1.744222770315963789e-01
1.007337232269567145e-01
5.868918593244256687e-01
2.640351550813935244e-01
-3.971099495470654106e-01
-5.910222196138185113e-01
-4.667784241624608477e-01
4.158850116332393210e-01
-1.691454428753110251e-01
2.226712321231430480e-01
7.713994615692879586e-01
-5.280942639581591089e-03
-3.633500522483764095e-01
-4.994471353840578276e-01
5.887217572972931467e-01
-1.924330357481232254e-02
1.023604535852983555e-01
-1.478656638111533472e-02
-2.696681370084823559e-01
2.424626402940036063e-01
-4.528460946376378082e-01
-1.614172807197360171e-01
-7.995631372089072667e-03
5.693878244748862283e-01
-3.870287304259886207e-01
-2.914373682215090633e-02
4.458781406396793989e-01
-1.673633738322624284e-02
-1.804768849451363621e-01
-5.689834955009247242e-02
4.818752265202752572e-01
8.657268580060538399e-02
5.569739107600854555e-02
2.191696823454895859e-01
-7.514394387881930815e-01
-1.231028889633732637e-01
-1.099951197263615982e-01
-3.949742928810240361e-02
-1.176517712498748452e-01
3.086646908040738269e-01
-5.458346908923258356e-01
2.310801563835710726e-01
-5.753354348301749008e-03
4.570016884386325917e-01
4.275937117805074794e-01
-5.594773499240730530e-01
6.927315892220504978e-02
-1.870041373808761093e-02
-3.861542232872086644e-01
9.265224384433672355e-01
4.256795317457178207e-01
1.816244331471815465e-01
-2.622808116285889612e-01
-2.017037996836085756e-01
-2.317770827280069557e-01
-4.806794393254967823e-01
4.299699267177773537e-03
3.910701933692350973e-02
-8.769485917771761008e-01
-1.319557798168765061e-01
-5.092540040225195241e-01
-2.375477007360141390e-01
4.063066960726307575e-01
3.154850375234887760e-01
2.549534295521386357e-02
-7.025842375334764300e-01
-5.165835765705424354e-01
2.379247574493526252e-01
1.675382997599004775e-01
3.786236168085435061e-01
1.265218770968683792e-01
-4.825346482059946762e-01
-7.880134229419469838e-01
3.936486034828271530e-01
-5.645364289047559714e-01
-2.766901184927348378e-01
-1.902742937149776437e-01
1.591241795766646094e-01
-4.851406541675765682e-01
8.741622823959794841e-01
-6.465353659209601908e-03
-4.003338693551327099e-01
-7.632727442899739367e-02
-3.742771651227981278e-01
3.285146745870078933e-01
-5.716974974098929518e-01
5.312588748521654414e-02
5.443150151980131746e-01
-3.971210722953105177e-01
-4.864340663470314574e-01
3.589742335208376267e-01
7.310628670717618238e-01
1.746208130573793649e-01
5.672521486606373342e-01
4.477275688669833144e-03
-2.627537734603800357e-01
-3.467638326493429068e-01
4.472221497798692380e-01
2.431842063317853353e-01
-4.704394651786533155e-01
-1.517544007147417218e-01
-2.495824584622869935e-01
2.350269609074575605e-01
-1.039102705771256241e-01
-3.302098499120071917e-01
-2.025711160827315949e-01
-6.506645252515846911e-01
1.491036472507794586e-01
2.951734759415551301e-01
-2.184923335410419165e-01
-1.908628210113175183e-01
-6.107443653685941110e-01
3.567712037844282258e-01
3.841509022749280411e-01
-2.052680267877405040e-01
-2.002350470843389241e-02
-2.328714043138064016e-01
-3.782419857576779232e-01
-1.516913978953468578e-01
-1.297828109801851537e-01
