-9.091282133277391875e-01
-9.763544600860831757e-01
-7.065691396838595928e-01
-6.965133269241965408e-01
-4.842705620108487263e-01
-6.027598680292973743e-01
-9.533375200325988619e-01
-3.871040906640159651e-01
-6.338250107553453638e-01
-6.283382410152860142e-01
7.916553967164343675e-01
6.610154555905871643e-01
-7.569590261021731381e-01
2.739903295181743692e-01
-7.529736608145718435e-01
-3.344808415975036309e-01
1.989185611462345460e-01
-5.235105420915074914e-01
8.109684876157400302e-01
-5.291324218945470115e-01
4.576338637149262034e-01
1.944280980616043819e-01
-1.242497668018456014e-01
2.639826010535477052e-01
-3.350715670517685485e-01
6.530630666702798015e-01
5.739165890395132585e-01
2.092664138146912989e-01
-4.194617015333144683e-01
-1.886588632497482598e-01
-6.352971187740741321e-01
-5.951553941976425177e-01
-4.244443141470221614e-01
-6.311639258357504279e-01
7.315749385122498338e-02
-3.467577285345930238e-01
-3.469846232659369867e-01
5.836557607511669854e-01
7.106493649906675536e-02
-2.487382738302645890e-01
6.945405476442729764e-01
2.190867571314609324e-02
5.751643304474459706e-01
3.341512653080115913e-01
-9.747345106866210640e-02
-3.249655213824476085e-01
7.032551472330985654e-01
3.878215387082771248e-01
1.438965793224149942e-02
1.168248169690105642e-01
3.110944084296945467e-01
-4.673507803223468926e-01
2.212703477509329608e-01
-5.660332213392469392e-01
5.886897538535460495e-01
-1.961145544318074196e-01
-3.777487315646259336e-02
2.433226164441039119e-01
-2.459251283362562379e-01
-1.300904920011462518e-01
5.010322864525693642e-01
4.713680119229761711e-01
-7.259960210211287290e-02
1.328743534754697753e-01
-4.490693734259543213e-01
3.531031248235165787e-01
1.321686964159365062e-03
9.550950060525895124e-02
6.528131571214111119e-03
-3.380076930147660197e-01
-1.758861495259140262e-01
4.399709372915968641e-01
1.366175260933771562e-01
5.750616524865247853e-02
-5.373775888554566116e-01
5.901128220482518838e-01
1.396968356396228461e-01
2.686291399524589132e-02
-1.524657036938156796e-01
4.058629035352782077e-01
1.445437522128979746e-01
-1.409171812033806204e-01
1.095503811970017505e-01
4.107894217409752691e-01
2.105554400445903140e-01
-3.441151586911073146e-01
3.108567286785094818e-03
-1.884171491872236037e-01
-2.900818128078662753e-02
4.440063954411207492e-01
1.225405438456887569e-01
3.101655837608267019e-01
-3.135337970032921473e-01
4.250560810565717218e-01
1.078469869206189619e-01
1.609213046870755781e-01
-2.479688942311488731e-01
3.110589168303591959e-02
-1.340040048218059388e-01
8.995515953666252673e-02
-1.343554520234059857e-01
2.991218154402925378e-01
3.420165829412936676e-01
2.212316584783455553e-01
-4.210888750252334695e-02
-4.715453927756204644e-01
-1.166642340321248639e-01
-1.000780862839298208e-01
-1.939556535121761682e-01
1.527709329114574632e-01
-1.355682984947783644e-02
-4.817297114973675964e-01
4.507612689738097478e-01
-2.039299165025524885e-01
-4.678117982554326204e-01
-7.139691898532151138e-01
5.156482276475300719e-02
5.788977984567214019e-01
-4.491498184086788470e-01
3.208240128209829262e-02
-2.243051866247496029e-02
7.934104166965365579e-01
6.978639024171867655e-02
6.556293071265033578e-01
-8.572331111013317684e-02
-1.765853784964114548e-01
7.553459058539401250e-01
-6.702428895532099029e-02
6.075343495709114583e-01
-5.234913287517268810e-01
-6.439890347372645429e-01
4.659570240074625280e-01
4.572659310305391411e-01
3.281302996859484233e-01
-2.840126934751386889e-01
5.018704390989355835e-01
5.672534726231233115e-01
6.139017062556364479e-01
-1.164350637928241242e-02
-2.189968797196200911e-01
-2.777319685979305897e-01
2.246177801611915492e-01
2.441056054447843932e-02
5.972644008971316198e-01
6.761245515200927647e-01
-1.898498282231005918e-01
-2.824152713795218261e-01
1.191118696531610344e-01
5.173687258611350259e-01
-6.787790127207591340e-01
4.602407942030283250e-01
5.028588830715132740e-01
-4.848373627782220363e-01
1.403007269048944794e-01
-2.944111724265914831e-01
8.119509667241333606e-01
-3.663055998167054073e-01
-2.933118388289004397e-01
2.037395880107655821e-01
2.057698341623275806e-01
1.966931425719648796e-01
-1.468354810531600219e-01
5.587307494280352449e-01
3.163277570707669351e-01
-4.827119573972661337e-01
1.992742883153014177e-01
1.222225467689262157e-01
-8.194864644888188998e-02
-3.663341509721679823e-01
5.626968868488630982e-01
8.719403231221192763e-02
-7.637991379388124891e-01
-6.090431613891644780e-01
-1.403003018851365358e-01
-3.815575331523461400e-01
-1.729969886007007851e-01
-3.978507520298777411e-01
-3.564078516907686067e-01
-2.745253071274795231e-01
9.542052563033744106e-02
-1.188299750169919122e-01
1.430438340338601733e-01
-3.721444512217659817e-01
1.819000222201330036e-02
6.522144782759701220e-01
8.515368620618420925e-01
-1.575391147290080007e-01
-6.234083026170823827e-03
4.324866941396142694e-01
1.119350688709958574e-01
-1.748162936503672993e-01
6.406534238399168579e-01
1.016247605755897648e-01
4.393742433370450007e-01
1.681917533018537636e-01
1.303674034201773857e-02
6.416416134057335574e-01
2.467241200795982844e-02
5.301277014868943649e-01
-3.196355777964512423e-01
-2.481496104703306838e-01
-6.982419266315886830e-02
-2.124185836816939454e-01
2.017735950713617776e-01
7.937648306877296278e-01
-3.115308999784136001e-01
-4.127088522754196465e-01
-3.337162131904960471e-01
3.366264143912618412e-01
4.297866346369513257e-01
-8.013082761080834171e-01
-2.602148336410495810e-01
-3.891751938491319063e-01
2.376256465489582914e-01
-5.446341890985550993e-01
3.596445728906635386e-01
-9.917940258326823910e-02
2.476091314675920030e-01
5.118035482251905022e-02
-5.683118726137359467e-02
-3.907897983817065768e-01
-3.379501826796024178e-01
7.837253799797165854e-01
-5.881023553278577065e-01
8.300232756826468883e-01
-1.571956817285480312e-01
3.203197219715415711e-01
9.063798991406745165e-01
9.164951955248437088e-01
-8.293883713262375501e-01
-4.230628729689362988e-01
-1.179129334745311619e-01
1.764100600553415998e-01
5.107824945056953503e-01
2.621478627913051973e-01
-3.351334387260671566e-01
3.020753065979556173e-01
4.913649933096200240e-01
3.074030732005766375e-01
-2.195185794422894743e-01
6.202640457513189931e-01
-2.409154741726372839e-01
6.042840326034796261e-01
-2.339995815006101210e-01
6.622489330683540842e-01
-2.076092019491727059e-01
-1.123039258188970879e-01
-2.250800559125168132e-01
4.949917486828693258e-01
1.061545009640821602e-01
-3.304872577712518744e-01
-3.272905925966188567e-01
2.446094284883661152e-01
1.566941547728569750e-01
-5.151743602583231940e-01
-1.266063388966652825e-01
-6.806357381989238675e-01
-3.445541293466393151e-01
-3.023473557199296557e-01
2.997739161383158324e-01
1.134111326365245809e-01
3.509327330906992781e-01
1.802190329299588334e-01
-1.712169552779671533e-02
3.123289355774907516e-01
