-9.749155968895305280e-02
7.582231931190539509e-01
-2.612322750523081161e-01
8.921753982886241330e-01
5.499033837137951020e-01
-9.322355490289245816e-01
3.125842865023856221e-01
9.391109122234045370e-02
-9.096719014865143338e-01
8.312071126505647944e-01
-1.588015887669625981e-01
-4.991492190286689334e-01
8.100457269970189333e-01
-7.770554328285408374e-01
-5.030265997146924351e-01
2.257012045349452156e-01
-1.950329667179035720e-01
7.011413601063347656e-01
4.675792531006185415e-01
6.902325196070359381e-02
4.033556776597558291e-01
4.098978736430355929e-01
-3.915173097002463409e-01
7.983110899141995787e-02
-2.888519367254813730e-01
-6.203997295296608261e-01
4.916290378898472424e-01
3.565663789823396712e-01
2.441448360342320656e-01
-8.123249598206523647e-02
-6.490714402283432882e-01
7.379698045229231562e-01
-5.827605173522812931e-01
9.508676800278306196e-01
2.885906121385017342e-01
-9.204771187801806809e-01
9.804122302507438658e-01
2.863073221874274377e-01
-3.794066017006045028e-03
3.399665388712017622e-01
9.446233249877615534e-02
5.252147389382236797e-01
-9.727541847773693018e-01
6.715623360378446538e-01
-3.708197853129833743e-01
9.655035930082223050e-01
-6.597041121338197422e-01
8.415301213890292731e-01
-2.641977450169660790e-01
-2.148119546887262143e-01
-6.261498189655156921e-02
-4.616965211509562739e-01
-8.116070581483131319e-01
-8.808408512529610768e-01
-8.204283507692465838e-01
-4.042294468059362544e-01
7.495735407032104725e-01
6.085272683184116405e-01
7.211437081368646806e-01
-6.110995113598455264e-01
-6.715738101981677532e-01
6.208449551973846958e-01
-7.544732530117875813e-01
7.254339247794766576e-01
-3.744831325980266939e-02
-6.770744357606260921e-01
2.122022609472659985e-02
9.160999160920969553e-01
1.422884487477365234e-01
-7.363177580380586562e-01
3.549995043672083406e-01
7.223978477183895519e-01
-8.708580525322505428e-02
-6.542744400419286954e-01
-6.122247079461290431e-01
7.965147209244389792e-01
2.397436198206993330e-01
6.364736027744507529e-01
9.795074407558093110e-01
-5.521279141092507725e-01
4.181435142262929783e-01
-5.540378371653739142e-01
6.099229030115063122e-01
-6.570935208622422641e-01
8.092215150297715764e-01
-9.771827813530418183e-01
9.517665860439934455e-01
4.384508895743415291e-01
-4.355149585226512632e-01
-1.072817862825993090e-01
-5.245322706211612979e-02
-8.960101143193470730e-01
6.232797456774383793e-01
-4.911357284921876731e-01
9.722980557595677364e-01
-1.175495131467195059e-01
-1.140635335673087503e-02
8.350315130581502654e-01
8.165336269678702408e-02
-7.449405072211421341e-01
-9.138403388551147311e-01
-1.184489820795056464e-01
7.581161325481649005e-01
8.081628100678084348e-01
-2.261789766098739607e-01
6.593668550158993114e-01
7.497366869855122129e-01
5.111052196361857147e-01
6.776265253324342819e-01
5.809845210582452735e-01
-7.761646073916916855e-01
1.558707832552176098e-01
-6.954483646218001525e-01
1.854892966086540418e-01
-3.522198925923782920e-01
-5.445185153908249642e-01
4.270974385980415566e-01
4.364530065805373726e-01
-7.442532022332091213e-01
-5.568216656373676798e-01
4.874767288012480382e-01
8.027590816290394726e-02
7.907777606405136384e-01
5.299796596270986426e-02
7.318575539223375337e-01
5.324864454564830485e-01
-8.010520838464540994e-02
-5.912255542339689418e-01
1.235578633598718723e-01
-3.510760853795523717e-01
-8.590462323443253112e-01
3.892887024837435872e-01
-5.247209246732646992e-01
-7.446069994130725123e-01
2.900742882502135300e-01
4.859541761732553145e-01
-7.600396190495531945e-01
-9.404296500115726376e-01
6.544473553648146869e-01
7.322672547748795280e-01
-9.796791089047621748e-01
1.314278512430202550e-01
3.986596759220016328e-01
-9.613582951625060380e-01
5.867360057235871951e-01
2.516405346987816705e-01
-1.453980571528688259e-01
-6.633103921078425946e-01
-9.100322845926529791e-02
-1.321229057249997396e-01
7.747590515294989766e-01
9.537662463061067353e-01
-5.894216391031922297e-01
-5.953773554125260103e-01
3.662289327584879461e-01
-1.523608439696477468e-01
-7.384500475989623780e-01
8.395604619300292559e-02
5.362199796803440721e-01
8.345287540574614082e-01
7.388929922724176702e-01
-8.314030580529909731e-01
-7.997885263705278858e-01
8.506076904411872253e-01
-3.570565313961227560e-01
4.538636252946896543e-01
-2.780509454513003242e-01
6.609891126969562325e-02
-9.311088203156454579e-01
5.605436800968135458e-01
6.401547505612150690e-01
-8.471287343591203944e-01
3.725270264600489822e-01
-9.247558773930817377e-01
-8.842945235520831559e-01
4.292833365503005427e-01
-6.407922581334525580e-02
1.834461548359548611e-01
5.671428742633480846e-01
-7.921502396535802515e-02
-8.192524675307897297e-01
1.344826810359662506e-01
3.094890653794517554e-01
-4.914209131190759861e-01
3.687231226076553847e-01
1.621856954198040157e-01
7.879349097169155991e-01
-4.668550884297851811e-01
4.349544491062998230e-01
2.611301083999433836e-01
6.644471994802249037e-01
-3.356526986043784078e-02
-7.604152847368526036e-01
-2.027062274011568188e-01
2.942709536103227386e-01
2.052300428189074710e-01
9.763600782748431683e-01
-4.657432589549747037e-01
-3.637288632820219192e-01
-9.673961589305917208e-01
3.111031257297082742e-01
-6.901660034370490360e-01
-9.584186116164404856e-01
-2.307995737127986613e-01
6.125560787916224381e-01
-5.500737952449467061e-01
4.087121897346621818e-02
-4.208395060081700501e-01
6.441233532116865668e-01
7.053007732870301139e-01
8.049303667783370975e-02
-7.082240600954397003e-01
6.435035670417975640e-01
9.397642496110416577e-01
-2.329599977450882153e-01
1.842436720684958174e-01
2.488075357507082142e-01
-7.280299219725506754e-01
-8.926484083299236483e-01
-3.084291723064391255e-01
2.848162550770458323e-01
-1.364138089961252909e-01
-2.160658756171125183e-01
7.771075693915362459e-01
-4.164680565822446168e-01
-1.165900747628700329e-01
2.275240697597355199e-01
3.553069307240567798e-01
5.063718712553382240e-01
3.140148018417728837e-01
8.886508551105050391e-02
8.123583982867269015e-02
8.289894636083225965e-01
2.539249368373002747e-01
1.080769681910559582e-01
-6.997546521817055165e-01
-6.716853945912863999e-01
3.939522873561320249e-01
-2.642481871680961714e-01
8.627841166481369228e-01
-3.362105126578782133e-01
8.370382117093673191e-01
9.162136911130088768e-01
8.070667111350964262e-01
-4.978967019291100082e-01
-6.138620732223720733e-01
-3.286471613899388244e-01
5.557911714967944672e-01
-2.342491223622657215e-01
-6.470217305917721484e-01
1.322911330954413926e-02
6.116279964755393372e-01
9.564071577459355433e-01
3.827131050042928417e-01
8.879822167894296792e-02
-1.995566075795809080e-01
1.934928956485506557e-01
-1.944005997063335545e-01
-7.358127270678983534e-01
1.733330856174841172e-01
-3.143855327120806398e-01
7.345654993981687308e-01
5.007208570640336170e-02
8.699441904462881237e-01
-5.360953078149546247e-01
