1.441928707286218303e-01
3.402994763467053763e-01
2.231906939604070828e-01
6.009543204427237467e-02
1.618734135306301725e-02
1.565039290167217489e-01
7.604027730090762160e-02
-6.092267213851544627e-02
2.590080887659028108e-01
-2.247665287843635812e-02
-1.891675606180110991e-01
-8.612602654756804643e-01
-6.032499223251622938e-02
7.239021100160614175e-02
6.720500420672048322e-03
5.430866250811685614e-01
5.592457170632810781e-01
1.000539575580945140e-01
5.055786153271057265e-02
-3.323427681317631804e-02
1.795875032569861640e-01
-1.847391433712197162e-01
6.101808083127243515e-02
-2.651663281627815727e-01
1.075369347367803319e-01
-1.926045622569619309e-01
-2.633923532242425924e-01
-1.362993402106597030e-01
-4.339764221297935931e-01
2.210958269685195654e-01
-8.673448212465266483e-02
-8.777982491592128955e-01
4.521955028826042944e-01
1.403191571388442138e-01
3.332069056238348703e-02
-4.427689615517253069e-02
1.057390028583238550e-01
-4.793181352750716662e-02
5.511985206840110951e-01
-6.751897883731974859e-02
5.435116419529668619e-01
-1.981527934928678791e-01
-9.467954997206987078e-02
-2.262574880019416201e-01
5.243977643809319966e-01
-1.967865020012158905e-01
9.059293087744837991e-02
-5.179355270565183522e-01
-5.393730160150715935e-01
8.241370121554088268e-02
-3.775440866819592678e-01
-1.922993664346089870e-01
1.275355444760918333e-01
1.120295128684774544e-01
-4.410040480937065799e-01
-4.191560400296220346e-01
1.491743429998359238e-01
-2.997783631363317713e-01
-3.615000039551904965e-01
5.855506783650292479e-02
6.019085563701083441e-02
-1.753985400728029775e-01
8.515258405695318167e-02
2.365828570791700391e-01
-2.530177875472968130e-01
1.659117288171105542e-01
4.604154437712913439e-01
-1.814743209258979084e-01
5.384246774991048312e-01
2.684094450442880975e-01
4.635279947004465884e-01
-1.754250818838073434e-01
3.346570995376934449e-02
-3.552334932361326247e-01
-3.795332702894734789e-01
5.520934259767081853e-01
-1.533820530649560865e-01
7.118882851535257572e-01
1.415970102906475570e-01
6.134700095941995057e-01
1.352474630484821749e-01
4.516014738254485184e-01
-1.263964922558639403e-01
6.948922626899611821e-02
1.549011248781755890e-01
5.364198588207148566e-01
4.275458097717946826e-01
1.993292157309908830e-01
4.705364527134903857e-02
1.510396814180190450e-01
-1.304767486134400523e-01
2.603671452008500531e-02
-2.618037863993699643e-01
-9.514039077151006940e-02
3.403655409346940941e-02
-9.265252012287381045e-03
2.971762591640759732e-01
-3.802991633164151120e-01
2.388035141314471810e-01
-2.842277652302644952e-01
2.755808977485736389e-01
-4.993504508500690858e-02
2.676238998244345191e-01
4.592498145437243773e-01
1.807126876809481975e-01
-3.409628372274167707e-02
2.415604345220777605e-01
2.381864973200183699e-01
2.032487122266621871e-01
1.702454462020149550e-01
7.742059597155576123e-02
-9.621522532777035397e-02
6.028796031158704244e-02
1.701393005571935069e-01
-2.261783947830835473e-01
-4.938372359838245906e-02
4.723786654836305277e-02
4.615791962936927062e-01
3.716408502170526207e-01
-2.009787309958424029e-01
1.837773780111117417e-01
-3.293034381066826111e-01
-2.286829136640527449e-01
2.613147421931317216e-01
2.734429220053871123e-01
-2.358451463641748069e-01
-5.980505005439153837e-02
-5.561010395222527602e-01
-1.994255657430508699e-01
-3.270125756949451845e-01
-1.943693312378327320e-01
4.432593900980259793e-02
2.502220325797279710e-01
-7.230783486918300473e-02
1.225308781046961226e-01
1.586116558950129429e-01
1.023195233105068380e-01
-5.866631681672763304e-02
-2.277647962885474275e-01
4.775903779160332041e-01
2.975694709577497155e-01
-2.102181243593981841e-01
-2.621961519087653153e-02
-1.353784656204582992e-01
-2.052309936341549512e-01
-1.390369759378322079e-01
2.399520425181631694e-02
3.911289053983236369e-02
3.348507865286630691e-01
5.849744868945414011e-02
-3.198964152568465336e-01
4.895728142807054262e-01
1.385488109144976110e-01
6.152690039936348221e-02
1.458057119632468757e-01
2.499307322251503177e-02
-4.617144443762460915e-03
-1.138322127981391541e-01
-3.686225963755622725e-01
1.774226297842634026e-01
2.864128433296761478e-02
6.513788917732638017e-02
3.681444558724104033e-01
-2.898369492234976683e-02
-4.454964841242970985e-01
-1.669499733573090727e-01
2.086650317401106403e-01
3.498771696555779132e-01
-3.656095187264440383e-01
1.650612105029005960e-01
4.316101976487327629e-01
-2.237827543497823424e-01
1.015377365037656993e-01
-2.381820206959937292e-01
-1.073370750875118351e-01
8.398846502554185856e-02
-3.374229845473831757e-01
1.958473139410989994e-01
1.929451840023506948e-01
2.155955675892000656e-01
1.074696281441054335e-01
-1.830675623721565448e-01
1.333557915985634224e-01
-5.922341882209632147e-02
4.219661011106738691e-02
3.263553018258091298e-01
1.445426065095377008e-02
2.655913169510269040e-02
-3.481230037016426748e-01
-2.463159275904162060e-01
1.080533568575104547e-01
-2.450223917597197168e-02
-1.073589593642071544e-01
3.754287989555196714e-01
3.650793121088392601e-01
3.817085141476984633e-01
-3.244527181779044422e-02
1.332895848972366348e-01
-4.914846392461307001e-02
-4.330699538065470033e-01
-1.045283634856765953e-01
-1.776906832445495910e-01
1.644959530482431320e-01
6.178932985257046262e-01
2.105521784177140365e-01
2.575331762371319555e-01
-4.132025113854401743e-01
-2.240860967639367596e-01
3.471274463205499261e-01
-2.057136793447872369e-02
-8.122985828284275123e-02
3.337466544342434279e-03
2.445640489624768266e-01
-1.715405282082168859e-01
8.831149830639671572e-02
-9.406919612547971765e-02
-4.004585367860303835e-01
-2.371153123318037528e-02
-3.611928590527523075e-02
6.542326979867693626e-02
-8.989542146162213254e-02
-2.320698622755630880e-01
5.068813690866766919e-01
-1.676812955930986893e-01
-9.953361149009959385e-02
6.443398235283241682e-02
-4.062287941218817311e-01
-7.384021899145840062e-02
4.011580543629980067e-01
-5.530273874300280224e-02
2.670491555222996860e-01
-5.382850526473781372e-01
1.389463985755691744e-01
1.877507896714379274e-02
-3.263839866393959954e-01
1.236731997505372410e-01
-3.994868512388156656e-01
-1.716749669569932468e-01
1.693592970242341067e-01
-3.820433407022431616e-01
1.858983366010812377e-01
5.895182927600879641e-02
3.481613836411215357e-02
9.676170400796346716e-02
3.141632641611717958e-01
-3.620007007036649682e-01
8.689433579621691495e-02
-1.867686332935581950e-01
-9.541450540966356364e-02
-5.188573905513385043e-01
-3.795201468223082242e-01
-2.044144566887057812e-01
-8.397060811658817181e-02
4.563323258982456831e-01
3.093703797668556632e-01
3.595517830102831769e-02
-5.263741272394323323e-01
4.589940533460551975e-01
4.316033686114623125e-01
5.293594507369738800e-01
-3.167162265004870858e-01
1.240681072606471258e-01
-2.861163404765578733e-01
-3.998029290421011295e-01
1.133083436674097444e-01
