6.830746366652733215e-02
3.530881339029680044e-01
-1.854796413551252632e-01
-6.486292606470722699e-01
7.415938172541483575e-02
7.625857478934530698e-02
3.218351844042720289e-02
-3.093375237955920398e-01
-7.160675260154583666e-02
7.073077748738981763e-02
-3.823893145459332232e-01
-2.052424961752576937e-01
1.504853561879798338e-02
-1.999226193753164127e-01
3.761072961301524797e-01
3.615534666117205947e-02
-6.247192899148236167e-01
5.437100266198018339e-01
5.796951380929708103e-02
-1.053420790304809423e-01
1.479906878637003986e-01
3.811749434004410575e-01
2.511288491551328939e-01
-3.360315300049353526e-01
6.167023319183198016e-01
1.297867613757865690e-01
-1.283332327923523697e-01
-3.987621556005903067e-01
2.568300094599169081e-01
-2.365089396047503345e-01
-1.362223411289736619e-01
4.130030697031283338e-01
8.412258841011084620e-02
3.725800802541719969e-01
1.199447195380032583e-01
2.728094107029441218e-01
2.665357370710191853e-01
-4.217074551227705248e-01
-7.176672842562800692e-02
2.626469209170453345e-01
-1.713325732377927735e-01
-5.031427178075937867e-01
1.341100377099539165e-01
-4.003875089679523325e-01
-4.725309405338102425e-02
9.135393692638145435e-02
-1.708796586218242763e-01
-2.133741888953478716e-01
-2.771643571303533671e-01
-2.935977952817090397e-01
1.583042040399295844e-02
1.419720481165148984e-01
6.748933284641646380e-02
-1.704420225679851575e-01
3.036006932287283466e-01
-3.157193578204809392e-01
-2.686939296134933930e-02
1.704615101213003900e-02
6.223402652935566826e-02
-5.578613899213452632e-02
2.241331570146365970e-01
2.143327025601740043e-01
-1.230007802894475671e-01
-2.915509077858950415e-01
-7.297960488041860261e-02
4.236407817852547719e-01
-2.946345838467709921e-01
3.353833281581037884e-01
2.767767737969147324e-01
-1.432839084275820962e-01
1.790672837560994268e-01
-1.011616468059001045e-01
9.620575914967964548e-02
9.405258303297478473e-02
-2.661741847768496760e-01
3.324425817325152854e-01
-3.525954111932129154e-01
-3.621693234369314784e-01
5.211824923160000012e-01
-1.703715764745103445e-01
-1.948688607399845854e-02
-4.171423447957293695e-01
-1.446694331109166509e-01
-9.746500128291493703e-02
4.084009571846665132e-01
-2.904763990900394721e-01
1.414710936663524099e-02
-5.025722541507218200e-01
-2.578586680204951187e-01
5.273473952416131150e-01
-6.010440178451404991e-01
4.958087527454165672e-02
4.691329064293697226e-01
3.694557971305181820e-01
-3.304281685077900543e-02
-3.913639820652879409e-01
3.907375571348871701e-01
-4.370062871609352029e-01
-2.067413683991431439e-02
2.622762551544587928e-01
-3.019221799180111798e-01
2.536381457428385500e-01
3.070054474134086830e-01
5.324814664532584452e-01
4.291128623657205488e-01
-2.705164087306680121e-01
3.288010640903104020e-01
-3.291107021570993107e-01
3.072573421630740986e-01
2.940650495031863487e-01
-4.005502755104428658e-01
-3.210255485890990412e-01
-2.850074266983524396e-01
-2.514755627883826991e-02
1.146455327685413084e-01
-2.566702756641309757e-01
3.300839839469439929e-01
1.480556784733637332e-01
9.253735019026188002e-02
5.409757202769549522e-02
5.261447465878842794e-02
-6.503055153597847582e-02
-1.487990678496696750e-01
-3.883804339162797992e-01
4.708872025650152615e-01
-1.072729301038507221e-01
-8.355855162669033331e-02
7.010238769586187024e-02
-1.092725334755769023e-01
5.892021506808924336e-01
3.643848282838302310e-01
-8.058460155710268913e-02
-6.199815577343986694e-01
-2.653407407483964198e-01
1.516578021868433546e-01
-1.776833134634441813e-01
3.821730303288529695e-01
-5.466668789374915516e-01
-1.458333861355248784e-01
-2.188373972819570856e-01
-4.322386675052297123e-01
1.295496093120086789e-01
-9.343456642644075438e-02
-4.475246929053292577e-01
5.677946452970126234e-01
-1.552663058890113301e-01
2.334525370266638256e-01
-2.930782134497650349e-01
-1.431052866326853468e-01
-3.311640494821886938e-01
-2.134425515704584664e-01
-1.575121126810920258e-01
1.749061602783008040e-01
2.418417120458342673e-01
3.129772585409409946e-02
-1.134926563640424602e-01
1.047265585438195284e-01
-2.815859524234280431e-01
-8.503142390221704594e-02
-1.759376473550886555e-01
1.160997349878432061e-01
7.195372209654141149e-02
-2.099693116358387068e-01
1.375270008517244791e-01
-5.118117886957206375e-01
-2.024700768574689558e-01
2.111898839993567034e-01
2.358024657571455851e-01
-3.094853356639205022e-01
3.738696125799688685e-01
-1.743886951364130578e-01
3.966481964028120005e-02
8.058003996012209902e-02
2.826688700969270940e-01
4.622335625639318879e-01
-9.810424876563461627e-02
1.520287598759801073e-01
1.248681151095673847e-01
3.048931457301808923e-01
3.692510649160204300e-02
-3.541108802378053477e-01
-2.624071171171505484e-02
-6.221509362224784262e-02
2.190127175643223900e-01
-1.761555333724680317e-01
-2.709770473667131307e-01
-1.069829024056838246e-01
-3.693273065135826982e-01
-2.805853452108708623e-01
-2.696649912594916709e-01
-3.893339362515862434e-01
4.254210597873452349e-01
-1.051892843467374383e-01
9.702751666200767899e-02
-3.221193730680071976e-01
-2.362608327583635981e-01
-5.193894536168765230e-02
-2.335018016737838709e-02
-5.714146779989705965e-02
5.991665524679226085e-01
-4.916563424723675024e-01
-8.271727359492431209e-02
-2.745510102542518260e-01
-2.885455034212588421e-01
-1.614809683650633432e-01
2.773941762554961166e-01
1.502629826245653888e-01
-2.306021019302642305e-01
3.965396666481233456e-01
-3.407247566068603017e-01
2.320355447627355239e-01
-1.819332122506245875e-01
4.853017392271702368e-01
8.697169850287622683e-02
-1.117536116390720480e-01
1.253479137042058378e-01
-3.176782126794752692e-02
-4.541454638158596291e-01
-1.873917214319743008e-01
3.545686631021776059e-01
-3.331003524139712346e-01
4.197786679077680216e-01
3.561741860789753855e-01
4.477325324337464996e-01
-8.981724523714731956e-02
-3.929860915767445229e-01
-2.994093744057855777e-01
4.812913466456898992e-01
1.766793509597191780e-01
1.071707758635155466e-01
2.240130207896272319e-02
2.623158034842713593e-01
-3.108067286386027028e-01
-9.249111585358570087e-02
1.469741801250037949e-02
1.303539529257677701e-02
3.643474281411878679e-01
-1.818710712558103682e-01
4.072338062215909438e-01
1.184472285729496338e-01
-5.093279446828802293e-03
-2.428190550688794913e-01
3.358647249610707819e-02
1.385263242500297254e-01
-2.797760374942611095e-01
-4.327021986173663071e-01
-2.252391068770783211e-01
3.849864098389020883e-01
1.761118076715014191e-01
-7.172151940999972608e-02
5.177854085666986350e-01
-7.057529144857953296e-02
1.201314156969916364e-01
8.169752362177390426e-02
1.665047818926863321e-01
-8.970179491571785013e-02
-1.048269700899160106e-01
4.004995057236795941e-01
-4.398117229473068046e-01
-3.634876558937530366e-01
2.523142584555314316e-02
-3.748928188081083190e-01
-2.390490133529388564e-02
2.353032445205274492e-01
4.751045003643826758e-01
