1.346132052360914932e-01
8.112461220504094128e-02
1.640302384882456888e-02
-3.238618259846665626e-01
1.588438250145858821e-01
1.401279388028556783e-01
-4.950127555216489450e-02
-4.001954642133320750e-01
-3.096745982984939749e-01
6.387697978199421978e-02
-3.597045902236515880e-01
-1.875461709765278706e-01
7.988277687227027246e-03
-1.220148034324686770e-01
3.940743359989591355e-01
-3.381956662700524863e-04
-6.805928606621534094e-01
6.738303163349549374e-01
3.744601475096705212e-02
-1.351313072923851222e-01
-3.016883555312718790e-01
4.756441789128242892e-01
1.591137429675327508e-01
-6.066969037729121883e-01
3.318448301589281835e-01
2.053738928340288206e-01
7.889674960781976887e-02
-3.296514338372061315e-01
5.804080187438520610e-01
-3.288984797555359330e-01
-1.484737123611313270e-01
4.004247927249970362e-01
1.353881356674599412e-01
3.932499871507489919e-01
6.494952685258698066e-01
1.987317960503525993e-01
7.429480031623959813e-02
-3.261601638522671487e-01
-1.057311701186634395e-01
1.238452730117538814e-01
-2.213817972218072305e-01
-1.279967142833962068e-01
3.599787354225704727e-01
-1.784099058774091806e-01
-3.902428357293628858e-02
9.715198116069032400e-03
-1.594988727600683831e-01
-1.997663868100815476e-01
-2.864623995249635513e-01
-2.866758687006219497e-01
1.318318016993520747e-02
2.701885911795509077e-01
-1.045561166719546561e-02
-1.717852221485635655e-01
2.941431243293106679e-01
-1.924594757105141385e-01
1.268450765896746713e-01
-7.527131849254102558e-02
2.187199923858409722e-01
-1.091645809479102058e-01
-1.313955313310209705e-01
-3.171502511603053326e-02
-1.075749043680371692e-01
-5.275078747577115479e-01
-2.169241156109801699e-02
-3.793297136737339148e-02
-6.857351923810397487e-01
2.031295381053433574e-02
1.857710356447392908e-01
-1.479906490329248314e-01
-1.319496152561751012e-01
-1.116832131766838099e-01
-1.009592182256673493e-01
4.300467913662681801e-02
-2.162189002165738339e-01
2.765082438678441168e-01
-2.565272344570102003e-01
-4.627596252827897993e-01
5.357226310639467970e-01
-4.979840434538409383e-02
7.264172966765258810e-02
-4.669990629651277203e-01
-7.946303833434445463e-02
-1.049145982438301344e-01
4.122620263951649044e-01
-2.263943237679678644e-01
-5.498041608120800561e-01
-4.836728698420226791e-01
-4.894712102926374042e-02
3.397248982997859157e-01
-5.854560566897363261e-01
4.621461207561763235e-02
4.508106347739418984e-01
3.966247346625379477e-01
-4.844892015524755458e-01
-3.530504676147238619e-01
3.540500878663263573e-01
-4.875931671380639432e-01
2.764494441390457080e-01
-5.165717594650896805e-02
-3.684988835416070363e-01
1.254861742270513003e-01
4.602021132878929555e-01
4.860984045647086527e-01
2.722715722259915205e-01
-2.956941512468906907e-01
-3.296961219829599998e-02
-4.879788457439974136e-01
3.909345092862475113e-01
1.907842466386638625e-01
-2.504072024580447087e-01
-1.014034499639548809e-01
-1.918483178294990710e-01
1.078563242347798518e-01
4.373218611091466562e-02
-1.159988935516782262e-02
1.589785453122479209e-01
-1.040658529708682334e-01
2.208365411367482212e-01
-2.928301903922306826e-01
4.172058292734259766e-01
3.679247780559197212e-02
-7.590172578471154896e-02
-4.961721405185168798e-01
1.688187590967764051e-01
-6.293250834905575464e-02
-2.874817070192365320e-01
-7.058733126950793302e-02
-4.630045868309774944e-03
6.905119381653640476e-01
1.535579379184202620e-01
-4.458401306604254516e-02
-5.873808786694012518e-01
-1.765131386737794628e-01
-2.400093477929460175e-03
1.158851971387259289e-01
3.663864896341419430e-01
-5.285647292807329478e-01
1.998340815041696195e-01
-2.323457250568086441e-01
-7.619678925370618749e-01
4.481671574124745927e-02
-1.123990472468711088e-01
-4.532568087734076823e-01
7.712933592904369640e-01
-1.404320232989108019e-01
2.027518894234011382e-01
-3.032614222893386668e-01
-1.167554123528332655e-01
-2.944622554846291762e-01
-1.453290389042632968e-01
-6.554224933311622592e-02
2.040271590604404439e-01
3.030417618361977428e-01
-3.471293439687365978e-02
-1.306064711022830727e-01
1.512184770537191303e-01
-3.008321705105795885e-01
-1.598324969746888757e-01
-1.789639145066526105e-01
2.245774317504969919e-01
4.027518827321320549e-02
2.171068884489043838e-01
1.775858416629024217e-01
-4.824905611375798209e-01
-2.636789776110053940e-01
1.854690432650807352e-01
2.332535399398384113e-01
-3.807447644982733803e-01
3.463449405511909163e-01
2.257528919520451205e-01
1.204067907568419915e-01
-6.623197910423412813e-03
3.460583014420824388e-01
4.403812778374663894e-01
-2.893644911653005525e-01
9.583649091800992836e-02
5.511964327367390171e-01
3.680093183711024007e-01
6.666377322387253557e-01
-3.545578308791085265e-01
1.002610628053119193e-02
6.142685134303099703e-02
8.337309714259347193e-02
-1.544844789052991496e-01
-9.200957936720625951e-02
-5.297672552173495752e-01
-3.083468403623466081e-01
-3.742007369963504804e-01
-2.698002916886400593e-01
-3.442935368418924558e-01
3.109786175650814943e-01
-7.547788617946880885e-02
3.851868131779933452e-02
-3.559696494972857672e-01
-2.144113677694536313e-01
-3.782534527337969715e-02
2.570028979843865316e-02
-9.460270032142817365e-02
5.809539633169821249e-01
-4.569934680250001269e-01
1.123205957495215651e-01
-1.984811311806199130e-01
-1.683749043174806170e-01
-2.989745985048725130e-01
4.596382522996677045e-01
1.076841145016430995e-01
-2.591988199069858445e-01
3.284553080051697549e-01
-1.107240725659336816e-01
2.156812614371729775e-01
-3.695079368962094768e-01
5.278690247105606304e-01
-1.654744128358848210e-01
-1.253807082365727688e-01
-2.076113567779572233e-02
3.045512130693640018e-01
-4.450654226426901672e-01
-2.751941238536763645e-01
5.119152887618472203e-02
-2.950808816871068330e-01
4.753583574674288270e-01
8.784661723630848851e-02
4.009773852478725198e-01
-4.231157641578760925e-02
-4.366616532015188401e-01
-4.186277375951005797e-01
4.800441580994509461e-01
2.292761664036703229e-01
3.087720905231491897e-01
-8.013455811240756399e-02
9.724903967422722506e-02
-2.654886492668612208e-01
-2.342743918937592595e-01
2.664823693772516711e-02
5.978857456714971319e-02
2.789147436122603740e-01
-2.469931160065379216e-01
3.958235793464447427e-01
1.732303927426073753e-01
6.972230957194554268e-02
-3.452195817848729975e-01
3.001918842836851509e-01
2.357115664676999733e-01
-6.627726378115110784e-01
-2.752348218304941363e-01
-1.700209629815692125e-01
3.279977825120767299e-01
1.771528950325942653e-01
-1.653603768847821190e-02
4.839587270501337080e-01
-6.425375189331089532e-02
1.456397208111334385e-01
1.462772506146719220e-01
2.185222307292235544e-01
-1.330044602289686406e-01
-4.165519265090930068e-01
3.891629092610606189e-01
-7.739138867503236874e-01
-4.427092069881932157e-01
1.059929958656235238e-01
-2.434690647802211505e-01
-5.593971836077758775e-03
2.017976657271546292e-01
5.770120006247312361e-01
