2.578683098434102483e-01
4.562196928014194963e-01
2.686072549140006149e-01
3.840785491974956223e-01
4.430900262831549696e-01
5.974906717593572170e-01
3.925617206523481784e-01
4.602153749684096962e-01
-4.186963338384204203e-01
-7.229907584282539990e-01
-5.875955254908404868e-01
-3.669435079078236517e-01
-6.195185876783104728e-01
9.785241628359941934e-01
1.014855287887888313e-01
2.810360200594753111e-01
4.982997669147098962e-01
-9.553021459613372235e-01
-5.589824743499255399e-01
4.011182358926888014e-01
7.911530943910705105e-01
-1.788881368551287487e-01
-2.123975982386223649e-01
3.097723147825748313e-03
-1.000000000000000000e+00
-4.310519525044617106e-01
-5.109790841293135877e-01
-8.566550987984856702e-01
-1.348307040973408810e-01
-7.116980188379999905e-01
-1.000000000000000000e+00
-3.227948136404416024e-01
3.569084548933479928e-01
-5.155361952079823284e-02
-1.657765131612511933e-01
1.113098750604200049e-01
-7.102870410414868774e-01
4.254341174277674886e-01
1.259092720017067624e-01
-6.681271351391113722e-01
4.118778879301207008e-01
-5.657362689316371984e-01
4.619652570849934192e-01
-8.057709928295549995e-01
-1.293926338580050905e-01
-8.489182557945422758e-01
6.054069953101539614e-01
-5.571302957486878871e-01
-5.870043175134862512e-01
-8.771674152995668772e-01
-6.713020525819174411e-01
-7.178117702184767523e-01
-2.832362153912015290e-01
-2.844041059944817373e-01
6.229150390286724015e-01
2.389539481897240414e-02
-4.655622468578761719e-01
6.361186942112800891e-01
-8.270835018354343315e-01
-3.104575696577556165e-01
-7.246234628880282580e-01
7.821801450471510542e-02
5.989816961215188584e-02
-5.623092411970722626e-01
1.169426729395051101e-01
6.961676069600173378e-01
3.729865009784560925e-01
7.437653536469628346e-01
-3.479061390481062443e-01
2.303545857460815027e-01
-1.637795006555691213e-01
-4.989278066367689446e-01
-1.478894285190237579e-01
-4.718860729198810500e-01
-6.495719588146694479e-01
5.919015007998944533e-01
-1.079862649508311345e-01
5.798689930275389148e-01
-9.970671109728304060e-01
-3.445830666000049280e-01
4.515933430713381380e-01
8.352175390949285738e-01
5.327506364004215289e-01
-7.935016897769030519e-01
-1.000000000000000000e+00
7.169956293941573966e-01
5.395962565859442339e-01
-7.021461855431404553e-02
4.150411479223165001e-01
-1.210065129917670956e-01
-3.778001381648054546e-01
-7.130002393861343268e-01
-9.719130689715578253e-01
8.172707140250250468e-01
1.933207937028352807e-01
3.630871626282564657e-01
-2.503947380872186823e-01
-4.502256462314273011e-01
7.860464592687455010e-01
2.957051501863147136e-01
-1.685418777830671733e-01
5.493788360065725573e-01
-1.360219622250651850e-01
6.610452707120926252e-01
2.498954404003876362e-01
-9.895208510405760494e-02
3.110222004079851166e-01
3.299924687379740540e-01
6.435991401708025805e-02
-4.076640093739989368e-01
-6.420557022053463569e-02
-8.489649126720106853e-01
5.623575333526910081e-01
4.611290743219460531e-01
-9.383252334336482647e-01
-1.000000000000000000e+00
7.833225761918313768e-02
-4.966795597633550940e-01
2.255589393544882859e-01
-8.033980586639071220e-01
-1.000000000000000000e+00
6.263275863211930083e-01
-7.677083562198381284e-01
-7.643318954090305706e-01
-1.419590855486167480e-01
-2.175701621496820559e-01
8.398507706095419412e-01
-4.588656337357943649e-01
1.273486959827304088e-01
9.822432925305890627e-01
3.483184945217091544e-01
-6.930749786615755248e-01
5.180204943907069232e-02
8.168840622725191958e-01
-7.685997807854305641e-02
5.516744751066091634e-01
8.206470598383878157e-01
7.752005135435755534e-01
8.815652069803787683e-01
-4.438114190991804264e-01
-8.255838203716434620e-01
-4.909380592312506675e-02
-7.150147833791903329e-01
2.983084872111141372e-01
-3.766777815929717721e-01
-1.891061318356545284e-01
5.800461771314241455e-01
6.414083688817280304e-01
-2.150624088357331321e-01
9.226521875351423319e-02
7.366040231484389800e-01
-5.619136680231133774e-01
-1.581527823976787150e-01
6.285480184277425497e-01
5.942109608267041043e-01
-3.516311820140146649e-01
2.578422233572966182e-01
-8.655233277616738441e-01
-6.312616209298318459e-01
8.780113458829386097e-01
-2.190141735303332560e-01
-1.000000000000000000e+00
9.812253577700127405e-01
-6.685793239838777602e-02
7.641160430933281733e-02
9.764976515648555733e-01
8.160036162718815600e-01
6.101787280293857751e-01
-6.258086492522572097e-01
-3.504497846524554650e-01
6.420204278450352131e-01
2.055786813958999648e-01
3.347522426747853164e-01
2.289422652424237814e-01
-6.359053780729752026e-01
-5.974170855709077799e-01
-2.006114170750935566e-01
-1.494784470679548227e-01
5.780757098113824544e-01
-8.298151905774816539e-01
-5.288498682751483493e-01
3.647880421641067628e-01
2.217192211270283819e-01
-3.960028562850619327e-01
-4.019015364047543448e-01
-6.117714675293009496e-02
-8.085929954419932564e-01
1.053245548991924019e-01
-6.674302440932634584e-01
4.805602306653885547e-01
-3.817431733726703857e-01
2.739611142141191724e-01
-7.980472554440112276e-01
8.987524606421808393e-01
5.042104789822593469e-01
9.982937947340055906e-01
2.422640709938623238e-01
-4.715254766728760316e-01
-1.564002088235968979e-01
2.719025259604652689e-01
1.541126064963307396e-01
8.239227539810309309e-02
8.317664204220184820e-02
1.010388214083501879e-03
-1.417078393514685786e-01
8.607655878907063962e-02
-8.201141038827401974e-01
2.263213903306063313e-02
1.531592558730220655e-01
-2.951413600730128928e-01
2.330403930053416839e-01
4.684591485136788691e-01
2.212777574781910062e-02
3.026060993592942228e-01
7.332929495978485201e-02
-4.587393144922839727e-02
-5.462499426542834213e-02
7.748641890852610292e-02
-3.752138050385237511e-01
-1.547403481867104524e-02
-3.471450965458720006e-01
6.141134007223314484e-01
-9.853721546133220599e-02
3.377771217194898146e-01
1.676796544923636056e-01
-1.213606370966110459e-01
6.818231620654553737e-02
2.857691555267001249e-01
5.705869611114859907e-01
-2.468785324694320049e-01
-6.683234090427674079e-02
-3.274599967088390184e-02
-1.886650335895835862e-01
5.238707789811707372e-01
-2.473557905192236839e-01
-1.240954705559930704e-01
3.996220675823503043e-01
-1.450191540628903986e-01
-1.760473169166067442e-01
-6.692596273346329561e-01
-3.501513716804385279e-01
-5.494176687719892760e-01
-2.735506273674632172e-01
-3.285386437437915474e-01
3.446331579096698072e-01
-6.694978552787100856e-02
-2.252182629195807750e-01
4.290563776493128700e-01
-9.489984136625304045e-02
-7.475550842837025423e-02
2.100523630501680838e-01
-5.187050351266792036e-01
-1.486225872212229016e-01
-4.121321078145285810e-01
-6.382692865384460568e-01
3.770254610466731715e-01
5.320947619383663563e-01
1.666700083914565145e-01
3.225993082889144770e-01
-1.647189466492011700e-01
4.240066926893796828e-01
-5.714625403622676514e-02
2.391927748621736072e-01
4.437614469915378002e-01
8.976638407058470381e-01
