1.734313540844330537e-01
4.902856058623146773e-01
2.319389678606997574e-01
7.769311330975199326e-01
6.047781416458289927e-01
1.074061224486866362e-02
3.369181786410951895e-01
4.490486545835159493e-01
1.271234920023205373e-01
-7.431680044521896678e-01
-2.876525852480404932e-01
-4.403268153931423345e-01
-2.210326737781021789e-01
9.840764273794180284e-01
1.184994638930097904e-01
2.036786058015833678e-01
3.389573034573569177e-01
-8.208279882933170457e-01
-2.091991412700390518e-01
3.453271958303235634e-01
6.887198460139285494e-01
-1.544496298407179447e-01
-1.572967530584517271e-01
-1.354699572334788077e-02
-7.958168992770373595e-01
-5.030027685805097404e-01
-8.884154596835205364e-01
-7.257880935515353960e-01
-1.341257732281130044e-01
-6.299907691141166666e-01
-9.315665803741468576e-01
-1.812521434654494612e-02
3.659423909407634179e-01
-2.154739318723801200e-01
-1.406725143935748379e-01
-2.064880110090652407e-02
-5.341978691109209310e-01
7.063354396306555927e-01
9.985869607735771425e-02
-6.135116238922885268e-01
4.358165008469997437e-01
-1.190387235146208728e-01
3.366657645052887338e-01
-5.419980803794746116e-01
1.600876274027322466e-01
-7.209102548861440196e-01
3.104142685895326936e-01
-8.820036876883976529e-01
-5.295520806316209583e-01
-6.427138073703002608e-01
-6.792750430019454111e-01
-3.090168427218802361e-01
-5.903750908043757517e-02
7.840800128780664457e-02
5.712794105238814257e-01
1.021491393381946805e-01
-4.548787026972622716e-01
8.840265480460731684e-01
-7.409919230009525126e-01
-3.440095126790889135e-01
-6.716581440014853799e-01
-5.533971155143068560e-02
1.794153670031063338e-02
-6.991967092940548634e-01
1.276235328831135385e-01
6.410058128529054766e-01
2.039054496744281686e-01
5.569180414982918270e-01
-1.460212638137287633e-01
4.185488048163015229e-01
-3.839420049657663592e-01
-3.295806921557312696e-01
3.297337870993475445e-02
-2.895189798508737700e-01
-4.373024967085310521e-01
3.423237867401237033e-01
-6.485769894825421655e-02
4.995845405874920209e-01
-9.204937432082277438e-01
-2.716884011678141753e-01
4.529494742315518518e-01
7.301093615324152353e-01
5.107010981508869341e-01
-4.102777988695080480e-01
-7.408982188613745246e-01
4.221663518105982504e-01
1.000000000000000000e+00
-6.842678292933626061e-01
3.741793609086723760e-01
-9.671796007212118962e-02
-2.059179175947726537e-01
-7.803156579163949003e-01
-8.865819651791635447e-01
7.635091986166769873e-01
3.899905867822222594e-01
1.453667056648595413e-01
-3.341544811897748657e-01
-3.901344616982188596e-01
6.642383566611999024e-01
2.100324615731068434e-01
-5.340122872377005975e-02
5.206727926918948146e-01
1.499351054373860292e-01
5.980711998055917578e-01
2.343965981906037110e-01
-1.095907862702029112e-01
3.517884514169263843e-01
9.900132346798345973e-02
2.075558675522571617e-01
-2.060926148167909200e-01
4.273994580685472333e-02
-5.105921328866768194e-01
4.785371691038026176e-01
3.344147412254615537e-01
-4.108335543109113974e-01
-7.542043881130643390e-01
1.033119125978127113e-02
3.391955134346715806e-01
6.808371461544979186e-02
-5.631314764545619633e-02
-5.403472563881414059e-01
5.675947244514494283e-01
-5.540699565839201091e-01
-6.352160900782775066e-01
-2.539724375877423501e-01
-9.795214916304050001e-02
1.000000000000000000e+00
-2.451758278881708830e-01
-6.830490249046117235e-02
9.695484307513007050e-01
3.879768934233894240e-01
-6.153981489041810971e-01
2.407784579682675091e-02
8.239439333113909303e-01
-9.511970435653582800e-02
4.185419051089235287e-01
6.279020192130273514e-01
7.416319558990277505e-01
8.053401204420016501e-01
-2.380168949260048072e-01
-6.779770761206732610e-01
2.240493869667238569e-01
-6.742020456376411897e-01
2.451297511994506295e-01
-6.254831183939414396e-01
7.596168667319788681e-02
6.257496167975198365e-01
5.744125686971427447e-01
-2.219819846849518108e-01
3.334698846932941385e-01
6.501524111099483694e-01
-4.174030071433567635e-01
-1.130010634545140780e-01
5.676362260860530196e-01
4.830784200860375188e-01
-8.061182651470155669e-02
1.493859281453630283e-01
-6.759227451183549285e-01
-5.449387667450302786e-01
7.038615823756094736e-01
-7.802010027982458906e-02
-8.874854655185451247e-01
8.557620863427076729e-01
1.734525914672831737e-01
1.546443742655574938e-01
8.783400170645137006e-01
7.472777318545691383e-01
5.053858550979916098e-01
-5.480644378379352366e-01
-4.450989427343006732e-01
4.662273485242378057e-01
4.211525372554695279e-01
3.248931810013880872e-01
2.047003253834244474e-01
-4.826221759080880913e-01
-4.389608431814889244e-01
-8.774289234029465645e-02
-2.192029570475766964e-01
4.515403143272010977e-01
-5.842764216553296697e-01
-2.894838097943032151e-01
2.452587059266389258e-01
2.483308743374190442e-01
-3.665045446173267885e-01
-1.317802861716486362e-01
-2.208518797719153381e-01
-7.170670171200212994e-01
1.630740826695911416e-01
-5.002162871594512117e-01
7.024469738489657056e-01
-3.311225503223159672e-01
6.216526456610913659e-02
-6.449353352755968771e-01
7.582678814927709121e-01
7.925455403497658757e-01
8.259190344658146055e-01
1.640848830365280453e-01
-3.932809202880053201e-01
-2.012515586194591199e-01
2.606989841951137254e-01
1.084263383951526577e-01
-4.056544173475609694e-02
-5.732112539115484517e-02
-7.454370704039273154e-02
9.454121579488519722e-02
8.652108726113824644e-02
-8.084045876844657696e-01
-2.651135449683289513e-01
9.917004639753876361e-02
-2.903696013120118380e-01
2.021156058215301810e-01
5.707872964493408974e-01
2.234091250895470920e-02
2.971035731371175492e-01
4.590058949535767013e-02
-2.404378765197979703e-02
-4.710117569954885147e-02
-2.007072351449044195e-02
-4.473638879875584951e-01
2.343093522596029557e-02
-6.452212022589782769e-01
5.349163813280970459e-01
5.536714272031180162e-01
3.424811393913366753e-01
1.481220086388387869e-01
-3.618839108119585313e-01
-2.650986175310399151e-01
-5.651164615793543428e-02
2.514077957177388023e-01
-2.038564556626577262e-01
1.457850066067980788e-01
-3.097584380401954482e-02
-1.747142329002040473e-01
5.105889373355785299e-01
-2.761172254079573563e-01
-1.163849905177620769e-01
3.586509670323376753e-01
-1.491746192733650889e-01
-1.776736636480419906e-01
-6.379428086267024955e-01
-2.854651119275057880e-01
-4.777085235261311902e-01
-2.884787055671137468e-01
4.245110913493657656e-01
7.921261707852582379e-02
-2.879726642086057886e-01
-1.638480058454745980e-01
3.989408527714969344e-01
-1.000000000000000000e+00
1.035891718300554626e-01
-7.566648725295932465e-02
-8.789854304512505490e-01
5.102340297947265402e-01
1.765301070338884046e-02
-7.841375922334306026e-01
-9.833673296722250656e-02
2.588056902879873888e-01
4.904363885140521073e-02
3.728465516083349640e-01
-5.680453201513368383e-02
2.725607237323665610e-01
-4.707062113345103493e-02
2.709592094777613092e-01
3.886248038658257631e-01
7.945026556206478130e-01
