1.159313288079881765e-01
8.695337305723166432e-02
-3.336393441672531879e-02
-3.216100965590140137e-01
1.412484876120685129e-01
1.478145492418999896e-01
-3.117761363378917031e-02
-4.806496056906373049e-01
-8.330814571355360520e-02
2.604559809641940338e-02
-3.572609630272685077e-01
-2.188103785746648156e-01
-1.079350227745183924e-02
-1.841021661787152486e-01
3.625621000423826512e-01
2.503028579392931746e-02
-7.385613951061498206e-01
8.134844276939166008e-01
2.778318161236940573e-02
-1.514290179986317875e-01
-3.179647665734834927e-01
3.846125903780701627e-01
1.646251725041239511e-01
-5.881513981649278966e-01
2.896789357794712916e-01
2.084104041588355494e-01
8.556085553684066036e-02
-3.478083206487278534e-01
2.734280760814917777e-01
-2.161887661979664255e-01
-1.528996262101879056e-01
4.220360459287618715e-01
4.913212379321394568e-02
3.832368623270302477e-01
3.823628153701984500e-01
1.583542183911399170e-01
2.525922554018403821e-01
-3.178422874892573580e-01
-1.154129914458205813e-01
2.710058824098052765e-01
-3.039800417695942558e-01
-2.761718353735109766e-01
7.966347129616990763e-02
-1.977162385956204582e-01
-3.901205166601150187e-02
1.333691718932342174e-01
-1.476245322577405261e-01
-2.648752816395761878e-01
-2.931302298838978082e-01
-3.609288069029178425e-01
1.916797338471046969e-02
9.668747842110325674e-02
1.860356427407716673e-02
-6.614078233822968944e-02
4.295413132230276321e-01
-2.229447707235162057e-01
-2.510054301532949061e-02
-1.949853975721709334e-02
2.209278239541580535e-01
1.600924081486848616e-03
1.610255543348460688e-02
-8.955615651422549686e-03
-1.274948627193683848e-03
-4.128336308757981632e-01
-4.127497333326827361e-02
1.669097439179346443e-01
-2.877460324820527715e-01
8.528517225361631482e-02
9.460069206338780901e-02
4.651952442644994440e-03
-1.334370872073917247e-01
-8.847824512513105533e-02
3.878438927129930491e-02
8.147045472784136821e-02
-2.540708541628248218e-01
3.475744840594641172e-01
-2.845422096964465575e-01
-2.444327504978326959e-01
4.740489459730364286e-01
-7.080740443624358726e-02
1.018233877412505761e-01
-4.159611272128957982e-01
-1.076686578199437389e-01
-2.484277669402440436e-01
3.576494033721901999e-01
-2.704256765801758000e-01
-1.767415001755727813e-02
-4.721502539186772096e-01
4.557180152157959060e-03
3.348756361085313271e-01
-5.641384296732596670e-01
8.646219189231606206e-03
3.547964082295799737e-01
3.872771714320308867e-01
-2.499660506077178990e-01
-2.338726393957321625e-01
4.662630005457478466e-02
-6.092741294229060411e-01
1.956418533337600518e-01
3.766501720183132451e-02
-4.135422896546533389e-01
1.219222638540612136e-01
3.066830699299303853e-01
4.682074423523049922e-01
5.403220204528255133e-01
-3.380759954485464958e-01
1.059357792456315644e-01
-4.432724736443677815e-01
4.198646469739087395e-01
-9.323979023930983878e-02
-1.860521645511193922e-01
-1.354308045400123839e-01
-1.912474910054041688e-01
-8.111595627871620584e-02
-1.023215619267461157e-01
-6.080999855487625311e-03
1.537965779700969926e-01
-5.308548439922589068e-02
2.864467491639094421e-01
-2.255494622127650062e-01
-1.172839625046981221e-01
9.255904970901213114e-02
-2.314191109431305293e-01
-4.953194470364781221e-01
2.490248097015047568e-01
-9.588354135256475785e-02
-2.110699289639425547e-01
2.841694310025967909e-02
-7.207356098890652096e-02
5.849097390440886057e-01
1.336109408839870893e-01
-8.860092351524401222e-02
-5.832129135481507465e-01
-1.599548131584559996e-01
7.366053559393548333e-02
-2.285214513120084612e-01
4.918993690960206111e-01
-5.537365492497956510e-01
8.797099041175615586e-02
-1.887736350577179367e-01
-5.290142249634405269e-01
8.857663773037059707e-03
1.173256954399184565e-01
-3.764022596299629875e-01
8.868223224689842921e-01
-1.979176754984913744e-01
2.488082605248206070e-01
-2.039766094275493880e-01
-1.782790762570986842e-01
-3.127879691370474280e-01
-2.819807023557990844e-01
7.665083610513815336e-03
9.274461540309174301e-02
2.639013259558029567e-01
5.669078281321244389e-02
-1.436433803230871831e-01
1.309304052771403937e-01
-2.887700102257916290e-01
-2.350613496543801084e-01
2.503284828918946048e-02
1.039743426833570072e-01
-1.261876919844431288e-01
2.106451353297799090e-01
1.383316832217949821e-02
-3.492421149431499949e-01
-8.970932571136397415e-02
3.105444290751048220e-01
3.553499531356934527e-01
-3.306729433882673042e-01
2.819899110125067554e-01
4.417727991724468978e-02
4.730865110266179591e-02
4.083313788198837668e-02
3.762320069735242689e-01
4.237421078730265189e-01
-2.139850974506981029e-01
1.559687552259987620e-01
3.314249817995335579e-01
4.147796361696362566e-02
1.753057046501105276e-01
-3.230353658058238708e-01
1.918310019246803888e-01
5.570356483477790360e-02
1.805603321825626217e-01
-1.145388287712192643e-01
-1.993637319752205594e-01
-1.909028830697342138e-01
-3.008105703965124889e-01
-3.158184574479123152e-01
-2.754821692349851414e-01
-2.904134767824581020e-01
4.123097671468725078e-01
3.322718784438697531e-02
4.475475925869518146e-02
-1.998304470427506307e-01
-1.687861559640096432e-01
-5.308642159115550818e-02
-1.072335124217642238e-01
-6.259650359719676205e-02
4.985704806881762763e-01
-4.187386727195471781e-01
8.757671013723641873e-02
-1.387868041669471364e-01
-2.199102739624123060e-01
-2.830036336290850385e-01
3.247432213696572201e-01
1.007681656736295339e-01
-2.874048313051205117e-01
3.940654356753535703e-01
-2.108813510240427624e-01
2.198208649611612386e-01
-2.306474321105721481e-01
4.883225984846819578e-01
-6.629484033410248944e-02
-8.121878523356647339e-02
-6.278117403694698923e-03
2.479311583882694847e-01
-4.062733869982753099e-01
-1.758819641089870156e-01
2.313958209504616559e-01
-3.674318711276292615e-01
3.989436180267806331e-01
2.764471437359376504e-01
3.901205301164538675e-01
-4.770346223656403428e-02
-5.189358820450101772e-01
-3.712174361095915698e-01
4.518610587309567772e-01
2.028292168624987735e-01
9.456974865037555411e-02
-6.266494980138542434e-03
1.888478428486602412e-01
-3.417900916767743213e-01
-1.336350482949957286e-01
1.128048687073417294e-01
-1.516709765925427014e-02
3.430525399707154977e-01
-2.080971241710059261e-01
4.094188305001385531e-01
2.209527140867905692e-01
4.476055534749726061e-02
-1.497002324294106623e-01
2.795018307740348984e-01
2.487776689258851814e-01
-5.182331320699276045e-01
-2.764501304880022103e-01
-1.797414961006021661e-01
3.714628465601474416e-01
6.566545046009729381e-02
2.004010751178483644e-04
5.600717497082426943e-01
-4.885083251688566303e-02
1.185371680510776959e-01
3.705885107627492348e-01
2.999384679773894335e-01
-1.792969356669086023e-01
-2.966712461848644011e-01
3.626559631305543152e-01
-5.989284287485256986e-01
-4.973697220781345130e-01
1.738782342334442566e-01
-3.274666205451229328e-01
-7.081033808247826078e-02
2.376126962426898526e-01
5.694264554959864721e-01
