6.855050586733096862e-02
-5.827971128418063529e-01
5.022875503855301904e-01
-4.078646240590578786e-01
1.743012862957058484e-01
3.631618736716600293e-01
-8.656190949340969443e-02
-3.468942064636940659e-01
5.369395519264792416e-01
-2.040900800413201210e-01
4.482670683968658643e-01
6.450818412235159727e-03
-3.987127706465385391e-01
-4.144949374881908843e-01
1.000000000000000000e+00
1.000000000000000000e+00
1.570251702280370809e-01
2.008205351763829583e-01
2.391849616257973321e-01
3.621674054975326795e-01
-5.395435272295113771e-01
-6.958676256083679013e-02
-1.000000000000000000e+00
6.316744196059165262e-02
6.264155827797017739e-01
-1.111144864329800530e-01
1.000000000000000000e+00
-4.150966651763036697e-01
5.350659454368776879e-01
5.107009503727929500e-01
3.153003102291327409e-01
-5.280984241289791159e-01
1.000000000000000000e+00
-7.800720943331128365e-02
6.715323846406894281e-01
9.588149345403651491e-02
2.887382570534428594e-01
-5.101537537149505308e-01
-1.000000000000000000e+00
-1.000000000000000000e+00
8.996405627720585052e-01
3.019536347403888876e-01
-1.705814873624185990e-01
1.000000000000000000e+00
-6.373605409317437132e-02
-1.000000000000000000e+00
-1.886588301063271689e-01
-9.071548048721672641e-02
6.383712996534474104e-01
-8.198326761767436854e-02
3.109848388457700508e-01
5.667478639620386893e-01
-1.476149719410252414e-02
1.209451551578731993e-01
3.100859940591697561e-01
-1.991194772240858502e-01
-1.000000000000000000e+00
-4.284458280746706871e-01
4.495932820576267058e-02
-5.997692857481757844e-01
-6.916594009757529027e-02
-1.000000000000000000e+00
4.702737539442842785e-01
1.104695557859339677e-01
-2.423069453324513678e-01
5.871826226605185717e-01
-8.025174696552002385e-02
-8.100095202687609408e-01
-3.751985359300314959e-01
2.995584006985907433e-01
5.074061465759790446e-01
8.258420066725542519e-01
-3.841060145749614074e-04
-9.367479728293554020e-02
5.383661167452498120e-01
1.174432626302968213e-01
-4.913997754163533793e-01
2.095521069206857379e-01
-4.110091290658528518e-01
-5.071577114635990036e-01
-7.690060025132083865e-01
9.578939110724856709e-01
1.290475407897135607e-01
3.407889716593615059e-01
-4.375471195970820903e-01
-5.142225533322142272e-01
1.608206424824130121e-01
-6.497796143082221754e-01
-2.269469010436218348e-01
-6.728943670835062507e-01
6.015574706471146227e-01
-2.691346849429431254e-01
-1.242900228011572517e-01
-3.039088806236633911e-01
8.938723519840523490e-01
-1.000000000000000000e+00
1.000000000000000000e+00
7.767796743754251665e-01
-3.045971721610146732e-02
1.796845528172870410e-01
-3.330107267643861446e-01
8.586356976802445029e-02
2.648201861973895066e-01
3.307532008556884895e-02
-4.295471063270615009e-01
1.000000000000000000e+00
-5.339805925012788279e-01
8.629411442224675655e-02
1.584731118496351121e-01
1.417625622576684091e-02
1.148789760105157765e-01
1.512156444122460808e-01
-3.390799790968244132e-01
1.593115028849390324e-01
4.377083266259189642e-01
2.077879619840266867e-01
7.318911657152131767e-01
-1.000000000000000000e+00
-4.906359293100822083e-01
-2.486931092720684466e-01
1.598626318853569039e-01
3.285078925067028491e-03
-2.285580240732881102e-02
-1.836230055910230141e-01
4.963206251699380234e-01
3.261378757757510405e-01
-1.000000000000000000e+00
7.164026729774735092e-01
2.428843672070344906e-01
6.535170741132418915e-01
5.691447486463006022e-01
1.000000000000000000e+00
-2.451882654089417857e-01
-7.067950349861057413e-02
1.292662067442218454e-03
6.545594648674141203e-01
4.402420607490824533e-01
5.741216972195842261e-02
-9.749883645717533076e-02
2.492504951851034489e-01
2.825669532272773177e-02
1.811835121650923752e-01
-1.407035761600602120e-01
1.000000000000000000e+00
3.026624796437228648e-02
3.974799400953054063e-01
-9.640306162348336039e-02
-2.625136304788699970e-01
-3.484204392857642718e-01
-2.637292235359366965e-01
-3.171044719018655256e-01
-7.263304599305761000e-01
-1.000000000000000000e+00
2.776321462074069490e-01
6.320655362688998302e-01
-6.663758109242572392e-01
6.920218685023840632e-02
1.220010849053276836e-01
5.575556024937298183e-01
6.478584695808473626e-01
-1.836101901998831720e-01
4.232971615530506937e-01
-3.423694040760120183e-01
1.993126980356201838e-01
4.059843999775906154e-01
5.248070193211887835e-01
1.800865132997274132e-01
4.923361328333989428e-01
-2.511493606149546309e-01
-6.220517212279738084e-01
-5.493905180544286226e-01
8.483042138767898921e-02
4.959669169841299796e-01
-2.032536928220576300e-01
-1.009392501976735801e-02
-1.000000000000000000e+00
-1.000000000000000000e+00
8.325377651515988298e-01
5.437601426950083860e-01
6.673983781908897628e-01
-8.755931163856484067e-01
-3.589193207197900470e-01
-1.531719088378023508e-01
-6.772355344983310710e-02
2.254697930848870158e-01
-3.933674889148848219e-01
-1.065971675775469890e-01
3.646258551342513310e-01
-2.639327014362511936e-01
-2.925789724089522537e-01
1.000000000000000000e+00
4.991411584553366865e-01
1.409496948278378126e-01
-3.476060964629829053e-02
-7.295447295148864697e-01
-5.231881809522228588e-01
-4.540598197863512375e-01
2.654112384524897617e-01
7.820016620578181810e-01
1.000000000000000000e+00
5.573785415982992486e-01
9.029965784390581174e-02
-1.000000000000000000e+00
3.375239361926182791e-01
4.119807823299840438e-02
-5.809881176435085504e-01
-6.703523443240668733e-01
-3.490493559705838411e-01
2.676931288209008497e-01
1.357454031868411404e-01
-5.106224416095243024e-01
-5.392318647144841437e-01
-3.962258694297842165e-01
-3.928421917196481261e-02
-2.984851586905886700e-01
-3.096935691033885774e-01
1.543275930633506432e-01
-7.314199296931925276e-02
-1.000000000000000000e+00
1.871329726722951448e-01
4.485748606403944239e-01
-1.000000000000000000e+00
9.064348115648310777e-01
-2.770262480854883691e-01
-6.641913554609104597e-01
1.350782273968571534e-01
1.000000000000000000e+00
1.000000000000000000e+00
-3.943030286638669890e-02
1.000000000000000000e+00
-3.111241896783595307e-01
-2.549323947444896987e-01
2.569391861088837214e-01
3.594164642821950223e-02
-1.536678550672493093e-01
4.395307475859928092e-01
1.071044902634553375e-02
-5.384725305605982948e-01
1.376957508581130030e-01
3.815435958628573543e-01
3.578319380387965931e-01
5.201918022275729692e-02
2.903450409839980484e-01
-7.817759228823901729e-01
1.999917965529736108e-01
-1.000000000000000000e+00
4.481022989416758029e-01
-1.721988059861106202e-01
1.953120535488336584e-01
7.466500632452132136e-01
5.342250351063757563e-01
1.000000000000000000e+00
-5.691893495302746686e-01
4.919687683997437389e-01
4.285721738895766908e-01
5.467714124205228510e-01
7.556917370034238468e-01
1.380289235762720973e-02
1.366909587503671863e-01
-3.228984762582667312e-01
-4.591175097799684579e-01
-6.325529822313137318e-01
-1.000000000000000000e+00
-3.982548596781401717e-02
-4.699982417937963453e-01
9.441103771579969495e-01
2.398483607954790264e-01
-3.387617913137868086e-01
-1.000000000000000000e+00
-5.845647538423216494e-01
2.200746708990247158e-01
-9.985233688206082703e-02
-1.748252243457414090e-01
5.285539463179226294e-01
-4.003105144092124479e-01
2.586123350386713149e-01
4.687083930004154464e-01
-5.653275964430889422e-01
-4.745289799062111236e-01
-3.643139152349867405e-01
-6.407500603596397726e-01
-8.756049725475989476e-02
-4.203354677568533759e-01
-1.598667009258397942e-01
-6.556374648579083031e-02
-3.065059959396852496e-01
-8.483201384763492392e-01
5.650402565663938947e-01
-4.649214825207015345e-01
2.880242219081884381e-01
2.311330437491171952e-01
3.452639307762016552e-01
-1.208352208236228298e-01
1.000000000000000000e+00
-7.612187340044940242e-02
-4.104075520607565197e-01
-5.060042928099430792e-01
-4.884339815388412109e-01
-7.925583772764621671e-01
-3.474357938125571810e-01
1.468299078597087026e-01
-5.387278589589731270e-01
4.816473215424846854e-01
3.743783187541709911e-01
2.441853361166805292e-01
1.000000000000000000e+00
7.026683584249300285e-01
1.649783819575835198e-01
-6.416578821620335660e-01
9.381812916526297563e-01
-6.482308830493082041e-01
-5.703287119914985936e-01
3.395808334809285456e-01
-1.340973967349855800e-01
-1.000000000000000000e+00
-1.250849605019681565e-01
-4.078984440427061570e-02
2.389998695004377782e-01
-1.139230615240121869e-01
-5.819049806261065161e-01
2.000590992127826429e-01
3.785321676606323571e-02
4.206284113499747512e-01
-3.086379550324866994e-01
-4.826630072488636292e-01
-4.287665597139788121e-01
-3.301423376849873526e-01
-9.985737866203485413e-02
1.548837487683601133e-01
7.649623104195975298e-02
4.638488640610112235e-01
5.344342968786838233e-01
-1.000000000000000000e+00
3.341162895310194059e-01
2.296874376617503710e-01
3.611359443212056042e-02
-5.096505706003235936e-01
-3.170615506824405183e-01
-9.361328714085165315e-02
-5.349072528788079151e-01
-2.221265643464377659e-01
7.858522896226425303e-01
-1.000000000000000000e+00
-3.172982573827665687e-01
3.896232454886859875e-01
2.878982429894534900e-01
-5.487294641221523994e-02
-7.568765513970295011e-02
9.229267801330640064e-02
5.617634880020482280e-01
1.000000000000000000e+00
2.991161000589888097e-01
8.126309746253022048e-01
6.621876935387814855e-01
1.262254833117077424e-01
1.441350686584180751e-01
1.102878742177632043e-01
-4.560788592358209770e-01
6.837182367155572038e-01
1.317882245562785881e-01
3.980757187488869753e-01
2.715538079888613066e-01
3.200414617933275419e-01
2.033690502633944130e-01
6.841211775784277194e-01
5.138426782815960769e-02
-7.789202326496041939e-02
-8.101209551117571905e-01
2.054469764665414755e-01
8.388349687108302699e-02
-8.388024581972336469e-02
-1.283521005506518542e-01
4.264017495900627175e-01
1.341870308470038964e-01
3.193227894599920402e-02
6.057282859080060922e-01
1.921914520995007258e-01
-6.021547762763889144e-01
4.557544696848336158e-02
2.778350437804112394e-01
1.074117883169408844e-01
-4.270613534200160544e-01
1.000000000000000000e+00
1.218777885739972949e-01
4.523911935293950526e-02
-1.031101849701887979e-01
1.343677050767365100e-01
-2.562805632861710481e-01
-2.168038736250748333e-01
3.039271890915511420e-01
-3.876293826445275092e-01
5.866379252048823378e-01
-1.229088302205530864e-01
-4.055626626773178867e-01
5.378217672108693836e-01
-3.148761920636487521e-01
-1.358606984066926260e-01
-3.135765553350078338e-01
-2.198709558465282154e-01
-2.193176810589494430e-01
1.371975385699191752e-01
4.538456702170053925e-01
-3.264936053793345838e-01
3.849041652109576050e-01
-3.026751046331805917e-01
-4.708261144975135482e-01
-4.034401382143262271e-01
2.061058260407623299e-01
2.216257743307745165e-02
5.038928320303194264e-01
-9.946753253799256456e-02
-2.480121498774015554e-01
4.447124412216577616e-01
4.360795652555365942e-02
8.307409929178657393e-01
1.000000000000000000e+00
8.778816672795810572e-01
3.748624646445855579e-01
-4.525796536120548774e-01
-6.722159835822562046e-01
1.544106359279259211e-01
-1.000000000000000000e+00
8.876962738704051725e-01
-3.922663081725601408e-01
7.414688215075138089e-01
-2.166178245433723060e-01
1.304340935393516476e-01
1.223007709078969552e-01
3.375780760552815618e-02
3.136298767305013002e-01
-3.176125795524217255e-01
5.829982508862316948e-01
2.943599502452483030e-01
1.033927345217551808e-01
2.068799029018832392e-01
6.077670399646552257e-02
9.423381613473795770e-01
-1.318164975796590199e-02
7.318234129976587399e-01
1.000000000000000000e+00
-2.454012431441545683e-01
1.277018818801606281e-01
-6.772849053711225142e-01
3.415868058472033564e-01
-2.462526240988953397e-01
-8.066326879908622405e-02
-9.289383966590817332e-01
-4.298944630400896583e-01
1.597989958569571711e-01
-3.404265775571805874e-01
1.144686518194980573e-01
1.748397036529767412e-01
4.060988989013983863e-01
-4.629847970009388081e-01
6.210990289636245665e-01
-5.807465940617565492e-01
-2.897633909234487160e-02
5.941352022160200086e-01
-3.870536928592208659e-01
-1.000000000000000000e+00
2.256289571147145623e-01
-7.055549502192930422e-01
1.000000000000000000e+00
8.243976254608652299e-02
1.000000000000000000e+00
-1.934998814062504069e-01
-2.754027634339663022e-01
-4.867567289676012487e-01
-9.662495324746449565e-01
-2.708650109146859553e-01
1.592855435178291701e-01
-2.402438163530017379e-01
-8.266959469854530396e-02
8.406919236851378985e-01
4.651555959749055225e-01
-9.759035434670697562e-01
4.805579179415114255e-01
2.492697913785907327e-02
3.296085073154308431e-01
2.086862056774826391e-01
1.219072151479643762e-01
-1.446859348516733035e-01
-2.614211010891456244e-01
1.214170058774383387e-01
1.000000000000000000e+00
-6.649109137694367844e-01
6.770395410592843222e-01
7.357854579097626857e-01
5.934586118494811213e-02
1.807966380237243098e-01
-4.374464767513087660e-01
3.038491085251909807e-01
2.301076069925995227e-01
4.565877067944341117e-01
-6.523571921878141833e-01
3.562252923798975845e-01
4.899424371405749490e-01
-3.372838633779143835e-01
-1.824984130495216905e-01
-1.436474627157019457e-01
9.864968224747008851e-02
4.217069537007446245e-01
-1.313979597320417692e-01
2.308535412218516159e-01
-8.330657629360391780e-01
-8.794653642359937518e-01
1.000000000000000000e+00
3.658215742047855601e-01
5.020008177962527185e-01
-7.602028132444055286e-01
-4.357344339419147450e-01
-1.000000000000000000e+00
2.487071691147919594e-01
-2.209262091241158688e-01
3.181488541667341630e-01
1.000000000000000000e+00
5.290924682232838183e-01
-1.000000000000000000e+00
-1.000000000000000000e+00
-1.310946365860654050e-01
1.000000000000000000e+00
-9.121569281029210385e-01
4.182457373400494394e-01
-3.471406564127208494e-01
8.923224938706132703e-02
