-2.258158791978650548e-01
-7.750602833348563259e-01
3.131848986743214214e-01
-7.163599028999090290e-02
-2.793862621070637986e-01
-1.199336001568873655e-01
6.636169587438675577e-02
-5.458910428183058050e-01
4.105238982688515226e-02
-1.521532492531560976e-01
-3.725383616481178772e-01
5.950027173250631574e-01
-1.579918583497867957e-01
-4.367685998909886513e-01
4.923368517279375772e-02
5.061408622804292046e-01
-7.255110875200273535e-01
-3.528263575954240089e-02
-7.500919389947974941e-03
-1.578808923844190470e-01
1.719654650525202083e-02
-4.644548478167635081e-02
6.593817458541864074e-01
2.957155281949226944e-01
-4.239014927138424205e-01
-1.251918349710295919e-01
-7.393989028662841800e-01
9.616443037328178955e-02
7.383867696285831839e-01
-5.639228794726225402e-01
-1.874750440896034431e-01
-5.552474494152742635e-02
6.830548231661500713e-01
-6.647151633425310013e-01
2.813200828530592057e-01
-6.197132436415377921e-01
-3.468795593326731708e-02
-7.845965760601630867e-01
4.357499934835824540e-01
8.253798346969459798e-02
6.396224842523212661e-01
-1.816141855471891109e-01
-1.905064239565620321e-01
1.647558705448417746e-02
3.627834812408868848e-01
5.095307292445573344e-01
-7.016844068719353400e-01
-1.253615343725981990e-01
6.776709207861075779e-01
3.407454394919951501e-01
1.466666491583410448e-01
3.187646645082411329e-02
-6.525276345876664941e-01
-8.951139491871552833e-02
5.545650318741879303e-01
7.255872828880129966e-01
4.620355218740303527e-01
2.733038786335440298e-02
9.704615228261465054e-02
-1.766232783549422369e-01
-4.195630556091740626e-01
-1.116812491784531375e-01
5.990306330797487422e-02
2.425061595387046909e-01
8.877331385717827095e-01
-2.904585841955332759e-01
-1.782600144739021342e-01
-5.085543877951115288e-01
1.653511485613107235e-02
7.581156034636261642e-01
6.092456453880044087e-01
3.469043947214524026e-01
-3.982442369556605799e-01
5.562841426198754657e-01
-3.762199046894570409e-01
-9.692984781779366565e-02
-2.189055306930284134e-02
-6.366214349403055417e-01
1.533250972304349424e-02
-1.670877214699956204e-02
-2.158791636762470434e-01
4.101537885968529196e-01
-3.938548746416407897e-02
5.289862840240364683e-01
-8.782420354387019401e-01
2.146026845951183593e-02
9.337236654544518732e-02
-8.018860209260230132e-01
-7.666677545308328012e-01
6.059718403574330114e-01
2.461250210338201128e-01
-4.773287135514817092e-01
3.978331763583093927e-01
-1.082227400301703502e-01
-4.050476425425262872e-01
6.790830581152815792e-01
-5.174733254043785147e-01
-7.265951524358517100e-01
-2.274517739597337607e-01
6.475452170940176888e-02
-5.176674375730544453e-02
3.402958337722288840e-01
-8.929155213713642070e-01
-2.050508815100345328e-01
-7.328143642908332422e-01
-7.925401016706022927e-01
-4.336147663381298978e-01
-3.422746920912805302e-01
-6.000778524030886407e-01
-2.985848844628610221e-01
-8.251124396415896942e-03
7.755247633918543881e-01
-1.694429213816717739e-01
-2.263838667046421671e-01
-6.795004637846274731e-01
-5.746715155856806367e-01
-5.968970264674381410e-01
2.348237455668270371e-02
-5.762849905747986501e-01
-3.853206084791003794e-01
2.896797989670293894e-01
7.383797308269153259e-01
-6.805912641058725621e-02
-4.498945453912880921e-01
-3.950729205735323823e-01
-1.603664774233326540e-01
3.536706490472400488e-01
-1.950382416466820423e-01
6.069521521638309158e-01
-6.125296872241872137e-01
1.678431530895750368e-01
4.644643129307343687e-02
-1.249995971155437036e-01
-4.229960833085824601e-01
3.542945569596702704e-01
3.967179397901722804e-01
-7.127207959673980131e-01
1.062312505752777136e-01
-2.827175452099025543e-01
3.096088778817530640e-01
8.130398332687125418e-01
-5.509598732782106101e-01
-4.084065696786554067e-01
-6.155304012090543342e-01
4.125618295877359065e-01
2.903707687756362787e-01
-5.808916391726276496e-01
1.808205770897759190e-01
-5.406185873848367018e-01
1.239580049007177887e-01
-4.832962798028393459e-01
-1.296517028650236505e-02
7.232291401459469693e-01
3.232369145158194290e-01
7.786003718623632497e-02
-1.632305712879562609e-01
6.545656682015174033e-01
7.793672009085519936e-02
-5.065041021629007600e-01
4.341600753081484299e-01
5.013587136929025245e-01
1.709941565432617772e-01
-2.712424987860478365e-01
-4.917371555309769104e-01
-3.320555957084160847e-01
7.720956110406609341e-01
-7.633065480481728837e-01
2.729855594629984616e-01
-5.722074085188479931e-01
3.980697240015894089e-01
-8.048940927635204190e-01
-2.164315563178404456e-01
2.537223897843705611e-01
5.965441556828785519e-01
5.774828762767696411e-01
-2.399248267880551011e-01
7.782843745916021572e-01
3.198953021138426500e-01
-6.846677855821351466e-01
2.415094061274110082e-01
7.049795811299210124e-02
-4.397305063486935811e-02
1.271697600023654340e-01
6.481889347336505791e-01
-4.206208914521444298e-01
-2.998092904698303474e-01
-5.694892114963641117e-01
-9.106951249762024192e-02
5.572007624338417564e-01
8.159419471514027522e-02
6.634019313064832835e-01
-2.699667317261518484e-02
-5.967971116095347472e-01
9.460303496258685996e-02
4.299217215455004570e-01
4.678590631894714580e-01
-2.930509739750588039e-01
7.038840300492557045e-01
-4.467347824317070559e-01
2.910910839624523683e-01
2.590191984248081392e-01
1.119654114698908631e-01
-2.320348296246375064e-01
-4.527840646887338338e-01
-9.496535730324104363e-02
2.144560908993366766e-01
-7.435004955798546478e-01
3.461114971884929337e-02
-9.511557795909986179e-02
-8.965948881259223624e-01
2.995093277838974943e-01
-4.674509008205135485e-01
-8.442997356099246620e-02
7.929372916651953318e-01
1.603240355762865221e-02
-8.468896384485494755e-01
5.371198639471037872e-02
2.170722756916577678e-01
2.898317077038607970e-01
1.476170918906920537e-01
-2.440198349918524245e-01
5.199916201183557574e-01
1.982319559458466940e-01
3.795482373378669116e-01
-6.411981318591712942e-01
-4.278867013270546971e-01
6.119589725134378932e-01
5.644029611762260146e-01
4.319727788424363446e-01
6.829854476878651770e-01
2.516141040803187012e-01
-2.127640057733658496e-01
3.599489455697040263e-01
-6.156990960056534234e-01
5.186474437491024325e-01
-2.109099936949915821e-01
-6.646624710656003909e-01
1.188880012523840513e-01
6.179885228614709902e-01
6.380024825703051183e-01
-4.600588317879821809e-01
-7.209908672256918338e-01
-6.564020212685728328e-02
6.247339732624296316e-01
-5.776062822178706924e-01
8.125443122659562478e-01
1.989554827051140951e-01
-1.491270613508682008e-01
-6.451500897289417225e-01
2.075168226682478634e-01
7.011004292819561501e-01
-3.300853118057791580e-01
-6.191648596995644738e-01
8.201367416679630207e-01
-1.301691774872840990e-01
-5.748003283116953632e-01
4.155330844940902102e-01
-7.533266684242670430e-02
7.575094138207559835e-01
-2.462582805259767860e-01
4.966915187874536008e-01
-1.500149545508514815e-01
-4.087671352017572257e-01
-3.793871473737979727e-01
1.525554268765139110e-01
