8.491734818228985349e-01
5.244107906721462431e-01
-3.519392549618836075e-01
-4.828022386369085761e-01
-4.780839527778039111e-01
5.016073054953514021e-02
1.909569384558188199e-01
7.270687122687653492e-01
8.203190315507328245e-01
3.372096467887489291e-01
-7.568837546007105566e-01
-7.410090659648030376e-02
7.640754014094573721e-02
2.328187702043161555e-01
7.386177000977517393e-01
-1.840291346014283624e-01
-4.281195701834642486e-01
9.433192043181538589e-01
7.778715473910318146e-01
-7.045721155174353156e-02
-5.770857201332031394e-01
-7.322502575964856542e-02
-5.262234221606121309e-01
2.817075069786104113e-01
1.725257070472296095e-01
-5.703099225615703566e-02
7.679987813111512907e-01
1.718410572285425653e-01
-2.079782602450982731e-01
7.985636139866372774e-02
4.974545880749504101e-01
5.842371819659793186e-02
6.949431382351661801e-01
-3.599399688123259278e-01
-4.230232149561695687e-01
3.241154396520531944e-01
9.179622063960442002e-01
-3.561969098246126064e-01
-9.039921921950008210e-01
7.818138124106639442e-01
3.658734741499949927e-01
-3.248101977242886518e-01
-7.368683560346184214e-01
5.891833301436807252e-02
-5.465618352627992227e-01
-4.476192827912296723e-02
2.516522417772276698e-01
4.622679622050327591e-02
3.427202398680296858e-01
7.445648215245882495e-01
-6.543892127468740050e-01
-9.019181368168118773e-01
9.454177427366488029e-01
-7.616938889186026795e-01
-2.124851739294414121e-01
8.693579906476303076e-01
1.105441607198949655e-01
-2.688298824502828310e-01
-6.089277677783110770e-02
4.716978662015969825e-01
-4.133948215630426914e-01
-9.419490009164209754e-01
-1.004168335658173900e-01
-7.411348770530119534e-01
4.543045614364956686e-01
-7.790217132814689638e-01
-2.117676852549316424e-01
1.394479976538590127e-01
8.018976449227394054e-01
-6.075060501760722875e-01
7.648134206364671020e-04
-7.305958598292434658e-01
8.755963872696432837e-01
-2.328641746169174409e-01
-5.894195089538752930e-01
1.748298395518304571e-01
3.993435704541271059e-01
-3.741252554964203947e-01
3.443715616892072395e-01
-5.530236371779519988e-01
2.591183858607121193e-01
4.971993497893505976e-01
-4.209682712639063462e-01
-8.482682665176207587e-03
1.728730811887976282e-01
-4.985928015428386928e-01
5.817377827806327062e-01
-4.020638607895984373e-01
-3.400352843891252252e-01
-9.556694721913824853e-02
1.224519817381345271e-01
-8.084530998389886924e-02
-4.421725278131194772e-03
5.276227823294985519e-01
1.913397261976337305e-01
-6.234063270567451465e-01
-3.860269980821892100e-01
-2.829968203234975999e-01
-1.391507116469468675e-01
-8.215821399217128063e-01
-2.766398093225551080e-01
7.354748145328952047e-01
-4.509473794328950347e-01
4.508918209751348605e-01
-2.517308928755377928e-01
-7.418331633669811298e-01
-5.762632603719774343e-02
4.166112633815466371e-01
-7.326206186235335593e-01
-6.492911699901353639e-01
6.949251407127362556e-01
7.366975231941766955e-01
-4.957521793847375347e-01
7.672495186480925433e-01
-7.745565022148703793e-01
-2.957193626775301287e-01
-5.443975947369862345e-01
-3.644452650969246532e-01
2.832156780188300749e-01
-1.330572222121862158e-01
-3.505721088497143478e-01
5.848678163256768592e-01
7.071463694148767409e-01
-2.354119794491164319e-01
6.644043716935021937e-01
3.905280084097120796e-01
1.745775770640146940e-01
-5.521215231226013487e-02
-5.261306514154782121e-01
8.290033165848219587e-01
8.165566187487406369e-01
8.902457397440852738e-01
6.243511347090676712e-03
9.215108922444624762e-01
-4.982768689657711136e-01
-4.667786709401434697e-01
-5.562912062403480018e-01
1.573061128147321686e-01
-3.909350298258140732e-02
-5.936947835423018738e-01
-8.544843756153293057e-01
1.854672176161646646e-01
-7.565141632451530818e-01
-2.270168441953789862e-01
-7.361368997160410155e-01
-1.711352829432994382e-01
9.368892822813958965e-01
5.891871748389039265e-01
-4.232642613400912079e-01
-7.972653635213403644e-01
-9.572867478026497734e-01
-5.378297463417900381e-01
5.894455049804379065e-01
-3.788755012555007351e-01
9.130402119304500408e-01
2.109619174525343699e-01
9.522610390084703669e-01
7.333876860529283670e-01
7.116097732569628409e-01
3.332905177868277224e-01
-3.096977535570460405e-01
5.744773822930345775e-01
-8.978343170344750268e-01
2.690825897335991090e-02
-5.202733932152547869e-02
4.800072524406534535e-01
-5.700706745873658221e-01
-8.485147525588427886e-01
-8.674754550707945988e-01
6.376203664563006024e-01
-3.724980146406765558e-01
-4.826235474815612769e-01
7.916612440898969094e-01
4.396765289319033432e-01
3.367374314931110280e-01
-9.529541304065933804e-01
-3.529408531183212405e-01
7.601197957381817805e-01
1.284505108244261007e-01
6.223444160732009012e-01
2.314060670171381173e-01
-1.520869008803988620e-01
7.296483402987592459e-01
2.067681562999480471e-01
-1.994265306449641284e-01
5.393787258885549551e-01
-6.230772694928439215e-01
9.544146893627796224e-01
-5.711827800861406512e-01
4.634348542570292939e-01
9.151121393794631187e-01
6.295856395779769743e-01
-4.276043034755976913e-01
1.131072556083664339e-02
-8.396835711959593773e-02
-9.167221092060935383e-01
1.488746032787774953e-01
5.855316182910884626e-01
-8.589924884082473788e-01
6.802273046590368022e-01
8.425957183202962275e-01
5.902237771454005300e-01
-3.439592639660201123e-01
-4.905829457588614106e-01
-3.307344108101686331e-01
2.233862188114415226e-01
-2.110409245497717190e-01
-7.421830646211802218e-01
5.061463447550023087e-01
4.429721248632683683e-01
-7.211386558214732956e-01
-8.751510191983813414e-01
-1.532379387298552775e-01
-2.138143945012218605e-01
-9.564036332415152275e-01
-8.236654950875547110e-01
-6.676722943410192679e-01
2.799440416434516576e-01
-1.019977404080871786e-01
-2.322100369262009856e-01
-4.878975956222645349e-01
-5.464432681575505102e-01
1.810780215995809184e-01
8.733565948881553617e-03
9.514245180544289582e-01
-8.477545240469110954e-01
-8.355050745214021024e-01
6.503411678314454658e-01
-2.760406175618809049e-02
-9.365654082013641357e-01
8.959579776379259508e-01
6.954508555927750857e-01
-1.959734382477801573e-01
5.965344601312408956e-01
-3.103623107285309324e-01
7.256243695823273443e-01
3.567586005109693592e-01
-4.750995820950397741e-01
1.976890108774201349e-01
7.467197395818087058e-01
9.898530164494983019e-01
-9.429323071508487475e-01
-3.197308634904488245e-01
-5.815215554918750085e-01
6.660507351558164757e-01
-9.881912594682598083e-01
6.430519803908383292e-01
5.355153925627824663e-01
4.400342261754969786e-01
-1.964688698407604239e-01
-3.190198316145058666e-01
6.919358649240391346e-01
5.054169494694528142e-01
-1.717905324609546869e-01
5.183985422283922118e-01
4.879587946223659101e-01
3.332379495494307009e-01
1.021673045985204975e-01
4.490711979883062893e-02
-2.875768503354191319e-01
-6.265354321543888938e-01
-3.867225985017657894e-03
-3.882343618802109875e-01
6.480459724686872258e-01
2.063455987121204371e-01
