-5.171495392889243758e-01
-2.020273861016177730e-01
4.252780458116958706e-01
3.183968715085252477e-01
5.557900141490861312e-01
7.305422918258829279e-01
9.608730637573643929e-02
2.633434624287137038e-01
-1.685001799351076301e-01
-3.919737578995324268e-01
-4.153430233384238779e-01
-7.468412838970894807e-01
2.699096888474087907e-01
5.401242123804067541e-01
-2.368559787578413955e-01
-4.991263951476711536e-01
6.931261016024167221e-01
-7.475058949239075101e-01
4.863456180301798382e-01
-4.212766207833676391e-01
6.880342882243394298e-01
9.697649463835389394e-02
-3.068907830000770498e-01
4.154005894792715536e-01
-6.823346782512857978e-01
-5.015391745786100808e-01
9.188519061110012043e-03
7.659919368968637343e-01
7.736136919708542781e-01
-6.970538660533215011e-03
-6.131010999635211345e-01
8.561094970470377596e-01
-3.330310317170002143e-01
3.595179425960678965e-02
-2.741421132171312780e-01
7.736639928721873449e-01
7.380820223146673797e-02
4.571236951178945795e-01
2.514207068583750870e-01
1.347123779062520676e-01
-4.383644228010887822e-01
-1.451938299843819891e-01
8.671817676090748384e-01
2.102386057944375108e-01
-3.057969767072793443e-01
-8.415472500472854778e-01
3.713751446316367333e-01
-2.800369846168750121e-02
-1.494308685643788992e-01
9.351705212097287667e-01
4.441971444388850276e-01
-8.080916114712765053e-01
8.842523189734427524e-02
-7.569579232361038634e-02
4.632377768702423682e-01
1.107146504452968250e-01
6.883251414788650324e-01
-7.888446889244580262e-01
-8.588512279348682332e-01
2.101611390031247750e-01
2.538115230938788325e-01
9.983101382463731299e-02
-8.132037197715021870e-01
8.008202680319126410e-01
-6.885728778840980446e-01
1.715285946547015494e-01
5.820756782700566845e-01
3.322645112862950834e-01
-9.025797310884247499e-03
-9.222004463405586439e-02
7.628335532809618624e-02
-1.360716454325924529e-01
6.704310933809105588e-01
6.733823508806853209e-01
-2.557616157187074524e-02
-7.652035107325141916e-02
1.000000000000000000e+00
4.949598354903700370e-01
3.877597230856631022e-02
-2.878246435854717178e-01
8.154152842627020448e-01
2.880951108245763392e-01
6.858907978226113089e-01
-2.539027000241220744e-01
-5.775795180259575279e-01
7.007793117597332921e-01
2.135609181261107492e-01
-6.700718982889276587e-01
4.665172380489762682e-01
7.310909539544917513e-01
-5.089911295355522558e-01
-7.566892456040028581e-01
2.633145731803079870e-01
-8.890064381019312512e-01
3.135442557182539780e-02
6.253808686014343809e-01
5.385367121414170732e-01
9.667978911780729379e-02
-5.441542562381705972e-01
-7.068375609243571223e-01
-5.162235105425257986e-01
-6.553805176762451667e-01
7.132275271911787673e-01
5.872638102030325324e-01
-9.024725390862492480e-03
-9.179911386927930295e-01
4.752406585031132003e-01
-3.157328833625553388e-01
2.127864331259874536e-02
8.852674095131780607e-01
-8.058421839799088104e-01
-1.367999967285285501e-01
-1.565817276325406071e-01
4.447227393227427550e-01
5.484528583746102193e-01
-8.219199788093907444e-02
4.038293930917874475e-02
-7.172311373612967333e-01
-3.168126277771903809e-01
2.379439033582845739e-02
-7.381061634586795206e-01
5.839481814110061286e-01
4.715756475650650925e-01
-2.184820481716973906e-01
-5.808819309895274507e-01
-4.747220153236442752e-01
5.657505025693848610e-01
-4.146944939170295608e-01
-1.236047748047537226e-01
-3.102090665636725864e-01
3.149190300136016085e-01
4.874737907628138300e-01
4.787214765859342247e-01
-7.549394443169222813e-01
8.860716365395544525e-01
6.666390946511847604e-01
2.347988642446867114e-01
-9.084997118068568467e-01
-8.880344404174749240e-01
8.552629334866128641e-01
6.119226155427858610e-02
-4.632034680515932923e-01
1.965882970509128247e-01
-3.587526805308067779e-01
8.020600133905267937e-01
5.675005826872686621e-01
-7.278202283913501880e-01
-5.428068073635672341e-01
-7.033729241450020764e-01
1.827397809241726456e-02
-4.333190298004148053e-03
-4.665018850214928126e-01
-5.279883831515902459e-01
-5.435967611294364454e-01
-1.190746980925164178e-01
-2.359365846358237040e-01
-1.498022505259828663e-01
-4.506504443244297442e-01
-3.565796342031599675e-01
4.464937324196656121e-01
1.671244020416661202e-01
4.081238778260362077e-01
-1.417275684465856278e-01
-1.499257052777316045e-02
-4.127958133564999521e-01
-2.605203605025909752e-01
-5.152945967483619355e-02
2.396359418337940805e-01
9.062352927456339691e-01
-7.408963832872764721e-01
-3.384544079144453654e-01
-7.717161205426243953e-01
8.172457684185759907e-01
2.668808344368722718e-01
7.566621137531722718e-01
1.487893696194091397e-01
-3.871343330831342189e-01
2.314878667525374911e-01
-6.861601459432018491e-01
-6.375253693300905189e-01
-2.690726068560658768e-01
-4.885757347880989032e-01
6.639997189039514858e-01
-3.892102637463328851e-01
-1.862794457151593919e-01
1.558930056617072873e-02
-2.247871145502043921e-01
-4.972782458500970004e-01
-1.637595137500913456e-01
-7.084905546657143116e-01
9.331992559120094732e-02
4.273318307237173874e-01
-2.676689427064861126e-01
-6.563922738534276879e-01
5.882148748415838568e-01
5.739156733873344018e-01
-2.675389822721589428e-01
-3.028230610399557099e-02
8.322741822599658557e-01
-7.006371530733159769e-01
-8.012644794956949035e-01
-2.427637685940337853e-01
-2.079414875727716161e-01
6.646752669655140444e-01
-3.726892663285447105e-01
-6.537803554877221757e-01
-3.336332973596455032e-02
2.122079303867169531e-01
-5.499083819561966235e-01
4.347336800573670668e-01
-3.971394884830546923e-01
-4.402205108433198677e-01
-4.281215283247931103e-01
7.264942959095321839e-01
4.581922520891300588e-01
5.917876879926804445e-01
-8.118231015898720315e-01
-1.758729894917666903e-01
-7.663790387968262285e-01
-1.000000000000000000e+00
-4.537810732342259512e-01
9.471998970593481504e-02
2.645193086656137949e-01
7.929563461639445032e-01
-2.329612482670483098e-01
-3.392189619118102933e-02
-5.805154432633063966e-01
-7.097122432503446543e-01
-4.782453111872732032e-01
-4.948923076924400810e-01
-2.072404286474840984e-01
8.642023273031561592e-01
7.563592378896955015e-01
-7.352585901833463833e-01
-9.868824580506058153e-02
-2.415487355014803716e-01
4.641799873786588426e-01
-8.781123445545249151e-01
5.838608169548062943e-01
4.225151476804326900e-01
4.861176218552308304e-01
-8.274266623650584629e-01
3.789441531823149467e-01
-4.470936171620609745e-01
-1.747271039523458080e-01
-3.638685571732381829e-01
-3.133182072086406755e-01
6.812958600858990410e-01
7.708441486687154232e-01
-6.130962170080388185e-02
-8.610795326514926462e-02
-7.053675868361160006e-01
9.785529506069112760e-02
-2.851847426951547582e-01
3.507611919051092930e-01
6.819775701792003542e-01
6.337889590672446394e-02
7.698080133359949673e-02
6.917482144493983798e-01
5.013623653847610884e-01
6.426207925145396294e-01
-2.997205915265824805e-01
1.415845247897446479e-01
-4.662313813174159827e-01
-6.982263705107714102e-01
