5.185637968056705516e-01
5.481109801553966099e-01
-2.700943886719203157e-01
-9.036748665600960462e-02
-6.439393835912087249e-01
9.682175170557837385e-01
4.404262274195360760e-01
1.634457883138705769e-01
5.775124712229412483e-01
-6.218984493756547494e-01
9.421301292340136246e-01
7.710499214956748615e-01
2.161121094627475869e-01
-7.233912219751166550e-02
3.267321921125860285e-01
1.091355744436182523e-01
1.672269295037138448e-01
-1.160266202611125591e-01
-3.707805739847520599e-01
-9.627272172408425643e-02
9.914094248266293319e-02
1.586958221362675947e-01
-2.501303670676650187e-02
-4.750998744231721416e-01
-6.195514368539180028e-01
-7.445886726225107999e-02
-1.288825746955288565e-01
-2.228391606373677503e-01
1.307700464391841344e-01
-3.153332748826328524e-01
-1.009331999476811847e-01
-3.213687588554318963e-02
-7.841781415952116252e-02
1.473717907715341724e-01
1.309367776429615736e-02
2.523851309860378755e-01
-9.607042061460557836e-02
7.079155973327994067e-02
-7.586536163016281975e-01
1.537266286377294844e-01
3.620913317076673854e-01
-3.567304153346486095e-01
-8.495315493009869545e-01
4.108514676495534368e-01
-2.091693835284559877e-01
7.314527892968192280e-02
6.047832131764893648e-02
2.486704014448368194e-01
-1.712944160641400038e-01
-4.126996563498453452e-01
2.931982760048856274e-01
-1.703588664219948812e-01
-4.648622950776419294e-01
1.771111959994318974e-03
-4.918295370000378974e-01
9.288512231704412758e-02
-8.858730174384395195e-02
-2.860451476999533726e-01
1.020866537156549930e-02
-1.519681845746419235e-01
-1.652360482516808948e-01
1.797429199379978800e-03
1.611902239678185134e-01
3.957865502248550937e-01
3.862982784701700367e-02
6.510121128789390088e-01
-3.035673097273433041e-01
7.075127898749737909e-01
-1.949441459041120067e-02
-1.436363192596462612e-02
1.152666158807489766e-01
-1.173031597431080653e-01
9.343309399411768856e-01
3.676690854237589789e-01
-7.990355021011147363e-02
-1.353265634693854268e-02
2.589465564353715665e-01
-3.245898333899138732e-01
5.550490647508862785e-02
-1.625148151266525218e-02
2.343577909389883973e-01
-5.231474858342388679e-01
2.091391139184357040e-01
-3.541927306254961660e-01
-2.077916746361160028e-01
1.397189102043862874e-01
3.509046084478234517e-01
1.881948366462590783e-01
2.058943745102142370e-02
-1.837040379644899468e-01
-1.214665532600610331e-01
-3.941004847431786029e-01
4.952068645999657126e-01
4.925370848849514038e-02
4.286761240510756354e-01
1.621513123332584683e-01
6.314373995810246276e-01
-3.497972904261303917e-02
4.337930457110739102e-02
3.718231748902300904e-02
-3.949356139416705935e-01
-1.650786309395289031e-01
2.591863606064133130e-01
1.738990731530996037e-01
-1.714076178176876797e-01
-1.053819762770324964e-02
2.256100638453396034e-01
-2.517247580769542692e-01
2.801735253313453189e-01
-4.282718956029042956e-01
1.727353016147117060e-01
3.673835750440402337e-01
-5.334540364940620893e-01
-5.642044398840374564e-01
-2.816248018951998944e-01
-5.474973063663683970e-01
2.712384653067905771e-01
9.095937223573430375e-02
7.647789701591634071e-03
-1.785974800536861695e-02
3.383804655320106769e-01
1.882390723892346518e-02
-1.283941514948251372e-01
2.019618763989468047e-01
1.228722696324671682e-01
-3.022163872194393308e-01
-5.381504300561684717e-02
-4.207009045482210663e-01
-7.256939734642706141e-02
2.957062977845510421e-01
1.731687860258349643e-01
5.223186026318860087e-01
-2.110103755350420385e-01
-4.311325763969101610e-01
-1.265730050799447337e-01
2.497023168852574582e-02
-6.517217281401711804e-02
-3.291867513215893659e-01
-8.279201552948256548e-01
-2.310630685742988966e-01
-7.369852647544350432e-01
1.353186071830329296e-01
-8.787864461933830862e-02
9.841111926303260093e-02
-1.140537404226181772e-01
6.464297457302652372e-01
-1.504169617347592969e-01
2.123126819930272746e-01
-1.806211506881345019e-01
-2.525406200739808704e-01
1.567501900526879210e-01
5.319876453737804045e-01
-2.148056982696030792e-01
-7.436388898657786406e-01
2.212638138454427750e-01
7.780664812543122699e-02
-5.577087952429981010e-01
4.861036434383454036e-02
4.993905203512592067e-02
-6.821651351861253432e-02
1.219254149249878461e-01
4.093541777925125413e-01
-4.534815367959447174e-01
-1.171115177576544375e-01
-4.081081194257135114e-01
-2.447956073551500467e-01
-2.834699309818441981e-01
1.872844973996056761e-01
3.118516231687954443e-01
-3.175158506368582767e-01
2.489615688999342047e-01
3.408822380967351240e-01
3.496872280321586812e-01
-5.037552852060664388e-02
7.394905680688844685e-01
2.295947444654158620e-01
-5.352655534220270850e-01
1.865390073565414142e-01
-7.910495310363667709e-01
-6.638294149981939229e-01
-4.504420709976246218e-01
-3.381910358414995654e-01
6.509372420246436475e-01
4.916106916795296572e-02
-4.938408284185351604e-01
-3.487661147416092344e-01
-1.346135246387434037e-01
-4.409673585536898477e-01
-5.803915571682199959e-01
-7.021854533496979522e-01
4.296975760097327957e-01
4.773749056317848627e-01
-4.671277834430582754e-01
-9.033752161818839888e-01
8.028716433597654634e-01
4.607510196176457518e-01
-4.605557233524850691e-01
1.692446077166693819e-01
8.548196948418530505e-01
-6.486102213350364298e-01
-6.637644092317117606e-01
-1.644368109692280477e-02
-4.586801156275285285e-01
9.656800257121943565e-01
-3.101135663125899611e-01
-7.702513388251043258e-01
-5.273237452218098031e-01
2.322569379128939793e-01
-3.267844449064965517e-01
4.775216172411286264e-01
-4.281244868678679705e-01
-5.786285496601069056e-01
-4.893477138676936011e-01
1.000000000000000000e+00
6.422209764563951984e-01
4.511555324135864686e-01
-5.222458981459632277e-01
-2.312501619894552496e-02
-9.548143743950187057e-01
-8.146218764001561530e-01
-2.519091535778880120e-01
-5.856886770025721695e-02
2.756673530728136479e-01
1.000000000000000000e+00
-3.971724207369622950e-02
-1.302011649694152506e-01
-5.773126379247254247e-01
-1.000000000000000000e+00
-3.195110083141714519e-01
-2.289428899645381266e-01
-1.973440899768720835e-01
5.974345724455570883e-02
7.583883293542914572e-01
-3.848692994961417924e-01
1.385512199307455672e-01
6.094344929816660622e-02
1.205575200443000511e-01
-1.281170415197857015e-01
4.896689650403240890e-01
1.849200627462244118e-02
2.335605704070265465e-01
-2.199442677860998507e-01
-5.546709093633647725e-02
2.712888283957440305e-02
-3.791373436873279323e-01
-2.964726248611729842e-01
-4.779719502099397804e-02
4.714050847076772799e-01
3.642285841322289164e-01
2.018388753465003294e-01
-6.982516634486471419e-03
-7.518153634553066400e-01
1.565145415930981887e-01
-2.942700863002176703e-01
-1.180412188697951975e-01
-3.230075318425276176e-01
-1.910586519501522584e-01
-1.982902766719803200e-01
9.035206644460631598e-01
2.984322975481130125e-01
5.862276425961948645e-01
-2.713010220727306576e-01
4.914419046075592656e-01
-9.846545268689897989e-01
-7.735777651382290676e-01
