-2.821741724997882117e-01
1.890776046777535302e-01
-5.464734846893395948e-02
-1.297244142497732712e-02
-2.380757088029317181e-03
-4.197328149654309115e-01
3.595434519886880342e-01
-1.602918761977860651e-01
4.336428277937525722e-01
5.296411323936657256e-01
2.901812868625798791e-01
2.968188861958502844e-01
1.818125679305570008e-01
4.596630640787803257e-01
2.068645265022603652e-01
2.449998592678427067e-01
3.501961233669664830e-01
-7.578727709381036237e-02
4.878235756840761383e-01
-2.422909469774065516e-01
5.135417391020066225e-01
8.308297894460220379e-02
-1.369343043310263797e-01
4.949686710399122669e-01
7.976859807595021445e-03
-4.047859607529024073e-01
1.565761490672905876e-01
-1.419319983701268495e-01
-1.365165758823492018e-02
5.566413583662572773e-01
-4.721362549246417295e-01
-1.152617912557318824e-02
-6.038062006177000868e-02
5.498004879344338125e-01
-7.096719241167519510e-01
6.322917590307178259e-02
-1.750760314499816839e-01
3.764486644131913029e-01
-4.246755149754343761e-01
-3.666999509312593997e-01
-1.115383430176429963e-01
3.008625751455203390e-01
-5.321380569111547887e-01
4.439654203758167661e-01
2.389098746793327233e-01
-3.360970220493977312e-01
-1.053267393195840146e-01
-1.719672020448104188e-01
3.600049833810382571e-01
-5.250048260399086120e-01
1.286126943095150521e-01
7.026332518827924090e-02
-1.661170030757050942e-01
-5.751685321210656676e-01
-1.366587438070979710e-01
1.207829360754544973e-01
4.480434467158440903e-02
1.608962670891201097e-01
2.907246697475950048e-02
5.089885118726393820e-01
-4.491892187607728348e-01
-1.545298608233268700e-01
-2.806909444027237965e-01
1.643502861275436822e-01
-5.588837519029439538e-02
2.183792067385596780e-01
-4.428958237767398054e-01
-1.573197662254524065e-01
-5.444169975553846408e-01
3.376334607796754317e-01
-7.788027118697267437e-02
9.062762951978335924e-01
1.046292929628214741e-01
-2.408210839128380187e-01
3.638012258970937385e-01
2.759674760291406792e-01
-1.319662739065751711e-01
-2.950898997291827031e-01
3.633910811469437396e-01
-8.431646444097078141e-02
2.853093512503486195e-01
2.591432178741369108e-01
-4.468890721020449264e-02
-1.214625679102825095e-01
4.252384365787212350e-01
9.602317695363904448e-03
8.752196055964406307e-02
-2.054188229345865757e-01
-1.632047981863334885e-01
3.668579060408530546e-01
-6.435324463268389250e-01
-6.555765262649946301e-01
2.514481763892452149e-01
-1.680492023023866799e-01
6.404393381391404461e-02
-2.474977559545727679e-01
1.485955768863016224e-02
2.648057191744070948e-01
-2.017938539728706959e-01
-2.884404254722244820e-02
1.898977945014587720e-01
1.916650883987177645e-01
-1.092964493131592524e-01
2.894118385683477346e-01
1.203945765991664557e-01
-1.032876832244384174e-01
1.455698600487536909e-01
-2.710617304742653499e-01
-1.501819339492583422e-02
2.154041681180707268e-01
2.016167319875772079e-01
2.313281790610857147e-01
1.389258187236632192e-01
2.423720416464083399e-02
1.233613395354399705e-01
2.739544612527723411e-01
1.352838758797362748e-02
1.394703305360323331e-01
-3.175916943630073264e-01
1.178840610080934548e-01
-3.410476681543771482e-01
-8.700573607296340217e-01
-1.738177922121844354e-01
-5.487612609031761179e-01
-1.259099749384844646e-01
-2.454477543425385988e-01
-6.086684049558463983e-01
-9.358164718852354791e-02
5.887692263920579760e-01
1.364239705793940383e-03
4.420617062637410832e-01
3.850347732361825148e-01
7.216678543400918688e-02
-8.543055566394651412e-02
8.571824863006084760e-02
3.373934000936071320e-01
-2.347749779407198589e-01
4.142366319658120632e-01
-5.468067259856015244e-02
2.341233043618965448e-01
-2.082306244193868061e-01
-8.063587853420238483e-02
-1.634313504077619383e-01
3.053970128272663273e-02
3.572552580566387692e-02
-1.945753504514595722e-01
2.001548547813872259e-01
1.890307489054134371e-01
2.864715487577559339e-01
3.725483016106178602e-01
-2.687329635180607176e-02
-1.696209749013543877e-01
3.100277162268705866e-01
-5.512909697832519829e-01
1.188517399127305696e-01
1.039927875447619748e-01
-3.442310832660844255e-02
-1.515689590519265877e-02
3.448062270508942539e-01
3.699576107829335991e-01
4.832007236204313716e-01
3.741770677631889135e-03
-2.377509551058004933e-01
3.060867026062041307e-01
2.534554567013618254e-01
-6.182103885763515772e-01
-1.453773831178686859e-01
3.890769510157060518e-02
3.379541950983759868e-01
-1.760523936608562878e-01
-3.004111833828412292e-01
4.348602850791110086e-01
-9.921064285768392554e-02
-1.294777031025850234e-01
-2.587866935440553684e-01
-4.723785187786130879e-01
4.166992895703455768e-01
8.466207081708294613e-01
1.528671319360579983e-01
-2.225868890843668568e-02
7.014131653737869232e-02
-1.659638477698952841e-01
-8.179599241243371011e-02
-4.099869773309220422e-01
-2.000998920705604756e-01
2.298605310166820792e-01
-6.263634713366913465e-01
-2.986396025891094319e-01
3.210380597439860262e-01
-4.112215608145363688e-01
2.842519534989813579e-01
-3.771052164492293968e-01
-2.815205876166470000e-01
-3.439047402428772049e-01
-3.845076365947133201e-01
5.801380092396869470e-01
4.332482268887289933e-01
5.253222591167967526e-01
-2.108928760937714419e-01
2.890955476238361022e-01
-4.074253385664092786e-01
-2.120847294268166650e-01
1.843330853706308670e-01
-4.031714913663556610e-01
5.481531913215942353e-01
-4.312162932424308537e-02
2.269297339851782114e-03
-4.553521292479584953e-02
6.870713828538486112e-01
4.704725349897569409e-01
-8.199377716508007841e-02
9.864755640858956232e-02
2.437026664636766926e-01
-1.006560885827453844e-01
-3.722235472721413529e-02
-9.527747220084675783e-03
-5.768759136095423512e-02
-3.173077239027453089e-01
-1.164282530950226102e-01
-1.216106583553191456e-01
2.255826636916373751e-01
-3.685687259784818370e-01
2.126211283646263495e-01
5.389500151813924056e-01
-1.336610840428931191e-01
2.229508078736301968e-01
-1.347476579082952930e-01
-3.685472982195696079e-01
2.658288308736226901e-01
-3.196748551393580606e-01
-5.278714851304790179e-02
1.639273565912928166e-01
2.272537343947058086e-01
-7.284528295823736177e-02
-3.391113719785557867e-01
-4.192101005605254893e-01
-4.723125073029871834e-01
1.679699271772278624e-01
3.354017852240536168e-01
-7.379190944475936265e-01
-4.852222203842775361e-01
-2.186266237468082740e-01
-5.973481291184346009e-01
3.377399973224068930e-01
1.014312783612646290e-01
4.745495486233748395e-01
-5.400509454933021258e-01
1.717682242904213230e-01
1.313122951464081589e-01
3.936505680883926050e-01
-1.928731202477874662e-01
-5.478021468461378995e-02
-1.897221326074264858e-01
-5.361828431753203894e-01
-1.196489726753397903e-01
-8.641307008952013591e-02
2.895615033526746651e-01
-2.472102393278253207e-01
2.963868991186690560e-01
5.481096834035198428e-02
-2.364120847455042362e-01
4.182535553165658282e-01
9.148713066979360931e-02
5.094390546315905599e-01
3.664318683980506003e-02
