7.406248779648967329e-01
-4.973044476919066259e-01
3.877558201389941228e-01
-3.139991077940886832e-01
-7.631672784135450360e-01
2.173846827865915099e-01
-8.311035711109486801e-01
-6.278147905822921704e-01
-1.048890941482043537e-01
9.119266050008065783e-01
-1.000000000000000000e+00
3.038725659797614220e-01
6.662460945780193100e-01
-1.123844404359530813e-02
5.277434468520914024e-01
-3.729952970483263464e-01
-2.365551554712121973e-01
-5.084928981087124544e-01
4.996393701601253845e-01
3.203633613454586193e-01
-3.350349937404184519e-01
6.815282628250376451e-01
-3.457044493614432890e-01
2.176936754310943023e-01
-7.004479383720700891e-01
-7.051388309584760705e-02
3.404136174148384431e-01
-8.045432187775076738e-01
-4.147309313948033260e-01
-7.960831922629894031e-01
4.476008785798551437e-01
-5.684007830013901863e-01
-6.014290792983792988e-01
-5.501515780926835575e-02
-9.620578437620603829e-01
-5.839924271040588533e-01
-2.852472264341294750e-01
-9.521082252391259715e-01
3.965248946604462699e-01
4.466319825306900859e-01
-1.176418905286582550e-01
4.092458531861262738e-01
-3.691529995856501767e-01
-3.985451533710537841e-01
8.418221237071570329e-01
1.443721291858492406e-01
-6.434934216735754831e-01
7.777461636558751223e-01
-9.106091784495418118e-02
3.907426449213624586e-01
-8.472733787715869269e-02
-3.112965239056948441e-01
-9.660003794054923265e-01
5.519580204919374289e-01
-4.833623217097862690e-01
-6.654694569294611339e-02
9.690689127418394833e-02
8.559378381798219415e-01
2.874183537104808561e-01
8.493499977683891533e-01
6.913461819936154162e-01
4.665876540839042907e-01
9.911364867286047708e-01
-8.741489611027741802e-02
-3.132317483122650792e-01
2.763664292903750958e-02
-6.619066703941256513e-02
-7.612188055737955095e-01
-4.736848053548778914e-01
-7.460096466064216614e-01
-8.544296457759947838e-01
7.956116615659287739e-01
6.659843260732223325e-01
-8.184211154341967109e-01
8.429949588969345431e-01
-7.698955167036503067e-01
-5.131842552376109090e-01
-2.509850743681942831e-01
-3.468127904463242928e-01
-5.229316792294473604e-02
3.464437591727287380e-01
-4.651747653841671326e-01
2.253154513327060293e-02
9.319728532171751567e-01
-2.064096588642774233e-01
-5.102240547702974194e-01
-7.297235220747733120e-01
5.008787104147682800e-01
-9.878644066506601096e-01
-8.420823875296536976e-01
-8.704529436530024089e-01
3.796388014048703852e-01
9.365579393422933663e-01
-8.152462760706127298e-01
7.674494026022211646e-01
5.288160364125027435e-02
-6.477353509234409223e-01
2.697780449933899760e-01
-3.919012336661609197e-01
9.024914922179785304e-01
-2.228397900189562630e-01
-7.556905619755698300e-01
-7.222848793691378777e-01
-1.718989710656717573e-01
9.543250680828996302e-01
-8.333660414519974413e-01
4.693565352943099289e-01
-1.771302605337823632e-01
-2.890535454199305021e-01
1.987399602673088905e-01
-4.678163392220940908e-01
1.468022450744677909e-01
-5.496038416985427055e-01
-8.877516602921010636e-01
-4.280960922498376897e-01
1.968132299832877630e-01
7.468757000647082700e-01
6.875539606831977402e-01
-5.147393618309583641e-01
-6.285572388279906386e-01
-6.591739766167026282e-01
-4.620733740292241598e-01
5.585987702664495513e-01
-5.268195697257422871e-01
-1.587956184326064224e-01
-1.635430140188915138e-01
4.048924154586655555e-01
2.737344086008572375e-02
-2.821823982827030564e-02
-1.087709403249212808e-01
-4.625537255131695891e-01
-2.611666514949771978e-01
-3.342223875648354658e-01
2.446405629702404216e-01
2.927351766278974976e-01
-1.196752344989644862e-01
3.506576912409840874e-02
5.984200027958300194e-02
1.963923039618992172e-01
-2.278696101823925180e-01
-2.462038704601886563e-01
-9.755592345454910941e-02
-1.821636463323045851e-01
-3.612472161477179866e-01
2.215465424421887153e-01
-3.093350325134558432e-01
-5.458699763391022808e-01
1.002513553636741328e-02
-5.761542335678843108e-02
1.929789322048532652e-01
-4.973625991267950353e-01
-8.051497944314672806e-03
4.703740695795488036e-01
-6.293087900487409625e-02
3.162151790719431865e-01
1.036178468137703562e-01
-4.252756492827052814e-01
-4.975015018112994430e-02
1.877208875093993312e-01
1.427820595407344739e-01
6.402551641153572115e-01
-2.424309575764281854e-01
-1.891583060940449368e-01
-7.549771556911250014e-01
-3.329521918274745973e-01
4.063366247740152204e-01
-3.493979851867384800e-01
-1.527935184109982802e-01
5.099941060116481434e-02
2.929773557164953579e-01
3.858186020429372198e-01
2.361319476988872901e-01
3.203809448483562194e-01
-1.320212122961754719e-01
-4.809313199061482358e-01
-4.824188697163254297e-02
9.203868532848076267e-01
-5.280099224532818214e-01
7.410324473480328633e-02
1.324417346233484893e-01
-4.847275118347043610e-01
-2.488488710529244141e-01
-7.332366540027009938e-01
-2.847402805802040637e-01
-4.970341154321080562e-02
-7.723344485730376796e-02
7.877733667084051150e-02
1.653441455260077075e-01
-6.104134011416354477e-01
-9.354261995144774744e-02
8.875625795264809048e-02
-3.499530490879813049e-01
-1.466919078563955758e-01
-2.441176464673059376e-01
-6.961672132720321537e-02
4.655388485426235901e-02
-2.500466094584491428e-01
-1.987016144334730894e-01
6.258152023161864808e-01
-3.995989669339495842e-01
-3.016844829833116859e-01
-1.218196924596385566e-01
3.428686909714780962e-01
-1.607479400463971975e-01
-2.063237224880923593e-01
3.635699594336857521e-01
-7.816386954378123919e-01
2.697728590030037399e-01
4.770581816060102121e-01
-2.186017269507076477e-01
-1.720022133732730663e-01
-4.453529664492191786e-01
5.921176475453809873e-01
5.181869320861113293e-01
-1.100202734919591141e-01
3.291236664997685551e-02
2.089769863824201268e-01
2.067269874236838112e-01
5.265097137634497937e-01
-4.053757157468641098e-02
-5.118052713015259769e-01
4.520303405432387622e-01
7.652419662571577907e-01
8.664997654399316795e-01
-7.513494264672972989e-01
-1.007140743013346523e-01
-8.757513931183623646e-01
-2.189751243642142353e-01
1.023410042829746291e-01
8.276613347639339979e-01
6.606397286067642316e-01
-7.790938869686795387e-01
4.605243632269342968e-02
5.235700685695866552e-01
9.266566042869360809e-01
-3.509941448409535647e-02
8.861648045246825478e-02
7.796634187631625856e-01
-4.214288802092918673e-01
-6.339227191645316895e-01
1.930347011047728878e-01
2.081480155303863655e-02
3.044774436635024895e-01
5.899446314008862657e-01
5.288580961140034731e-01
-3.358632987219130617e-01
1.130699522060912843e-02
4.890306969836942241e-01
-2.993267859886403759e-01
5.626606814030781223e-01
3.741179866436122881e-02
-8.045022465686484381e-01
7.584620818768443851e-01
-3.455023623178880010e-01
5.999276769450857527e-01
-1.237293745363596403e-01
-7.677383351247689391e-02
-4.140405712155775797e-01
-7.915389851024124956e-01
5.399960257530066476e-01
4.687667899310719866e-02
-3.688494111023632449e-01
5.245247505129493337e-01
-2.337190170872827377e-01
-3.984379669307319127e-01
