1.965889614763956933e-03
2.909822974279547766e-02
5.142858348135208590e-01
5.692191606361225453e-01
2.842551737340328621e-01
-4.573180667683255929e-01
8.725549031665300048e-02
5.593193308904682581e-01
-1.699502762572011605e-01
1.139814097696582179e-01
2.516174243334001193e-01
4.055932941461544150e-01
-1.162038582599020653e-01
4.907041766630395596e-01
6.874795640566143395e-02
-1.581484432414316244e-01
-1.162649005067940833e-01
7.294290392952611501e-01
-1.278037217936034073e-02
5.348257861087271636e-02
2.375497290399036232e-01
3.702777612331702994e-01
-1.565261894239536877e-01
1.103502059439477601e-01
-6.101239411823791148e-01
3.225215464182986103e-01
-3.783153340708858559e-01
8.085160479861794869e-01
1.837758018747177591e-01
-1.763747777517583604e-01
-4.712707132771597474e-01
4.950211583550677696e-01
-4.166383847365476845e-01
-4.755800950455393306e-01
-5.656729405195812799e-01
-1.071707234541554796e-02
1.327860625653557447e-01
-1.489397250417232033e-02
2.587772398956659781e-01
-1.226934759459326618e-01
-1.434341290827840509e-01
2.515811271018270623e-01
1.735022150714618794e-01
-6.368028996030596078e-02
-1.752468311545283264e-01
-2.791732413459736550e-01
-1.388639869334506727e-01
-4.304241160078714490e-01
-2.344247379981804491e-01
1.387173080293287453e-01
8.872508758385140581e-03
-2.796051864496544859e-01
5.871583559792653562e-01
-3.577539829226674684e-01
-6.888783664530076511e-02
-4.423822528848484481e-01
5.610377911416306596e-01
-4.774735712466035564e-01
7.875022378633241837e-01
8.194247134027843327e-02
-2.946881477902164592e-01
-1.333633513174545260e-01
4.777212924950970940e-01
1.824172900181243728e-01
1.000393415402423269e-01
2.007533042906384790e-01
6.204513895591498573e-03
7.407771849986652390e-02
-3.236556319590130348e-01
-3.457032367453068966e-01
-1.917141509065883598e-01
1.238704822165693498e-01
3.176658293993938065e-01
1.443770210462154424e-02
1.325037774212716457e-01
3.064019240063730054e-01
-4.365283203665001333e-01
2.386032041724379660e-01
-2.955522010693076643e-02
4.227488490524404785e-01
-4.624628988029074184e-01
-3.736840766034369432e-01
4.221038791540685509e-01
3.053013740305304813e-01
1.323449434452808604e-02
-5.415473617986742427e-01
4.718676515586014419e-01
4.035616838987052257e-03
-3.867828616038196388e-01
6.160068838025707649e-02
-1.777468021987458346e-01
4.014908572505929835e-02
9.696373602272088110e-01
-1.749189931347228111e-01
-4.355569044697024661e-01
-2.783024837917619232e-01
3.902320387004029612e-01
-4.136469462055831769e-01
-9.324073379544314810e-02
-3.255418361883523626e-01
-3.663698293340235113e-01
-4.226900285320485118e-01
4.420690528809864683e-01
3.740771430386718999e-01
5.938860303695382703e-02
-2.749487271863746418e-01
-4.012971284505152392e-01
-4.205132732764654824e-02
-3.922900217380215770e-01
4.558274936863441207e-01
-1.185583723012365309e-01
-1.231062384098346035e-01
-1.320844549850717919e-01
1.543503422375294420e-01
1.864725278677688558e-01
-2.990623153909689469e-01
3.099695845148177087e-01
-6.126331219725286714e-02
-2.303673172317396434e-01
1.174753658118204702e-01
-1.935871940483557818e-01
-1.796774476760424344e-01
-4.617650620689086605e-01
1.063712817552108780e-01
-8.398331173560231733e-01
5.420166280548239790e-01
5.479402213463532290e-01
-7.216239442646765756e-01
7.919444805101538698e-01
-1.387216182713078144e-02
9.945118216311513160e-02
-5.077398331899267703e-01
-4.553229036054288748e-01
3.879933784358144955e-01
-2.917708386012780597e-01
1.644984918975095356e-01
1.243524636469029443e-01
-6.703181474904262860e-02
-6.153267237317960880e-01
-1.029997411695125487e-01
-2.557640241016455596e-01
5.035950691149563285e-01
2.655200600834983771e-02
-3.733230113173242048e-01
3.745311117438488435e-01
2.918667764419465294e-01
8.939908252689013346e-02
-3.123408263745227065e-01
-6.489609135256323158e-02
9.371365448581228663e-02
-4.763640304173822893e-01
-6.911283855858697811e-02
6.869633969925820205e-03
3.606035871080610078e-01
-7.556443659308589300e-01
-5.046482443279518559e-01
-2.731316535105773324e-01
4.797448470546589877e-02
-1.988522548980714011e-01
-1.948223262198603423e-01
-3.234638339145495811e-02
-6.994480913530189969e-01
-2.129211159999163938e-01
4.955509663219370697e-01
-4.530991475431909998e-02
4.296011028469237658e-01
-2.768589564203895459e-01
1.798495000641496810e-01
-2.057057959372969869e-01
-1.096153765617359915e-01
1.793285862005361553e-01
3.606402059131167404e-01
-7.282813002570655281e-02
-5.902948610487810388e-01
-4.279899478222382037e-01
5.627652059116110550e-01
5.662979489734942806e-02
-5.844244785882769522e-01
-1.307832503110054612e-01
1.499645270256386997e-01
-4.575652344963100360e-01
-2.997744209292147466e-01
1.100560265149762816e-02
-1.661432632737208648e-02
-1.075573507086692165e-01
-3.306880410076775134e-01
3.275033311113594303e-01
7.674019848025485924e-02
2.130434697432120605e-01
7.445696059898803121e-01
-3.715809996203093823e-01
-9.530128229592885192e-02
5.519551338790100736e-01
4.694010736960254615e-01
2.045968473755936379e-01
-4.481607401441070060e-01
2.321806214450269357e-01
-3.104626745358508022e-01
3.073687056403016093e-01
-3.634820935265908881e-01
4.512053764011980661e-03
3.473744191966575134e-01
-3.414095926137327708e-01
3.088953624939626552e-01
7.160955894800058452e-02
2.701366103836433386e-01
6.497676147529443669e-02
1.374637910734741175e-01
-6.003474039528500228e-03
1.660843881711750181e-01
-2.846954409156872146e-01
-1.819553751240812756e-02
-1.588014468950604829e-01
3.678395262766050444e-01
6.019294364077377307e-02
-2.951721055978596686e-01
-7.229987011149319187e-02
2.663072983843787767e-01
-1.754174412992690335e-01
-1.378751225058517105e-01
-2.528681559664459622e-01
-3.681042658247357657e-02
2.077305783167013864e-01
3.141407066599211095e-01
-6.770361233536650869e-02
2.070495025391076438e-01
-9.190826486971684361e-02
2.787062958183112449e-01
-4.275889608291317812e-01
-2.548223676743727184e-01
-6.801218490368755587e-01
5.992496010951203766e-02
-3.055660313288044438e-01
2.392591478918854875e-01
-2.514076406919624196e-01
-3.915229555684706653e-01
1.232172356319090334e-01
9.421251046907024029e-02
-2.686543161652882317e-01
-6.320439143185891950e-01
3.095618641215892031e-01
1.788923379235940192e-01
-4.934684136501846230e-03
-1.075605948000986356e-01
-2.700597425984682110e-01
-5.374848828842063719e-01
-9.787513178667725522e-02
6.209830693817025571e-01
1.902692441291604919e-01
-2.414489039929360592e-01
5.786632714741223038e-02
-8.484592008189950629e-02
-3.879611232811074895e-01
-1.742856314527246597e-01
2.907247680062261530e-01
4.486101797776060329e-01
3.901159684260800953e-01
-2.300198665144017052e-01
1.190901332076230446e-01
3.009203394122840769e-01
6.938190851566016226e-01
-1.150247957985000846e-01
3.327890853654260628e-01
-2.740860865383935030e-01
-4.807820927678633782e-01
